date,hour,type,北京,天津,石家庄,唐山,秦皇岛,邯郸,保定,张家口,承德,廊坊,沧州,衡水,邢台,太原,呼和浩特,沈阳,大连,长春,哈尔滨,上海,南京,苏州,南通,连云港,徐州,扬州,无锡,常州,镇江,泰州,淮安,盐城,宿迁,杭州,宁波,温州,绍兴,湖州,嘉兴,台州,舟山,金华,衢州,丽水,合肥,福州,厦门,南昌,济南,青岛,郑州,武汉,长沙,广州,深圳,珠海,佛山,中山,江门,东莞,惠州,肇庆,南宁,海口,重庆,成都,贵阳,昆明,拉萨,西安,兰州,西宁,银川,乌鲁木齐,湘潭,株洲,包头,鄂尔多斯,营口,盘锦,泉州,莱芜,临沂,德州,聊城,滨州,淄博,枣庄,烟台,潍坊,济宁,泰安,日照,威海,东营,韶关,汕头,湛江,茂名,梅州,汕尾,阳江,清远,潮州,云浮,玉溪,菏泽,大同,长治,临汾,阳泉,赤峰,鞍山,抚顺,本溪,锦州,吉林,齐齐哈尔,牡丹江,大庆,芜湖,马鞍山,九江,洛阳,安阳,开封,焦作,平顶山,三门峡,宜昌,荆州,岳阳,常德,张家界,桂林,北海,柳州,三亚,绵阳,宜宾,攀枝花,泸州,自贡,德阳,南充,遵义,曲靖,咸阳,铜川,延安,宝鸡,渭南,金昌,嘉峪关,石嘴山,克拉玛依,库尔勒,寿光,章丘,即墨,胶南,胶州,莱西,平度,蓬莱,招远,莱州,荣成,文登,乳山,吴江,昆山,常熟,张家港,太仓,句容,江阴,宜兴,金坛,溧阳,海门,临安,富阳,义乌,诸暨,瓦房店,信阳,周口,漳州,晋城,朔州,晋中,运城,忻州,吕梁,乌海,通辽,呼伦贝尔,巴彦淖尔,乌兰察布,兴安盟,锡林郭勒盟,阿拉善盟,阜新,铁岭,四平,辽源,通化,白山,松原,白城,延边州,鸡西,鹤岗,双鸭山,伊春,佳木斯,七台河,黑河,绥化,大兴安岭地区,蚌埠,淮南,淮北,铜陵,安庆,黄山,滁州,阜阳,宿州,六安,亳州,池州,宣城,莆田,三明,南平,龙岩,宁德,景德镇,萍乡,新余,鹰潭,赣州,吉安,宜春,抚州,上饶,鹤壁,新乡,濮阳,许昌,漯河,南阳,商丘,驻马店,黄石,十堰,鄂州,荆门,孝感,黄冈,咸宁,随州,恩施州,衡阳,邵阳,益阳,郴州,永州,怀化,娄底,湘西州,梧州,防城港,钦州,贵港,玉林,百色,贺州,河池,来宾,崇左,广元,遂宁,内江,乐山,眉山,广安,达州,雅安,巴中,资阳,阿坝州,甘孜州,凉山州,六盘水,安顺,铜仁地区,毕节,黔西南州,黔东南州,黔南州,保山,昭通,丽江,临沧,楚雄州,红河州,文山州,西双版纳州,大理州,德宏州,怒江州,迪庆州,昌都地区,山南地区,日喀则地区,那曲地区,阿里地区,林芝地区,汉中,榆林,安康,商洛,白银,天水,武威,张掖,平凉,酒泉,庆阳,定西,陇南,临夏州,甘南州,海东地区,海北州,黄南州,海南州,果洛州,玉树州,海西州,吴忠,中卫,固原,吐鲁番地区,哈密地区,昌吉州,博州,阿克苏地区,喀什地区,和田地区,伊犁哈萨克州,塔城地区,阿勒泰地区,石河子,五家渠,克州,普洱,襄阳,葫芦岛,河源,揭阳,辽阳,朝阳,丹东
20150124,0,AQI,299,301,303,297,218,397,500,52,92,348,304,295,295,104,114,94,191,188,222,120,225,124,139,196,193,209,179,241,231,233,245,99,196,193,149,181,228,224,157,189,76,192,125,161,170,116,98,150,193,135,200,136,149,105,82,72,80,65,100,87,68,81,92,46,144,219,116,62,65,160,106,128,75,219,130,135,185,73,157,137,86,214,264,328,227,240,199,229,128,207,149,215,203,88,240,82,94,76,71,83,79,86,115,125,64,27,238,105,148,278,156,37,160,127,185,65,174,196,185,120,210,241,88,206,326,208,181,175,223,277,208,126,150,196,145,71,142,65,217,248,88,175,204,191,182,154,43,182,174,127,186,156,85,119,143,66,143,291,186,138,237,131,165,163,137,132,137,85,78,104,120,113,165,229,141,297,204,179,192,219,98,181,168,168,,186,193,208,80,139,216,128,160,265,113,74,61,84,141,81,168,44,97,30,59,128,106,66,93,206,235,93,93,91,216,72,93,153,150,55,143,116,108,202,96,98,,185,206,207,113,133,74,189,111,67,94,91,103,119,160,89,108,100,111,85,109,98,153,184,164,122,139,218,160,137,110,117,113,198,146,128,117,203,283,92,278,127,78,178,170,179,158,137,55,55,89,86,128,126,113,97,117,111,136,167,240,291,158,223,182,191,141,36,,73,114,67,120,157,115,61,71,68,83,42,61,40,77,96,89,49,72,53,27,257,,42,229,40,41,236,122,158,86,296,116,72,197,179,156,120,153,121,354,156,164,51,98,81,76,42,99,114,104,191,170,82,177,65,94,174,119,56,56,32,100,135,81,79,224,138,99,117,165,43,144
20150124,0,PM2.5,248,249,252,246,167,330,528,24,68,297,253,244,244,77,85,70,143,141,171,90,174,93,106,147,145,158,135,190,180,182,194,74,147,145,114,136,177,173,119,142,55,144,94,122,128,87,73,110,145,102,150,103,114,78,51,52,58,46,75,64,39,59,68,22,110,168,87,24,46,121,60,97,48,168,98,102,139,40,119,104,63,163,213,277,176,189,149,178,97,156,114,164,152,65,189,56,70,37,51,57,50,63,86,94,45,16,187,78,113,227,118,19,121,96,139,34,131,147,139,90,159,190,59,155,275,157,136,132,172,226,157,93,115,147,103,45,108,24,166,197,60,132,153,143,137,117,12,137,131,96,140,118,34,35,109,47,109,240,140,105,186,99,125,123,104,100,104,62,57,77,90,84,125,178,107,246,153,135,144,168,73,136,127,127,,140,145,157,58,106,165,97,121,214,84,47,36,51,107,51,127,24,37,13,40,97,79,47,69,155,184,69,43,67,165,45,69,116,115,32,109,87,80,151,71,73,,139,155,156,84,101,53,142,83,47,70,63,76,89,121,66,80,75,83,62,81,73,116,138,124,92,106,167,121,104,82,88,84,148,111,97,88,152,232,65,219,96,51,134,128,135,120,100,31,31,66,63,97,95,84,72,88,83,103,126,189,240,120,172,137,143,107,19,,52,85,48,87,119,86,43,34,36,46,8,35,27,56,71,54,29,21,7,13,206,,7,178,20,9,185,91,120,63,61,87,25,86,135,95,90,116,91,303,118,124,28,73,49,55,8,56,85,77,143,128,58,133,46,60,131,45,39,38,17,75,102,44,46,173,81,74,88,125,13,110
20150124,0,PM2.5_24h,207,152,164,147,142,166,282,34,100,177,126,149,186,101,69,173,82,130,169,109,126,143,146,101,105,116,154,174,135,157,122,124,107,143,133,127,145,180,127,138,63,136,93,76,118,78,66,72,95,77,149,88,96,64,49,50,57,39,55,74,40,62,86,46,132,202,92,18,34,97,87,105,71,106,91,90,89,29,101,132,60,132,182,162,135,139,109,135,79,113,113,121,113,59,133,52,71,37,48,58,59,46,75,79,57,23,128,71,98,163,88,50,100,104,113,94,109,138,143,111,128,138,53,120,156,126,136,119,112,133,122,84,89,94,116,62,113,60,124,160,53,194,181,117,120,105,17,115,104,80,82,90,37,37,76,35,86,133,88,84,108,70,126,93,77,96,91,70,67,85,126,122,140,168,133,144,160,132,131,152,114,139,128,135,,108,89,120,63,107,100,127,84,157,56,77,110,67,84,51,107,19,39,64,99,89,129,119,91,125,149,81,30,118,137,43,117,137,94,43,114,78,75,112,88,59,,91,132,112,66,98,43,108,75,55,60,55,80,69,106,55,70,68,64,57,59,59,89,108,85,76,79,114,101,76,72,79,83,120,93,73,72,121,146,108,164,87,67,124,104,107,90,86,85,76,90,80,111,81,97,109,119,69,101,125,174,205,140,150,112,101,108,15,,43,89,45,66,119,82,61,38,52,66,12,30,18,51,61,38,33,23,35,19,54,,40,61,18,7,140,61,88,64,84,98,58,73,102,61,83,98,88,304,115,101,17,46,46,44,29,31,99,74,80,129,55,93,33,44,134,71,66,31,11,88,75,49,24,135,134,57,74,101,76,85
20150124,0,PM10,283,420,372,323,284,496,795,52,120,377,367,384,371,126,169,109,185,212,170,93,240,91,140,186,209,261,169,232,211,242,250,105,223,175,146,201,254,,151,199,73,181,143,143,181,113,104,247,262,135,218,148,146,108,111,69,85,64,90,96,77,98,99,45,160,267,109,71,73,251,159,195,98,236,170,159,270,94,151,155,78,182,297,328,242,241,253,246,110,232,189,232,212,90,242,111,93,71,77,114,74,87,159,124,67,26,290,156,163,276,256,36,164,156,172,77,170,178,179,109,223,229,124,254,405,233,250,231,219,330,250,200,157,231,237,70,144,49,233,277,124,181,171,226,183,155,29,245,170,164,200,185,117,186,221,79,150,296,221,142,230,112,159,153,114,130,149,83,68,85,119,142,162,231,148,,189,151,168,222,85,229,249,202,,168,246,238,77,180,227,174,186,317,135,95,69,115,167,109,157,43,141,29,66,147,106,66,89,188,244,85,133,115,225,92,99,102,163,57,147,111,154,172,104,101,,206,209,165,127,105,68,144,104,82,95,130,91,175,212,113,119,130,144,99,143,113,145,231,183,143,163,335,173,141,136,122,137,221,206,154,139,222,329,132,403,146,104,200,247,259,194,222,57,58,112,99,125,150,110,103,105,165,155,157,238,318,185,222,247,234,182,35,,93,111,80,187,154,,59,55,84,113,41,70,39,72,80,126,24,92,53,11,339,,6,278,26,22,201,191,151,86,416,118,91,342,195,260,117,148,116,402,217,148,50,140,110,80,24,146,141,102,132,203,112,190,61,135,247,186,51,47,25,97,216,109,105,218,223,131,,172,42,146
20150124,0,PM10_24h,239,244,267,215,257,263,395,82,178,238,208,248,280,156,144,226,109,167,208,122,184,153,187,134,155,196,199,215,187,200,177,160,171,181,174,190,205,188,161,194,86,165,136,107,151,110,98,153,170,113,243,133,138,97,99,96,92,63,77,110,85,107,123,66,209,328,123,46,66,198,154,174,145,165,145,147,183,76,134,177,85,170,249,226,189,186,182,191,97,182,186,177,160,86,177,94,111,65,75,98,90,74,113,120,88,51,197,136,148,199,174,113,136,168,143,143,140,167,193,136,173,164,113,199,235,176,234,202,168,210,198,175,128,156,178,86,153,90,182,235,113,244,226,189,169,154,39,195,154,135,128,145,95,161,175,67,113,177,145,133,137,88,155,115,86,130,139,102,78,107,163,167,172,223,169,138,211,161,156,233,144,212,230,203,,118,142,150,88,172,179,191,133,263,89,163,152,97,152,109,134,61,96,154,124,130,160,193,123,181,177,96,94,177,194,79,168,153,138,73,151,96,112,142,121,88,,147,161,127,99,110,55,128,100,96,89,109,119,132,173,105,111,111,100,91,99,92,143,184,129,124,122,223,138,135,129,123,129,217,160,108,120,192,203,181,274,132,138,166,211,188,149,139,117,114,128,113,168,129,125,158,147,133,172,172,230,278,234,201,203,165,182,28,,78,115,74,138,156,117,80,57,88,128,27,54,44,79,84,75,38,76,37,43,103,,44,109,20,38,177,116,135,111,234,143,99,197,154,157,147,137,124,359,199,159,43,95,87,120,51,83,165,124,118,163,107,138,44,108,244,230,86,48,17,120,113,130,48,193,228,97,89,156,128,118
20150124,0,SO2,64,90,172,105,113,257,259,35,47,89,138,104,181,146,110,77,91,86,136,17,37,17,29,48,50,42,32,53,33,49,22,17,24,18,19,20,40,32,27,12,8,47,26,17,43,8,17,30,127,27,38,58,41,29,8,11,23,10,18,16,10,42,15,3,24,32,18,39,14,81,26,41,108,35,55,39,143,47,50,59,13,127,52,86,55,125,172,83,39,73,90,75,38,18,92,24,14,6,7,17,11,3,30,14,10,19,74,89,70,460,108,49,105,90,122,85,55,71,43,29,22,25,37,143,204,33,123,115,89,40,36,37,59,23,25,4,23,1,21,34,32,27,16,16,7,32,15,101,116,103,49,58,136,21,241,6,18,67,125,89,37,47,42,32,32,16,19,11,17,26,12,47,13,65,25,44,30,31,24,31,14,19,18,38,,225,40,50,23,104,235,161,45,142,158,32,5,20,101,57,12,37,42,28,20,43,27,31,14,32,58,37,47,12,32,21,13,20,46,55,39,40,33,16,52,15,,15,48,62,18,46,12,35,9,29,23,28,8,15,65,106,61,90,48,76,54,190,103,136,65,35,60,53,43,35,60,46,80,96,45,32,18,71,44,29,118,85,28,179,70,56,13,31,9,9,17,196,15,20,14,22,4,65,14,21,42,32,28,77,13,12,46,4,,25,12,42,18,23,5,5,6,24,112,6,10,24,12,8,15,7,5,2,13,18,,6,74,37,3,23,52,80,18,56,62,26,28,53,10,113,53,21,112,79,40,16,34,20,36,28,15,29,34,40,109,17,20,23,34,76,55,25,18,32,19,37,11,4,37,120,27,24,70,22,67
20150124,0,SO2_24h,64,90,191,98,139,141,164,60,95,102,102,74,181,247,134,243,98,93,187,24,34,28,46,32,47,39,40,55,32,46,24,32,36,33,27,32,57,33,36,19,9,51,45,27,38,12,14,35,78,33,76,58,42,31,10,13,30,10,22,26,13,37,16,5,38,35,40,27,15,71,55,73,138,33,57,45,96,44,74,67,12,142,75,85,51,140,123,43,40,75,93,76,31,31,99,41,25,7,10,15,15,5,36,21,14,27,73,92,100,453,124,71,126,120,129,148,49,78,64,51,28,27,65,104,112,38,132,79,111,41,65,59,46,22,34,7,31,3,19,38,67,79,21,18,17,52,26,70,89,86,44,63,83,38,145,8,17,62,85,78,31,55,54,37,40,37,27,20,26,32,27,39,15,51,29,39,53,46,34,39,25,24,26,43,,143,31,46,27,160,214,238,87,188,145,118,41,30,118,58,17,44,41,137,61,70,88,75,37,160,66,81,43,16,36,29,19,23,54,56,48,35,31,25,81,17,,14,36,81,23,34,26,32,10,52,26,23,13,16,73,75,75,72,75,76,44,116,115,109,36,44,52,51,40,59,54,48,86,76,45,33,19,48,51,52,81,73,33,134,96,57,30,30,8,16,24,103,17,19,13,29,24,64,16,25,50,56,50,36,15,11,53,4,,36,21,58,33,34,7,42,17,26,81,6,11,29,34,12,14,10,9,6,24,9,,11,41,16,3,29,44,63,21,97,74,76,88,52,34,115,73,27,169,112,55,22,61,34,34,70,17,51,70,38,106,19,21,24,18,50,68,33,24,34,16,29,11,3,45,122,21,28,95,61,108
20150124,0,NO2,135,127,122,130,94,114,131,13,48,109,98,103,104,50,73,59,53,50,89,66,112,74,73,46,81,78,79,96,124,74,49,34,45,100,48,108,94,85,64,59,17,112,61,60,52,65,72,74,107,40,109,99,89,117,26,26,60,32,40,58,27,54,35,14,57,89,26,58,48,76,23,39,46,106,59,69,89,63,63,53,49,94,93,105,96,109,95,65,43,61,74,88,90,37,93,83,27,10,27,69,15,18,111,39,49,14,71,45,64,82,84,22,73,75,120,53,45,36,45,59,29,78,53,104,105,86,79,95,69,72,79,53,53,46,92,14,43,25,63,44,55,30,22,66,24,26,13,83,71,75,71,67,31,41,93,42,75,76,52,49,63,60,53,33,39,45,30,10,16,26,60,91,93,103,111,61,62,67,58,109,20,59,70,84,,51,122,56,61,48,66,47,40,63,32,40,18,43,58,88,36,9,29,21,29,34,34,18,22,31,31,35,26,40,35,37,19,65,34,74,27,72,27,59,65,75,,34,57,49,23,34,41,68,45,53,26,78,14,50,48,77,52,71,72,47,65,73,90,99,89,88,101,50,75,69,64,39,55,68,65,31,27,73,61,45,70,46,65,84,45,90,44,65,14,13,58,28,28,37,26,37,34,68,30,23,77,100,21,52,32,37,39,16,,43,21,19,51,25,18,10,8,21,33,2,25,28,6,12,44,16,41,16,14,50,,8,72,24,5,54,87,51,33,13,48,22,25,81,50,31,35,29,171,60,63,8,23,20,26,17,6,22,16,66,79,29,74,19,57,60,19,39,42,14,59,72,29,25,70,52,85,37,54,10,54
20150124,0,NO2_24h,121,87,102,101,93,68,96,25,68,89,66,69,93,62,71,94,41,60,110,63,83,79,62,37,45,53,67,76,83,51,37,36,44,87,61,83,77,83,71,46,30,82,60,57,43,50,35,59,58,42,96,85,79,89,54,38,63,34,44,82,39,60,44,14,83,97,39,34,34,64,75,64,52,83,62,53,63,44,53,63,36,72,76,76,59,81,71,42,48,51,59,63,59,26,67,65,36,12,20,45,27,28,88,36,35,19,55,45,60,70,64,28,60,65,95,86,50,47,47,49,30,55,45,79,85,58,75,72,66,59,77,47,43,39,65,18,51,21,59,51,48,52,30,58,45,50,25,70,63,65,52,56,19,35,65,29,51,50,31,37,45,51,37,26,36,43,37,22,28,19,62,69,67,73,88,48,71,62,68,86,45,49,64,79,,45,91,42,43,44,64,59,54,62,32,50,41,48,47,52,31,11,23,48,48,53,48,50,48,68,39,42,25,45,35,33,41,59,34,55,29,48,27,51,68,65,,25,40,45,18,39,37,40,30,55,22,50,23,37,51,52,47,58,52,51,50,53,65,82,56,69,68,41,52,62,61,52,63,62,56,43,32,51,54,69,59,37,47,70,38,69,40,48,22,29,60,30,33,33,39,49,35,57,43,33,60,74,37,58,30,36,44,19,,36,28,26,45,37,17,39,11,25,30,4,21,23,16,18,25,21,31,11,21,21,,19,29,12,4,53,69,44,37,33,47,34,27,67,41,37,35,36,171,45,59,9,24,23,17,33,8,24,28,42,61,18,61,16,38,40,26,42,32,15,47,60,19,15,68,80,62,43,55,30,46
20150124,0,O3,5,4,5,7,3,10,22,57,29,5,5,6,6,11,10,28,17,25,14,42,10,23,13,42,10,10,12,16,12,10,12,36,21,10,82,12,6,11,39,25,119,4,13,49,14,42,32,15,15,72,12,8,44,3,100,91,32,43,69,66,107,50,94,38,25,9,88,31,40,8,58,71,26,2,39,42,6,14,20,18,60,3,4,8,4,9,6,28,44,23,18,7,3,52,6,18,108,139,93,17,129,113,11,73,21,26,22,19,19,23,22,30,11,9,13,22,40,45,11,36,43,9,31,11,3,19,31,21,30,11,8,34,10,58,51,111,101,86,5,36,6,50,44,6,17,81,78,5,24,15,5,6,48,43,8,42,35,11,19,15,29,34,19,17,20,8,34,74,55,12,24,7,7,2,11,15,28,16,37,11,65,94,36,5,,8,22,17,34,11,18,24,58,24,22,27,57,21,24,4,18,28,47,32,42,30,49,76,67,54,36,12,29,119,23,19,48,36,33,39,39,13,34,21,43,48,,35,39,77,39,49,22,72,42,9,51,4,55,8,37,12,29,28,10,40,6,24,11,4,6,25,21,20,14,18,42,47,42,23,16,59,51,14,6,78,13,37,67,65,44,14,8,8,66,93,47,71,100,66,52,74,74,8,38,50,9,2,57,5,18,25,42,22,,38,27,96,11,67,32,109,127,42,47,84,26,22,63,66,9,83,19,57,46,15,,79,14,62,74,11,2,26,69,54,71,42,44,21,18,69,30,60,12,,38,64,16,21,44,90,113,9,45,16,8,11,48,18,6,39,26,41,95,64,15,2,31,5,13,17,16,50,12,35,12
20150124,0,O3_24h,22,31,28,49,28,51,42,68,53,24,50,69,20,28,36,43,66,85,47,99,52,82,89,84,86,66,88,92,83,48,65,84,57,80,115,105,75,83,107,117,119,115,114,118,37,127,114,60,78,96,49,79,93,142,143,117,145,102,137,177,164,142,126,79,50,23,91,80,115,37,86,73,52,19,104,115,40,68,65,30,129,48,66,74,50,58,58,79,80,97,63,40,76,93,87,137,161,139,128,136,156,129,160,198,93,53,80,53,68,60,70,40,56,56,61,43,85,60,54,85,99,59,72,73,34,84,88,112,50,41,49,91,52,91,147,161,155,173,29,103,64,115,66,44,29,83,107,64,72,83,49,57,82,88,67,73,67,90,87,59,93,90,74,75,72,62,61,86,64,80,92,83,79,78,91,102,51,94,96,57,70,79,73,82,,32,121,78,135,43,77,50,90,40,39,75,69,56,72,78,53,62,89,42,53,44,86,79,74,56,76,50,36,142,57,54,67,112,61,72,61,76,57,66,100,97,,47,80,132,46,93,61,101,116,74,119,110,121,58,77,82,109,142,75,85,97,144,43,86,98,83,97,87,92,81,53,70,47,102,56,74,71,57,17,110,72,117,170,149,127,91,67,112,89,146,92,147,128,114,76,110,151,36,47,102,58,50,64,35,33,38,91,58,,113,51,97,72,104,52,114,131,90,106,87,113,49,78,91,103,104,94,59,72,96,,93,83,86,95,66,46,45,93,57,95,57,82,77,62,96,72,94,92,77,98,92,37,68,104,102,113,22,69,67,61,34,79,19,59,83,51,70,122,77,53,46,784,92,69,31,161,161,49,43,48
20150124,0,O3_8h,6,6,13,10,6,15,20,49,21,8,10,13,6,13,11,14,27,29,12,50,18,39,24,52,27,23,27,29,30,19,28,36,22,22,83,39,18,29,46,56,104,34,35,53,17,81,65,23,28,80,21,13,41,40,102,98,60,68,93,73,120,82,106,49,33,8,77,48,61,15,41,27,32,6,45,57,13,24,42,15,84,11,20,21,17,16,15,45,43,34,29,17,24,76,24,53,128,130,102,61,133,116,72,125,58,37,34,25,30,31,26,31,17,13,29,12,54,28,13,43,44,17,44,18,14,36,30,42,31,16,19,43,18,68,82,124,116,116,8,65,24,68,52,16,18,69,84,18,29,29,19,23,68,67,28,56,45,23,34,23,48,45,31,29,28,26,34,70,59,54,41,24,21,12,25,49,28,51,59,33,57,96,41,14,,15,58,38,70,13,29,14,56,27,21,36,48,22,37,37,32,35,61,35,37,30,60,69,62,33,35,12,31,86,21,35,40,45,30,40,34,34,30,30,37,50,,33,46,88,37,50,26,71,71,14,56,35,67,12,44,38,44,58,27,48,35,48,16,14,22,39,41,23,30,37,35,48,42,39,17,44,42,26,7,54,28,48,89,82,48,34,21,33,73,98,54,98,102,71,47,65,101,10,42,68,19,9,55,12,23,27,69,26,,68,36,81,31,52,45,108,124,57,75,80,58,35,68,81,40,96,51,58,53,48,,82,58,79,80,15,17,29,69,51,81,40,50,53,26,73,32,78,25,19,23,72,22,34,80,83,98,11,43,44,32,22,57,18,27,63,31,51,106,62,27,16,50,44,23,10,59,75,12,32,19
20150124,0,O3_8h_24h,13,22,21,33,18,42,28,53,29,16,32,49,13,20,23,32,53,72,33,76,37,62,56,73,69,54,62,66,60,39,47,69,42,53,97,81,53,56,81,96,104,93,86,85,29,117,97,46,67,87,33,40,73,105,125,106,112,90,118,134,140,119,116,104,42,24,79,69,80,25,53,31,41,14,77,91,27,56,61,25,113,37,55,58,39,43,46,70,66,77,50,34,61,85,63,105,150,142,121,114,139,119,111,176,86,45,62,41,51,46,49,36,48,42,50,31,74,51,31,75,60,42,60,43,27,63,51,87,34,29,36,71,29,80,119,153,144,163,16,80,41,83,57,34,22,69,96,36,52,55,37,38,75,75,49,64,54,69,52,45,79,77,56,62,61,45,47,76,59,68,68,60,57,56,64,77,40,70,78,50,57,131,60,58,,26,96,62,107,26,60,33,69,33,33,57,57,43,54,62,44,56,76,35,45,38,73,69,63,38,48,36,31,97,50,44,55,74,47,70,56,54,40,51,62,73,,41,65,107,40,68,42,75,103,47,100,83,101,42,61,64,84,104,58,65,76,90,30,49,74,59,75,55,68,63,57,55,44,68,52,62,59,47,20,84,61,84,133,113,72,64,43,88,78,118,74,139,119,100,70,96,125,41,44,83,34,37,61,28,32,35,83,44,,89,43,85,52,76,46,108,124,79,93,82,93,42,73,86,80,100,75,58,59,74,,87,78,83,84,38,33,48,77,51,87,48,69,70,44,86,60,88,62,40,45,83,32,60,99,94,106,15,51,59,50,28,70,18,41,68,41,57,111,71,44,27,300,85,48,26,126,124,41,36,37
20150124,0,CO,4.742,4.767,3.967,3.524,3.078,4.855,9.714,1.177,1.319,4.99,4.566,3.692,4.897,1.832,2.468,1.13,1.431,1.809,1.518,1.023,1.844,0.86,0.979,1.196,2.062,1.662,1.699,1.949,2.107,1.79,1.941,0.944,1.969,1.797,1.341,1.862,1.746,1.334,1.151,1.57,1.622,1.543,2.087,0.998,1.658,1.142,0.915,1.636,2.638,1.22,1.536,1.439,1.351,1.131,1.088,1.48,1.041,1.205,0.953,0.82,0.892,1.047,1.051,0.49,1.065,1.914,0.801,1.452,1.585,3.627,1.387,2.014,1.078,4.424,1.661,1.353,5.981,1.129,1.749,2.594,0.88,2.28,2.369,4.638,2.78,4.784,3.558,1.452,1.158,1.57,1.796,2.81,2.742,0.798,2.314,1.312,0.938,0.906,0.918,1.041,0.729,0.949,2.729,1.387,1.297,0.764,2.177,3.042,3.183,3.893,3.718,1.327,2.552,2.325,3.973,1.456,1.943,1.779,2.398,0.991,2.333,2.22,1.122,2.768,4.644,2.092,2.598,1.363,1.826,2.644,1.561,2.062,1.673,3.306,1.068,0.735,1.257,0.659,1.528,1.287,2.612,1.189,1.29,1.376,1.331,0.931,0.402,2.268,2.638,4.059,2.919,2.233,1.633,0.47,2.2,2.014,2.978,2.953,2.037,2.339,2.167,1.285,2.194,1.15,0.782,1.522,1.426,0.576,1.345,1.963,0.773,1.988,0.768,1.272,1.19,1.52,0.972,1.699,2.129,0.964,0.646,1.743,1.966,1.779,,1.235,3.497,2.486,0.99,2.095,2.534,1.262,2.598,4.933,4.787,0.86,0.444,0.464,1.875,2.754,1.531,0.491,1.068,1.589,0.809,1.006,1.414,0.76,0.933,0.672,0.974,1.18,2.101,2.52,1.89,1.081,0.988,0.778,1.05,0.763,0.962,1.628,1.214,1.606,3.138,3.018,,2.19,1.563,1.411,1.226,1.237,1.545,2.642,1.441,1.556,1.733,1.108,1.497,1.25,1.776,1.095,0.947,2.728,1.39,0.965,1.328,1.333,1.853,2.081,2.291,1.403,1.942,1.901,1.218,1.669,1.468,0.605,2.16,1.773,2.258,1.363,1.396,3.517,2.076,0.799,3.132,2.277,1.696,1.543,0.893,2.504,0.807,4.506,1.28,1.272,1.413,1.401,1.823,0.858,1.328,0.971,1.172,2.578,0.799,0.938,1.781,1.924,1.147,1.648,1.822,2.281,1.21,0.609,,1.113,0.79,1.005,3.189,1.326,1.351,0.651,0.645,0.724,1.534,0.345,1.224,0.756,0.295,0.898,1.044,0.322,1.435,0.531,1.712,3.734,,1.993,8.045,1.491,0.411,2.35,3.812,2.556,1.564,1.104,1.608,1.398,0.647,2.217,1.153,2.778,0.811,1.317,5.538,4.375,1.419,0.626,0.914,0.937,1.032,0.245,0.44,1.281,0.504,2.176,4.224,1.435,3.122,0.431,2.144,3.802,1.482,1.795,2.292,1.332,1.269,2.778,0.998,0.721,1.434,1.985,1.222,1.327,2.998,0.957,3.112
20150124,0,CO_24h,3.555,2.644,3.983,2.493,4.942,2.182,5.413,1.495,2.459,2.746,2.451,2.272,4.551,2.588,3.239,2.402,1.034,1.775,1.794,1.13,1.511,1.309,1.307,0.939,1.691,1.459,1.888,2.069,1.797,1.586,1.56,1.474,1.615,1.703,1.539,1.72,1.448,1.742,1.362,1.47,0.607,1.453,1.894,0.854,1.601,1.039,0.792,1.171,1.52,1.228,2.132,1.43,1.293,1.068,1.158,1.478,1.121,1.235,0.98,0.959,0.925,1.187,1.118,0.906,1.432,2.448,1.054,1.056,1.179,3.138,3.034,3.305,1.902,2.7,1.595,1.199,2.947,0.943,1.59,3.072,0.784,1.932,2.475,2.427,1.977,2.955,2.438,1.108,1.199,1.302,2.142,1.77,1.58,0.829,1.996,1.259,0.911,0.837,0.906,1.053,0.78,0.938,1.524,1.284,1.098,1.65,1.904,2.864,2.398,3.842,2.935,1.576,2.063,2.503,3.532,2.708,1.587,1.86,2.094,1.129,2.012,1.996,1.094,2.447,2.532,1.753,2.824,1.442,1.853,1.744,1.486,2.049,1.478,2.706,1.001,0.9,1.341,0.82,1.446,1.203,2.458,1.401,1.581,1.27,1.346,1.105,0.608,2.008,2.345,3.234,2.45,1.727,1.486,0.765,1.74,1.669,2.065,1.698,1.73,2.035,1.608,1.19,1.946,1.174,2.233,1.772,1.465,0.81,1.725,1.699,1.104,2.218,0.922,1.464,1.486,1.264,1.46,1.894,2.299,1.121,1.091,1.732,1.922,1.818,,1.128,1.303,2.303,0.874,3.943,1.916,3.033,3.113,4.657,4.938,1.801,1.059,1.013,1.805,1.409,1.374,0.496,1.011,2.67,1.21,1.44,1.772,1.877,1.612,1.654,0.948,1.265,1.804,2.715,1.556,0.906,1.705,1.394,1.28,0.628,1.122,1.531,1.188,1.414,2.835,2.371,,1.501,1.058,1.294,1.208,1.259,1.464,2.57,1.237,2.166,1.698,1.027,1.53,1.127,1.75,1.253,0.696,1.979,1.107,1.245,0.844,1.027,1.66,1.776,1.783,1.324,1.593,1.719,1.002,2.41,1.517,0.712,2.246,1.814,2.236,1.371,1.481,3.559,1.655,1.441,2.397,2.077,2.393,1.235,0.695,2.023,0.666,3.046,1.538,1.427,1.039,1.439,2.002,0.97,1.312,1.224,1.295,2.309,0.774,1.055,1.77,1.582,1.404,1.514,1.657,1.759,1.34,0.565,,1.09,0.93,0.961,2.999,1.631,1.328,0.99,0.734,0.497,1.423,0.394,1.164,0.896,0.54,0.925,0.815,0.753,1.237,0.248,1.816,1.335,,2.347,3.965,1.255,0.368,2.076,3.335,2.337,1.653,2.134,1.576,2.114,0.859,1.803,0.817,2.848,2.006,1.06,11.637,3.851,2.509,0.624,0.737,0.891,0.599,0.486,0.889,1.565,0.642,1.522,3.564,1.085,2.138,0.384,1.285,3.304,1.943,2.02,1.66,0.793,2.635,1.744,0.863,0.553,1.475,3.362,1.066,1.479,3.008,2.024,2.453
20150124,1,AQI,259,309,299,310,203,419,500,49,65,336,264,311,290,117,85,65,210,158,150,135,228,128,121,199,203,204,163,234,234,224,265,97,210,192,143,191,237,229,170,192,78,191,108,149,178,111,98,150,186,139,211,130,144,98,75,72,76,61,93,77,66,80,75,47,146,223,111,54,61,168,117,116,77,214,136,146,202,70,185,111,92,213,262,314,231,262,208,233,127,214,156,225,214,91,241,81,104,77,69,83,76,88,97,138,63,24,211,92,157,262,160,35,91,95,149,44,157,199,192,126,210,239,93,213,326,207,188,172,243,272,202,121,146,188,107,68,127,57,211,243,90,171,211,206,181,138,41,199,154,113,181,165,86,109,133,64,143,284,192,146,206,125,189,179,132,138,143,85,74,106,126,119,142,208,124,284,175,158,172,219,93,198,172,170,,195,193,211,110,116,192,101,126,241,110,73,52,69,106,136,171,43,96,36,58,126,99,63,91,164,200,94,105,111,196,76,86,143,97,67,125,114,106,204,103,103,,175,224,211,113,128,65,202,108,69,97,95,98,99,153,91,115,105,108,85,111,103,158,170,161,127,148,210,165,141,113,120,115,199,141,122,109,202,280,85,249,128,79,172,143,172,157,128,56,57,82,71,130,106,99,74,124,109,137,178,238,290,142,202,167,185,143,32,,75,106,78,121,184,100,61,72,60,86,48,64,49,67,61,77,48,70,51,26,191,29,41,160,38,40,246,113,158,86,154,109,73,174,184,154,127,115,126,392,170,170,49,97,80,50,40,108,94,77,142,175,90,182,54,102,207,118,67,61,31,106,111,91,101,213,97,96,136,116,56,139
20150124,1,PM2.5,208,258,248,259,152,350,562,25,42,285,213,260,239,88,48,46,159,120,115,102,177,97,91,149,152,153,123,183,183,173,214,72,159,144,109,143,186,178,128,144,57,143,80,114,134,83,73,106,140,106,160,98,110,73,54,52,55,43,69,56,36,58,54,28,111,172,83,21,38,127,62,87,51,163,103,111,151,35,139,83,68,162,211,263,180,211,157,182,96,163,118,174,163,67,190,54,77,38,49,58,45,65,72,105,44,16,160,66,119,211,121,20,67,66,114,25,119,149,144,95,159,188,62,162,275,156,141,130,192,221,151,91,111,141,68,38,96,26,160,192,60,129,160,155,136,105,8,149,117,84,136,125,36,28,88,45,109,233,144,111,155,94,142,135,100,105,109,62,53,79,95,89,108,157,93,233,132,120,130,168,69,148,130,128,,146,145,160,82,87,144,72,95,190,82,44,28,49,79,103,129,22,45,14,40,95,74,44,67,124,150,70,41,83,147,39,63,109,72,47,94,85,79,153,76,76,,132,173,160,84,97,46,151,80,49,72,68,73,74,116,67,86,78,80,62,83,76,120,128,122,96,113,159,125,107,84,90,86,149,107,92,81,151,229,61,198,97,51,130,109,130,119,97,31,33,60,49,98,79,74,53,93,74,104,134,187,239,108,151,126,139,109,19,,29,79,57,91,138,75,43,35,31,63,13,34,26,48,43,51,30,23,2,6,143,12,9,121,20,5,195,79,120,63,50,81,35,77,138,107,96,86,95,341,128,128,25,72,44,35,17,50,57,56,108,132,60,137,37,60,156,41,48,43,13,79,83,60,35,162,40,71,103,87,12,106
20150124,1,PM2.5_24h,207,160,169,155,144,175,298,34,99,182,131,156,191,97,62,159,86,128,158,108,130,142,144,105,107,118,153,176,139,159,127,122,114,143,131,128,147,181,127,139,63,135,93,79,118,79,66,73,97,79,151,89,97,63,49,50,57,39,56,73,40,59,84,44,131,202,91,18,34,98,86,105,70,110,92,91,91,30,95,125,60,135,184,168,139,143,112,138,80,116,114,123,116,59,136,52,71,37,48,58,58,46,75,80,55,23,131,69,100,163,90,48,96,100,111,94,109,138,144,107,129,140,53,122,163,128,138,121,119,137,124,84,91,97,114,61,111,57,126,161,53,190,180,118,120,105,17,117,105,81,84,92,36,37,75,36,86,138,91,84,110,71,127,98,79,96,93,70,66,85,125,120,139,169,130,150,161,133,132,154,111,141,129,135,,108,91,121,65,108,101,125,86,157,57,77,106,66,85,54,110,19,38,65,94,89,125,116,91,125,150,81,31,116,137,43,115,137,92,43,115,78,75,113,89,60,,94,134,114,67,99,43,110,75,55,61,56,81,69,107,56,72,69,65,58,60,61,92,110,87,77,80,116,103,78,74,80,84,122,94,75,72,123,149,106,167,88,65,124,105,108,92,86,81,73,87,78,110,80,96,107,115,69,101,125,175,207,139,150,112,103,109,15,,42,87,46,67,120,80,60,38,50,65,11,30,17,52,61,37,33,23,35,18,56,16,35,62,18,7,142,61,91,65,84,95,57,74,102,62,84,97,87,296,116,101,18,47,46,45,29,32,98,75,80,129,54,95,33,45,134,68,65,32,10,89,73,50,24,137,133,58,75,94,72,86
20150124,1,PM10,369,418,359,348,232,518,796,48,77,358,337,423,330,141,117,70,204,170,155,107,243,95,119,190,215,245,158,228,201,227,254,94,243,177,143,209,263,,164,199,74,189,121,155,181,127,108,248,268,132,223,165,131,104,82,66,84,59,76,87,80,94,98,46,162,270,106,55,70,270,182,154,102,238,179,156,284,88,171,139,94,187,303,335,250,289,259,252,118,241,196,292,225,88,244,110,104,70,76,114,70,90,124,141,70,23,236,132,171,295,259,34,102,138,148,43,155,178,177,113,228,235,134,253,388,216,233,217,231,313,242,185,158,210,162,63,119,52,222,268,128,160,181,256,179,135,20,257,160,148,200,180,120,165,213,75,133,302,227,146,200,107,164,158,126,134,157,79,69,108,123,144,141,206,123,,165,138,154,231,82,205,246,206,,168,247,223,78,134,245,150,156,256,133,93,51,68,149,169,161,42,139,35,61,138,98,63,91,162,174,78,157,126,208,99,92,119,103,81,127,108,134,184,108,109,,200,228,178,126,105,69,177,109,74,93,137,89,138,184,117,144,132,146,93,156,116,164,210,187,157,166,296,164,152,134,125,139,217,186,144,129,213,323,118,342,148,106,172,201,240,181,196,59,62,103,89,114,137,102,85,111,165,156,176,237,317,175,202,228,226,176,31,,97,102,77,180,177,76,57,49,68,119,34,76,48,54,69,102,,88,50,25,250,28,,197,34,14,201,173,172,91,256,121,94,295,186,256,99,119,116,464,207,157,48,108,107,46,36,164,136,101,141,178,127,232,52,151,255,183,66,64,9,91,154,130,150,213,141,121,103,142,59,141
20150124,1,PM10_24h,249,257,274,224,257,277,415,81,176,245,217,259,286,151,134,209,114,165,204,121,187,155,184,139,156,200,199,219,191,203,182,159,177,182,171,191,208,190,159,194,85,166,137,110,153,110,98,156,175,115,245,136,138,96,99,94,92,63,77,107,86,103,120,64,206,329,119,46,64,201,155,174,143,170,146,148,185,77,127,171,86,173,254,231,193,191,185,194,100,186,187,182,164,84,181,95,112,65,75,98,90,73,114,120,85,50,201,132,151,200,180,111,131,162,143,143,140,167,193,131,176,169,115,202,243,179,236,204,169,218,200,175,130,161,176,84,150,86,183,235,113,240,223,193,169,151,38,196,155,136,132,148,96,164,174,68,114,183,150,132,139,88,154,120,89,130,141,101,78,108,161,167,172,225,166,144,212,161,158,235,141,212,231,203,,118,147,153,87,172,178,190,136,262,91,162,148,97,154,113,137,60,97,152,117,129,155,187,122,180,179,97,97,172,194,79,165,154,136,73,153,96,112,145,123,89,,150,164,130,99,110,57,132,101,97,89,110,118,132,176,106,115,112,102,92,102,94,146,187,133,126,124,227,142,137,131,123,130,217,162,111,120,194,207,178,279,135,134,165,212,191,152,141,114,112,126,112,165,128,124,153,142,136,171,173,230,280,231,202,204,169,183,28,,79,113,74,140,157,114,79,56,86,127,26,55,42,79,84,75,38,75,37,42,106,35,44,112,21,37,179,117,138,110,238,139,99,204,154,163,148,135,122,356,200,160,43,97,88,119,51,88,165,125,119,162,104,141,44,109,241,227,83,49,16,121,109,131,49,194,228,99,90,146,123,119
20150124,1,SO2,62,91,178,121,115,270,230,30,38,82,112,98,171,153,65,65,66,70,84,17,36,16,26,37,53,41,34,44,31,42,20,15,23,17,19,26,56,30,25,11,7,47,21,14,40,7,21,33,81,25,38,59,39,29,9,12,24,9,16,15,11,30,17,3,23,33,17,33,11,81,27,40,117,36,90,41,123,42,51,64,11,79,43,63,61,100,168,48,30,33,49,59,26,18,74,24,15,6,7,13,12,3,26,20,10,16,74,57,60,459,113,46,89,73,109,63,49,66,41,26,22,24,29,121,227,33,136,107,81,40,32,39,50,21,18,4,20,1,18,33,41,24,14,20,8,31,15,95,123,95,48,61,89,22,185,5,19,50,108,63,35,41,36,34,35,16,21,9,18,25,13,30,13,61,26,46,27,27,22,28,14,36,18,38,,77,36,37,26,99,222,125,38,122,142,22,10,16,69,53,9,28,23,27,24,29,28,27,14,31,48,33,54,9,23,20,6,16,48,40,40,41,36,15,86,16,,11,50,54,17,34,11,29,8,30,28,26,8,14,68,149,84,82,53,71,80,154,123,127,47,35,107,50,42,37,59,44,65,92,43,32,20,96,35,30,84,92,26,120,75,40,10,28,7,9,17,138,29,29,11,12,4,63,13,21,40,29,23,61,11,11,47,4,,20,10,40,17,20,5,5,7,20,90,4,9,30,11,6,16,5,4,2,12,11,4,6,70,30,3,20,45,73,15,55,42,42,53,33,11,57,28,20,97,65,40,21,32,17,20,58,12,17,37,39,99,10,17,24,28,70,49,22,18,31,17,36,13,3,36,72,30,31,57,11,68
20150124,1,SO2_24h,64,91,191,99,140,149,170,59,94,102,104,76,183,242,129,234,97,93,186,24,34,28,46,33,47,40,40,56,33,46,25,32,37,33,27,32,58,34,36,19,9,50,45,27,39,12,13,36,80,32,75,58,42,31,10,14,30,10,22,26,13,37,16,5,38,35,36,27,15,72,54,73,138,33,58,45,98,45,71,63,12,141,73,85,52,139,123,43,40,74,93,75,31,30,99,41,24,7,10,15,15,5,36,20,14,27,74,88,100,454,124,69,125,121,129,149,50,78,64,50,28,27,65,106,119,38,134,81,111,42,64,58,47,22,34,7,31,2,20,38,67,78,21,19,17,51,26,73,92,87,45,65,84,39,144,8,16,63,87,78,30,55,54,39,39,35,27,20,25,32,27,38,15,53,29,40,53,46,33,39,25,25,26,43,,142,32,46,27,158,213,233,86,187,145,117,40,30,118,58,17,44,41,124,60,69,85,74,37,154,68,82,43,15,35,29,18,23,54,56,47,36,32,25,84,17,,14,36,81,23,33,25,32,10,52,26,23,13,17,74,75,78,72,74,77,46,117,118,112,36,44,55,51,40,57,56,48,86,77,46,33,19,51,51,50,82,74,32,133,97,57,30,30,8,16,24,100,18,19,13,28,24,65,16,25,49,55,50,39,15,11,53,4,,36,20,57,33,34,7,40,14,25,81,4,11,29,32,12,14,10,9,6,23,10,6,11,41,18,3,29,44,64,21,95,74,77,88,52,33,115,72,27,168,111,56,22,61,34,34,69,17,50,71,39,107,19,22,24,18,51,66,32,24,34,16,30,11,3,46,123,21,28,93,56,109
20150124,1,NO2,112,127,124,131,91,116,128,12,46,109,96,107,103,50,58,45,51,41,83,59,108,75,64,44,80,74,77,86,119,71,46,27,46,98,48,106,86,94,67,58,23,108,63,85,52,64,77,66,98,42,105,96,77,112,24,35,68,32,34,43,27,51,28,10,60,85,24,46,48,74,21,34,49,104,48,73,82,62,66,47,44,73,75,107,95,105,82,53,37,33,52,79,75,25,78,84,31,10,22,65,13,20,88,49,41,15,65,43,61,84,83,22,54,57,103,49,37,31,45,56,33,72,45,100,111,90,82,91,68,68,73,53,54,44,43,10,32,31,58,45,50,32,26,63,24,25,14,80,64,68,73,65,21,48,79,41,71,67,53,41,61,65,54,30,34,44,30,8,16,23,56,77,90,106,89,65,73,53,45,104,26,60,66,84,,50,118,48,70,44,63,34,30,57,32,29,16,29,45,83,36,7,17,20,24,28,37,17,22,29,27,34,29,31,35,35,9,56,30,61,28,73,30,61,63,72,,29,51,46,23,35,39,64,47,48,24,73,13,38,42,76,60,63,69,44,58,73,90,95,85,84,117,45,67,75,59,61,49,67,57,29,31,77,61,46,64,49,70,74,48,63,39,60,11,13,54,24,29,30,17,20,36,66,36,27,75,94,21,50,28,35,39,16,,37,20,18,47,20,23,8,8,14,23,1,24,36,5,9,35,15,42,21,14,43,14,10,70,30,3,53,81,51,27,11,38,34,27,86,65,28,20,28,178,59,68,7,20,28,16,36,5,14,13,34,78,23,77,16,56,59,21,38,45,14,63,73,32,24,67,31,82,39,41,8,54
20150124,1,NO2_24h,121,89,103,102,93,71,99,24,67,90,68,71,94,62,69,89,41,58,108,63,84,79,64,37,47,55,68,77,85,53,37,36,46,88,60,83,78,83,71,47,29,83,60,59,43,51,37,59,60,41,97,85,79,89,51,37,63,33,44,78,37,58,43,14,81,96,38,34,34,65,73,63,51,84,61,54,63,45,50,60,36,73,76,78,61,82,72,43,48,51,60,63,60,26,67,66,35,12,20,45,26,27,89,35,35,18,56,45,62,70,65,28,59,64,94,86,50,47,47,50,30,56,45,80,87,59,76,73,66,60,77,47,43,40,64,18,49,21,59,50,48,51,29,58,44,48,25,71,64,65,54,57,19,34,65,30,52,51,33,37,45,51,38,26,36,43,36,21,27,19,62,70,69,76,88,49,71,61,67,87,45,50,64,80,,45,92,43,44,44,63,58,53,62,32,50,40,47,47,53,31,10,22,43,46,51,47,48,46,67,39,43,25,46,35,33,40,59,34,56,29,49,27,51,68,66,,26,40,45,18,38,37,41,30,55,22,51,22,37,52,54,48,58,53,51,51,54,67,83,58,69,71,41,53,63,62,53,63,63,56,43,32,53,55,69,59,37,47,70,39,69,41,48,22,29,59,30,33,33,37,48,34,58,42,33,60,75,35,58,30,36,43,19,,36,27,25,45,37,16,36,10,24,30,3,21,23,15,17,25,20,31,11,21,21,20,18,30,13,4,54,69,45,36,32,46,34,27,68,42,37,34,35,170,45,61,9,24,23,17,32,8,23,27,41,61,17,61,16,38,40,25,41,32,14,48,60,20,15,67,80,62,43,53,29,46
20150124,1,O3,7,4,6,7,4,10,28,57,24,5,4,5,6,11,14,35,18,29,15,46,8,19,18,38,10,14,9,15,12,10,9,40,17,10,78,3,7,3,32,20,105,4,14,13,16,39,25,15,10,66,13,9,50,8,97,80,23,42,68,82,104,42,91,38,21,5,88,36,34,8,60,73,22,2,45,35,5,12,16,19,60,3,4,4,4,8,5,21,28,16,11,9,3,52,5,13,93,136,98,13,119,106,15,47,22,23,22,20,20,21,22,30,21,16,24,25,42,41,10,37,43,9,21,10,3,10,23,25,28,11,7,32,8,55,106,117,108,75,4,35,6,43,38,6,16,84,75,4,27,15,4,6,52,37,13,41,33,6,17,21,32,27,8,16,22,8,33,73,55,12,28,17,5,3,24,9,17,18,40,9,57,97,48,3,,5,19,20,21,12,17,37,63,25,23,36,60,35,36,12,18,31,63,29,44,36,40,76,65,54,34,12,24,94,23,18,52,41,40,41,37,11,32,21,40,42,,29,38,80,37,56,22,73,37,7,49,3,59,11,38,9,23,21,8,41,12,23,10,4,4,24,8,18,17,11,42,33,49,17,23,63,48,10,5,73,13,35,55,66,39,13,6,8,63,82,49,78,86,73,61,80,57,9,29,40,7,2,57,6,17,21,38,22,,40,28,94,11,76,26,109,124,48,51,97,20,13,64,65,12,87,13,56,47,6,23,76,12,51,79,11,2,20,74,56,68,29,40,21,11,70,44,60,10,11,32,67,18,15,38,62,113,12,47,29,10,17,42,18,6,31,25,37,86,64,13,2,25,3,10,28,20,39,20,37,12
20150124,1,O3_24h,22,31,28,49,28,51,45,68,53,24,50,69,20,26,35,44,66,85,47,99,52,82,89,84,86,66,88,92,83,48,65,84,52,80,115,105,75,83,107,117,122,115,114,118,37,127,114,60,78,96,49,79,93,142,143,117,145,102,137,177,164,142,126,79,50,23,92,80,115,37,88,76,52,19,104,115,40,68,65,30,129,48,66,74,50,58,58,79,80,97,63,40,76,93,87,137,161,139,128,136,156,129,160,198,93,53,80,53,68,60,70,40,56,56,61,40,85,61,54,85,99,59,72,73,34,84,88,112,50,41,49,91,52,91,147,159,155,173,29,103,64,115,66,44,29,85,107,64,72,83,49,57,82,88,67,73,67,90,87,59,93,90,74,75,72,62,61,86,64,80,92,83,79,78,91,102,51,94,96,57,70,79,73,82,,32,121,78,135,43,77,50,90,40,39,75,69,56,72,78,53,62,89,42,53,44,86,79,74,58,76,50,36,142,56,54,69,112,61,72,61,76,57,66,100,97,,47,80,132,46,93,61,101,116,74,119,110,121,58,77,82,109,142,75,85,97,144,43,86,98,83,97,87,92,81,52,70,49,102,56,74,71,57,17,110,72,117,170,149,127,91,67,112,89,146,92,147,128,114,76,110,151,35,47,102,58,50,65,35,33,37,91,58,,113,51,97,72,104,52,114,131,90,106,98,113,49,78,91,103,104,94,59,72,96,27,93,83,86,95,64,46,45,93,58,96,57,82,77,62,96,72,94,92,77,98,92,37,68,104,102,113,22,69,67,61,34,79,19,59,83,51,70,122,77,53,46,784,92,69,31,161,161,49,43,48
20150124,1,O3_8h,5,5,11,8,5,11,21,47,23,6,8,8,5,12,9,16,23,26,11,45,14,33,22,48,20,17,20,21,22,15,22,34,17,16,80,27,12,22,40,45,105,21,26,44,16,72,55,19,21,77,16,10,37,27,98,94,49,61,86,65,115,70,103,45,30,7,79,43,56,12,43,32,30,4,38,48,10,18,37,14,77,7,13,13,12,11,10,38,41,27,23,13,18,72,16,41,120,131,101,47,130,114,54,108,49,33,27,21,27,27,23,29,16,11,26,14,51,30,11,42,45,12,37,13,11,26,28,31,32,13,14,37,15,63,77,120,112,107,7,57,17,60,49,11,18,70,81,14,25,23,14,16,65,64,22,53,41,16,30,19,42,38,24,25,26,20,31,70,59,46,35,17,13,5,18,38,25,42,54,27,60,95,39,7,,12,46,32,59,11,23,13,53,26,21,33,48,22,33,29,29,32,61,35,38,30,56,71,62,37,36,10,31,88,20,33,41,43,29,40,34,31,28,25,37,47,,33,42,83,37,49,24,70,63,8,49,23,60,9,40,31,35,47,20,43,27,40,12,9,11,32,31,19,21,30,37,45,42,29,18,44,40,21,6,51,22,39,80,73,45,26,15,30,70,92,51,90,100,67,46,62,94,10,39,61,14,6,55,10,21,27,62,24,,60,34,83,26,50,44,109,125,52,69,94,48,30,67,79,30,95,41,57,51,37,23,80,49,75,79,13,12,27,68,52,78,37,46,47,23,70,28,74,19,10,23,70,20,27,72,78,100,11,40,39,26,20,53,18,21,57,28,47,102,61,22,11,43,33,17,12,41,64,11,32,16
20150124,1,O3_8h_24h,13,22,20,33,18,39,30,53,31,16,32,49,13,20,23,32,53,72,33,76,37,62,56,73,69,54,62,66,60,39,47,69,39,53,97,81,53,56,81,96,105,93,86,85,29,116,97,46,67,87,33,40,73,105,125,106,112,90,118,134,140,119,116,97,40,20,81,69,80,25,55,36,41,14,77,91,27,56,61,25,113,37,55,58,39,43,46,70,66,77,50,34,61,85,63,105,150,140,120,114,139,119,111,176,86,45,62,41,51,46,49,36,48,42,50,31,74,53,31,74,59,42,60,43,27,63,51,87,34,29,36,69,29,78,119,153,144,163,15,80,41,83,58,31,22,70,96,36,52,55,37,38,75,75,49,64,54,69,52,45,79,77,56,62,61,45,47,76,59,68,68,60,57,56,64,77,40,70,78,50,60,131,60,58,,26,96,62,107,26,60,33,69,33,33,57,57,43,54,62,44,56,76,35,45,38,73,71,63,40,48,36,31,98,49,44,55,74,47,70,56,56,40,51,61,73,,41,65,107,40,70,42,75,103,47,100,83,101,42,61,64,84,104,57,65,75,90,30,49,74,59,75,55,68,63,56,55,44,68,48,62,59,46,16,84,52,84,133,113,72,64,43,88,78,118,73,139,119,100,70,96,125,35,42,83,34,37,59,28,29,35,81,44,,89,43,85,52,76,46,109,125,79,93,94,93,42,73,86,80,100,75,58,59,74,23,87,78,83,84,31,33,45,77,52,88,48,69,70,44,86,60,88,62,40,45,83,32,60,99,94,106,15,51,59,50,28,70,18,41,68,41,57,111,71,41,27,300,85,48,25,126,124,41,36,37
20150124,1,CO,3.883,4.981,4.216,4.388,2.998,4.747,11.228,1.151,1.36,5.287,4.675,5.858,4.257,2.079,2.518,0.804,1.402,1.517,1.296,1.016,1.825,0.9,0.899,1.267,2.11,1.61,1.814,1.755,1.901,1.713,1.971,0.907,1.961,1.785,1.337,1.962,1.733,1.424,1.115,1.629,0.643,1.6,1.77,0.842,1.491,1.098,0.928,1.732,2.245,1.193,1.611,1.409,1.241,1.083,1.118,1.48,0.968,1.192,0.928,0.734,0.875,1.017,0.971,0.518,1.117,1.852,0.724,1.335,1.502,3.633,1.463,1.722,1.24,4.354,1.634,1.397,5.197,1.083,2.119,2.274,0.902,1.856,2.345,4.786,2.86,4.601,3.61,1.076,1.046,0.83,1.281,2.861,2.158,0.699,2.038,1.225,0.945,0.919,0.88,1.012,0.653,0.911,1.719,1.491,1.152,0.778,2.125,3.207,3.286,3.88,3.866,1.473,1.965,1.921,3.466,1.29,1.759,1.754,2.264,1.005,2.163,2.203,0.942,2.704,5.259,2.048,2.582,1.284,1.907,2.186,1.525,2.004,1.775,3.342,0.613,0.69,1.056,0.674,1.479,1.236,2.762,0.938,1.324,1.373,1.313,0.887,0.425,2.191,2.61,3.592,2.877,2.175,1.511,0.627,1.736,2.191,2.335,3.132,2.392,2.12,1.997,1.376,2.185,1.757,0.803,1.497,1.399,0.565,1.336,2.041,0.845,1.961,0.847,1.335,1.171,1.478,1.29,1.582,1.967,0.913,0.68,1.74,1.852,1.827,,1.312,2.894,2.495,1.025,2.239,2.684,1.31,2.466,5.081,4.888,0.579,0.374,0.315,1.583,2.945,1.501,0.465,0.664,1.448,0.602,0.953,1.656,0.896,0.906,1.086,0.9,1.208,2.647,1.672,1.89,1.006,0.869,0.669,0.933,0.928,1.01,1.627,1.347,1.6,3.556,2.941,,2.069,1.477,1.405,1.243,1.25,1.929,2.649,1.417,1.467,1.737,1.14,1.427,1.129,1.617,1.31,1.197,2.373,1.263,0.889,1.054,0.855,2.16,1.855,2.258,1.486,2.041,1.768,1.309,1.419,1.424,0.711,1.99,1.717,2.152,1.347,1.395,3.606,2.135,0.789,2.914,2.173,1.87,1.26,0.98,2.036,0.693,3.552,1.207,1.289,1.142,1.199,1.623,0.788,1.192,0.776,1.165,2.543,0.633,0.996,1.802,1.868,1.089,1.684,1.832,2.22,1.166,0.556,,0.966,0.809,0.977,3.1,1.355,1.386,0.636,0.586,0.596,1.187,0.264,1.213,0.869,0.262,0.85,1.093,0.326,1.231,0.592,1.753,2.158,2.009,2.031,6.336,1.438,0.324,2.299,3.515,2.602,1.542,0.975,0.94,1.574,0.581,1.78,1.216,2.745,0.77,1.563,6.839,4.703,1.38,0.563,0.811,0.505,0.606,0.613,0.398,1.087,0.458,1.526,4.232,1.398,3.476,0.418,2.129,4.812,1.679,1.825,2.509,1.453,1.448,3.012,1.044,0.644,1.39,1.502,1.081,1.346,2.514,0.903,2.994
20150124,1,CO_24h,3.57,2.781,4.008,2.582,4.908,2.329,5.756,1.478,2.428,2.888,2.58,2.455,4.597,2.538,3.013,2.276,1.049,1.755,1.774,1.121,1.539,1.287,1.291,0.965,1.709,1.455,1.893,2.074,1.818,1.603,1.589,1.461,1.669,1.706,1.522,1.729,1.469,1.725,1.348,1.484,0.616,1.462,1.9,0.866,1.611,1.047,0.797,1.189,1.573,1.225,2.117,1.438,1.293,1.054,1.15,1.477,1.112,1.229,0.987,0.934,0.924,1.162,1.105,0.663,1.408,2.442,0.997,1.054,1.144,3.146,2.964,3.279,1.85,2.796,1.61,1.213,3.02,0.967,1.458,2.994,0.787,1.951,2.449,2.549,2.027,3.022,2.485,1.12,1.192,1.306,2.137,1.827,1.611,0.807,2.008,1.253,0.917,0.839,0.905,1.053,0.779,0.931,1.538,1.288,1.086,1.574,1.926,2.817,2.48,3.84,2.983,1.574,2.013,2.449,3.504,2.721,1.582,1.853,2.103,1.107,2.027,1.962,1.096,2.453,2.67,1.773,2.819,1.449,1.86,1.771,1.496,2.031,1.489,2.757,0.984,0.889,1.309,0.804,1.45,1.203,2.475,1.381,1.565,1.269,1.342,1.077,0.604,2.001,2.364,3.245,2.472,1.773,1.468,0.759,1.729,1.691,2.068,1.773,1.769,2.009,1.628,1.192,1.93,1.193,2.108,1.768,1.455,0.796,1.705,1.721,1.086,2.198,0.925,1.471,1.466,1.284,1.468,1.885,2.29,1.11,1.077,1.743,1.919,1.823,,1.071,1.372,2.314,0.884,3.906,1.904,2.944,3.092,4.708,4.959,1.757,1.034,0.992,1.831,1.494,1.384,0.499,0.977,2.389,1.163,1.412,1.753,1.824,1.565,1.645,0.955,1.271,1.81,2.574,1.59,0.917,1.654,1.39,1.257,0.643,1.13,1.548,1.203,1.423,2.921,2.414,,1.545,1.088,1.295,1.22,1.27,1.502,2.563,1.25,2.182,1.707,1.04,1.535,1.137,1.775,1.267,0.733,1.998,1.124,1.246,0.86,1.035,1.695,1.806,1.819,1.333,1.62,1.733,1.03,2.383,1.528,0.715,2.252,1.806,2.249,1.382,1.478,3.57,1.674,1.407,2.431,2.066,2.407,1.235,0.712,2.033,0.689,3.094,1.516,1.422,1.014,1.422,2.003,0.963,1.317,1.196,1.28,2.341,0.775,1.056,1.762,1.599,1.371,1.531,1.663,1.795,1.334,0.568,,1.086,0.919,0.963,3.015,1.622,1.323,0.948,0.714,0.495,1.412,0.304,1.169,0.869,0.524,0.924,0.812,0.755,1.236,0.269,1.8,1.366,1.947,2.302,3.997,1.269,0.366,2.093,3.314,2.357,1.652,2.108,1.529,2.089,0.819,1.788,0.827,2.846,1.932,1.031,10.837,3.89,2.501,0.625,0.74,0.896,0.59,0.477,0.888,1.54,0.639,1.509,3.584,1.039,2.198,0.384,1.317,3.318,1.913,1.893,1.647,0.817,2.594,1.779,0.879,0.553,1.475,3.353,1.075,1.474,2.933,1.964,2.448
20150124,2,AQI,200,315,290,341,200,409,500,45,58,352,268,300,275,92,78,53,225,158,177,143,223,136,119,192,211,196,156,222,236,224,249,104,217,191,137,189,237,217,179,192,80,182,110,148,191,106,103,125,177,137,222,128,143,94,76,79,72,63,91,77,66,81,68,45,149,226,103,46,53,174,123,119,76,213,142,137,203,75,185,80,88,202,262,314,235,272,208,234,131,215,150,192,213,91,236,76,106,78,70,85,73,87,96,137,61,24,221,85,154,242,182,34,71,83,93,42,132,203,167,135,205,238,96,211,346,205,185,175,228,263,192,114,137,178,77,65,94,57,202,233,90,165,206,206,174,142,39,199,148,103,177,157,86,118,122,70,127,292,184,125,203,131,209,178,130,137,149,76,77,93,135,131,149,199,130,269,178,149,139,217,91,198,171,161,,181,178,210,99,114,203,93,98,214,106,67,59,58,98,120,157,43,76,29,59,115,111,56,85,125,188,105,104,94,202,66,81,139,87,93,119,121,109,204,110,103,,175,225,216,109,131,67,193,106,67,98,95,96,92,153,92,111,103,103,86,109,103,158,157,170,138,161,189,158,135,111,121,111,209,138,115,106,214,272,84,243,121,91,157,193,191,150,122,57,59,71,69,133,99,89,67,126,104,138,185,241,274,135,209,170,156,142,28,,89,126,76,115,195,99,60,72,57,106,48,60,55,58,76,77,47,71,37,25,115,30,40,143,36,40,251,99,149,92,94,104,84,161,168,143,124,105,117,417,189,181,50,92,70,37,39,146,119,68,105,143,87,168,45,99,166,117,89,80,31,117,69,99,77,212,86,99,133,111,48,130
20150124,2,PM2.5,129,264,239,290,150,362,621,26,37,301,217,250,224,68,36,34,174,120,133,109,172,103,89,144,160,147,118,171,185,173,198,77,166,143,104,142,186,166,135,144,58,137,82,113,143,79,76,94,133,104,171,97,109,70,55,55,52,44,67,56,37,59,39,23,114,175,76,22,34,131,53,89,48,162,108,104,152,38,139,55,65,151,211,263,184,221,157,183,99,164,115,144,162,67,185,52,79,36,50,59,42,64,71,104,43,15,170,56,117,191,125,21,51,52,69,17,100,152,126,102,154,187,62,160,295,154,139,132,177,212,144,85,104,134,55,37,70,27,151,182,64,125,155,155,131,108,9,149,113,76,133,119,40,40,69,48,96,241,138,94,152,99,158,134,98,104,114,55,56,69,102,99,114,149,98,218,134,114,106,166,67,148,129,122,,136,134,159,74,85,152,62,73,163,79,41,31,40,73,90,119,20,29,11,38,86,83,39,62,94,141,78,47,70,151,42,59,106,64,69,89,91,81,153,82,76,,132,174,165,81,99,48,145,79,48,73,68,71,68,116,68,83,76,76,63,81,76,120,119,128,105,122,142,120,102,83,91,83,158,105,86,79,163,221,60,192,91,53,119,145,143,115,92,33,34,51,49,101,74,66,46,95,77,105,139,190,223,102,158,128,118,108,17,,52,95,55,86,146,74,41,35,21,79,17,29,20,40,55,50,24,24,5,8,86,12,6,109,20,5,200,74,114,68,43,77,46,76,127,100,93,78,88,373,142,136,27,68,50,21,8,60,56,30,78,109,64,127,31,59,119,29,66,58,15,88,34,60,32,161,36,74,101,83,9,98
20150124,2,PM2.5_24h,204,167,174,164,145,185,317,32,97,189,137,163,195,94,60,147,91,127,156,107,133,140,141,108,109,121,152,178,143,162,132,121,116,144,128,130,149,181,127,139,62,134,94,81,120,79,66,74,99,81,153,91,98,63,50,51,57,40,57,71,40,56,82,42,130,202,89,18,33,99,85,105,69,114,92,91,93,31,93,116,60,137,186,175,142,147,114,141,81,118,114,123,120,59,138,52,72,36,47,58,57,47,75,81,53,23,133,66,102,162,92,47,92,95,108,93,107,137,144,105,133,141,51,125,171,130,140,122,125,140,125,84,92,100,111,59,108,54,126,161,53,186,178,120,121,105,17,118,106,81,87,95,36,37,74,37,87,143,95,84,113,72,128,102,82,97,96,69,65,85,124,119,140,170,128,155,161,133,132,155,110,142,129,134,,109,93,122,65,109,103,123,86,157,58,76,103,66,86,56,112,19,37,60,91,88,121,112,90,124,150,82,32,112,137,43,113,136,91,44,116,78,75,114,91,61,,96,136,117,68,99,43,113,76,55,62,57,81,70,109,56,74,69,66,58,61,62,94,112,90,79,82,118,105,80,75,81,85,124,95,76,73,125,152,103,169,88,64,123,108,110,94,86,79,71,84,77,109,79,95,103,112,71,102,125,176,207,138,152,112,105,110,15,,43,87,46,68,121,80,59,38,49,66,11,30,17,52,60,37,33,23,35,18,58,16,31,65,18,7,145,61,93,65,83,93,51,74,103,64,85,97,86,292,118,104,18,49,47,44,28,33,97,74,80,127,53,96,32,45,131,66,62,33,10,91,71,51,24,139,132,59,75,91,69,87
20150124,2,PM10,349,425,370,375,232,504,840,44,63,376,346,387,332,111,103,54,222,159,160,114,248,101,120,191,222,235,153,206,191,230,273,94,260,180,136,210,255,,181,198,75,190,122,158,177,99,111,183,255,130,267,158,125,93,88,106,79,60,78,80,80,88,84,44,162,272,98,45,53,287,194,143,100,224,179,164,267,98,173,107,85,177,303,350,242,279,264,240,120,236,217,231,223,92,240,100,116,74,73,117,60,93,111,138,58,23,234,117,164,279,311,33,71,114,92,41,130,184,159,120,211,236,139,243,435,213,235,204,231,297,230,163,153,202,102,59,92,61,209,248,127,150,180,242,178,137,23,248,167,142,217,166,119,184,192,88,117,303,216,142,185,120,192,157,127,135,167,74,74,111,132,155,147,204,118,,166,135,122,221,86,213,247,185,,150,235,222,94,135,241,134,126,250,125,81,65,54,120,143,131,42,100,28,65,127,110,58,86,116,167,91,155,108,181,80,79,114,94,109,115,109,139,189,120,113,,206,214,178,115,114,72,169,114,68,96,137,89,121,176,126,125,118,137,93,145,114,155,197,180,168,181,251,160,155,133,127,137,235,190,117,124,236,309,116,306,132,130,157,228,239,176,152,61,66,82,74,125,130,91,81,123,156,160,194,242,318,161,196,232,186,172,27,,125,115,72,171,185,,55,55,62,89,36,67,58,43,69,102,,89,36,17,171,29,4,200,25,18,217,142,179,101,136,101,115,269,163,234,125,113,113,495,213,153,49,107,76,36,22,240,185,84,155,157,111,215,40,146,280,182,85,69,,105,85,145,101,205,120,119,115,109,47,128
20150124,2,PM10_24h,265,269,280,235,259,290,437,80,174,253,226,268,291,147,133,195,120,163,201,120,192,157,182,142,159,204,198,220,194,207,188,157,180,184,167,192,210,193,159,193,83,167,139,111,156,110,98,158,180,117,249,139,139,95,99,96,91,63,79,104,85,100,118,61,203,328,116,46,61,204,157,174,140,176,148,149,188,79,124,161,86,176,257,239,197,195,189,190,104,189,188,185,168,83,184,95,112,65,75,98,89,73,113,120,81,48,205,128,154,201,185,109,127,155,131,143,138,167,193,129,180,174,117,205,255,182,238,206,170,225,203,173,131,165,172,83,146,82,183,235,113,235,222,195,170,150,38,195,157,138,135,151,98,168,173,69,114,189,154,131,142,90,155,125,93,131,144,100,77,109,160,166,172,227,165,151,213,161,157,236,139,215,231,201,,120,151,182,88,172,180,188,137,262,92,160,144,96,155,116,139,59,97,144,112,129,151,183,121,178,181,98,100,167,192,80,161,153,133,76,154,97,113,148,125,91,,154,167,130,101,111,57,134,101,97,90,111,117,132,178,108,118,112,105,93,104,95,149,190,136,130,127,230,145,138,133,124,132,216,165,112,121,195,211,175,283,136,132,164,214,193,154,141,110,110,123,110,163,128,124,149,139,139,171,174,230,282,228,203,204,171,184,28,,81,112,75,142,159,115,78,56,83,126,26,56,40,78,83,75,38,76,37,42,108,35,42,118,22,37,181,117,140,110,239,134,92,211,155,169,147,134,121,357,202,163,44,99,89,117,50,96,167,126,120,161,103,144,43,110,240,222,81,51,15,122,104,132,50,195,229,101,90,141,111,121
20150124,2,SO2,39,92,176,154,94,267,197,26,35,81,122,99,170,136,46,69,52,80,88,17,35,17,26,33,54,42,35,44,29,40,17,14,23,17,18,27,60,29,26,9,6,47,20,12,36,6,19,11,92,23,41,58,38,29,9,13,22,9,16,14,11,20,16,3,23,33,16,42,13,85,27,39,132,32,104,41,91,40,47,48,10,74,45,72,61,103,135,54,34,58,84,75,35,18,66,22,16,6,6,11,13,3,25,27,9,17,70,71,64,459,116,39,96,59,76,47,46,68,37,24,27,26,447,118,300,43,141,97,85,37,30,38,43,21,14,4,17,1,18,29,38,21,20,21,8,28,18,127,123,74,46,65,142,17,201,5,17,78,93,81,36,37,35,31,34,15,20,8,19,25,17,30,12,75,26,45,28,25,21,24,14,44,19,33,,130,32,35,29,121,232,140,36,99,143,26,13,13,46,33,8,24,29,34,39,20,29,26,13,30,27,32,61,9,23,15,8,15,44,37,41,52,37,15,64,16,,17,48,56,20,30,11,32,8,39,31,28,8,15,66,109,128,73,52,74,58,170,153,110,45,31,128,51,43,56,63,42,58,76,37,28,19,72,30,32,104,75,28,65,74,42,10,27,6,9,17,122,38,25,10,17,3,58,16,21,43,30,19,46,10,11,47,4,,30,10,39,16,18,5,5,7,14,64,4,9,36,13,7,15,4,16,2,15,8,4,6,73,8,3,17,44,75,25,55,32,51,37,24,6,41,21,28,67,41,36,23,32,16,17,28,15,14,31,68,73,9,11,24,24,60,54,28,18,30,18,42,14,3,32,119,29,27,43,13,66
20150124,2,SO2_24h,63,91,192,102,138,157,175,59,93,101,107,78,186,237,127,226,97,93,184,23,35,27,46,33,48,41,40,56,34,47,25,32,37,32,27,32,60,35,35,19,9,50,44,27,40,12,14,36,80,32,74,59,42,30,10,14,29,10,22,26,13,36,16,5,37,35,33,28,15,73,54,74,138,33,58,45,99,46,69,58,12,139,71,83,52,136,124,43,40,73,92,75,31,27,97,41,24,7,10,15,15,5,36,20,13,26,75,85,100,456,125,68,125,121,127,149,50,78,65,49,34,28,68,108,129,39,137,82,111,42,64,58,48,23,33,7,29,2,20,38,68,76,20,20,16,49,25,76,95,88,46,66,87,39,146,8,17,64,89,78,30,54,54,40,38,35,27,19,25,32,26,38,15,55,29,40,53,46,33,38,25,26,26,42,,145,32,46,27,157,215,231,84,185,146,116,40,30,118,58,17,44,40,126,60,67,82,73,37,148,68,82,44,15,35,29,18,23,52,56,46,37,32,25,85,16,,14,37,81,23,33,25,32,10,53,26,23,13,17,75,77,82,73,71,76,48,118,122,115,37,44,58,52,41,58,57,49,85,78,47,33,19,53,49,49,83,75,32,130,98,57,30,31,8,16,23,97,19,19,13,28,23,66,16,25,49,54,51,40,15,11,53,4,,37,20,53,33,35,7,38,14,25,81,4,11,29,31,11,14,10,9,6,24,10,6,10,42,17,3,29,44,65,22,93,75,77,87,52,32,114,71,26,168,109,58,22,62,34,33,68,17,50,71,41,107,19,22,24,18,51,62,30,24,34,17,31,11,3,46,124,22,27,91,54,109
20150124,2,NO2,80,123,121,131,82,113,123,10,50,103,90,98,100,48,55,43,48,39,84,55,103,74,62,42,76,70,75,82,113,68,42,27,47,91,49,98,82,92,70,60,19,104,60,82,52,57,64,24,100,43,103,92,74,101,23,41,64,40,40,34,24,46,22,8,63,81,23,46,51,72,20,36,56,101,44,54,75,54,60,33,35,82,86,93,98,86,90,63,45,60,76,59,86,36,77,80,33,9,18,61,13,18,82,43,33,15,70,42,57,84,80,16,43,49,75,43,26,32,44,46,33,71,50,99,121,90,86,88,74,63,64,50,54,40,28,10,21,40,55,43,49,29,27,61,19,27,13,74,61,63,69,68,29,37,77,34,64,73,60,50,56,67,34,16,30,44,33,8,19,22,63,63,84,102,86,61,79,52,56,96,29,57,59,78,,45,115,49,55,45,64,36,24,59,32,25,19,21,42,54,26,7,17,18,31,22,42,15,18,26,24,38,29,23,28,22,8,48,27,68,28,71,34,53,59,72,,28,49,45,21,33,39,63,43,43,22,72,14,33,46,66,57,60,63,46,49,74,98,91,80,83,122,42,63,73,59,53,45,72,45,32,24,72,55,47,59,39,84,66,45,92,37,56,9,10,49,31,37,27,14,27,49,64,34,24,71,95,26,47,23,25,37,10,,40,21,18,43,22,10,7,8,9,20,1,21,36,10,10,30,12,45,24,16,38,9,7,67,31,2,50,78,47,26,10,34,36,21,75,44,24,9,35,184,38,47,6,18,21,13,21,6,12,9,27,67,12,78,13,52,53,36,50,42,13,62,77,24,21,67,34,,34,44,8,49
20150124,2,NO2_24h,119,91,104,104,92,74,101,24,67,92,70,73,95,61,69,86,42,57,107,63,86,79,64,37,49,56,69,78,88,54,38,36,47,88,59,84,79,84,70,48,28,84,60,60,44,51,38,59,63,40,98,86,79,88,49,38,64,33,44,75,37,56,43,14,80,96,36,34,34,66,71,63,50,85,59,54,64,46,49,57,37,73,76,78,64,82,72,44,48,51,61,64,60,26,68,67,35,12,21,46,25,26,89,35,34,18,57,44,62,71,66,28,58,64,93,86,49,47,47,50,25,57,45,81,89,61,76,73,66,61,77,48,44,41,62,17,47,22,59,49,49,49,28,58,41,46,24,72,64,66,55,59,19,34,64,30,53,52,34,38,44,51,38,26,36,43,35,20,27,20,61,70,71,77,89,49,72,61,66,87,46,51,64,81,,45,94,43,43,44,63,58,51,62,32,49,39,46,47,53,31,10,22,46,45,50,46,46,45,66,39,43,25,44,35,33,38,59,33,58,29,51,28,52,68,67,,26,41,44,18,38,38,42,31,55,22,52,21,37,52,55,49,59,54,51,51,55,68,83,60,70,74,42,55,64,63,53,62,63,57,43,32,54,55,67,60,37,48,71,40,71,41,48,21,28,59,30,32,33,35,47,34,59,41,33,60,76,35,57,29,36,43,19,,37,27,25,46,37,15,33,10,22,29,3,21,23,14,17,25,20,32,11,20,22,19,16,31,14,4,54,69,46,36,31,45,33,26,68,42,37,33,34,170,45,62,9,24,24,17,32,8,23,26,40,60,16,62,16,38,40,24,40,32,13,48,60,20,16,68,79,62,42,52,27,46
20150124,2,O3,14,4,5,7,5,9,16,57,19,5,4,6,6,11,14,35,21,28,15,50,6,18,15,36,8,7,8,11,12,11,9,39,15,9,74,7,7,3,26,6,100,5,11,9,12,42,33,5,11,60,11,10,50,16,94,63,26,29,53,78,96,44,92,41,15,5,87,35,28,8,62,64,14,2,49,45,4,17,18,26,67,3,46,4,3,8,5,27,37,18,11,12,4,53,5,12,79,131,100,10,116,106,19,49,23,25,15,19,22,21,21,29,26,20,38,26,49,41,8,43,44,9,24,9,3,7,20,19,22,11,9,39,9,54,119,117,117,62,4,34,4,43,38,6,17,79,73,5,27,13,4,6,42,45,9,46,34,5,12,8,34,21,20,11,24,8,28,76,49,9,20,28,5,2,25,10,12,14,27,9,50,93,37,2,,8,16,15,26,8,16,36,68,24,22,40,57,39,37,15,32,31,62,32,37,39,33,76,68,51,34,6,26,80,23,29,58,55,46,34,30,41,23,18,42,42,,32,76,89,35,40,23,54,42,6,48,2,59,15,29,7,39,17,8,34,19,15,12,4,4,18,3,23,17,7,39,40,51,9,34,56,57,9,5,67,15,54,29,69,37,18,6,7,68,92,53,63,41,68,64,80,34,8,29,39,5,2,50,6,16,26,38,23,,33,28,90,12,77,34,108,120,53,54,96,22,12,50,64,11,91,7,55,45,5,22,81,11,49,79,10,2,19,77,56,70,22,41,28,10,74,54,49,13,39,44,82,19,26,37,77,109,15,53,30,14,31,40,18,5,36,20,19,88,66,13,1,26,4,7,25,20,37,16,36,19
20150124,2,O3_24h,23,31,28,49,28,51,45,68,53,24,50,69,20,26,35,45,66,85,47,99,52,82,89,84,86,66,88,92,83,48,65,84,52,80,115,105,75,83,107,117,122,115,114,118,37,127,114,60,78,96,49,79,93,142,143,117,145,102,137,177,164,142,126,79,50,23,92,80,115,37,90,77,52,19,104,115,40,68,65,30,129,48,66,74,50,58,58,81,80,97,63,40,76,93,87,137,161,139,128,136,156,129,160,198,93,53,80,53,68,60,70,40,56,56,61,40,85,61,54,85,67,59,70,73,34,84,88,112,50,41,49,91,52,91,147,153,155,173,29,103,64,115,63,43,29,85,107,64,72,83,49,57,82,88,67,73,67,90,87,59,93,90,74,75,72,62,61,86,64,80,92,83,79,78,91,102,51,94,96,57,70,79,73,82,,32,121,78,135,43,77,50,90,40,39,75,69,56,72,78,53,62,89,42,53,44,86,79,74,58,76,50,36,142,56,54,70,112,61,72,61,76,57,66,100,97,,47,108,132,46,90,61,101,116,74,119,110,121,58,77,82,110,142,75,85,97,144,43,86,98,83,97,87,92,81,52,66,52,102,56,74,71,57,17,110,72,117,170,149,127,91,67,112,89,146,92,147,128,114,76,110,151,34,47,102,58,50,65,35,33,37,91,58,,113,51,97,72,104,52,114,131,90,106,98,113,49,78,91,103,104,94,59,72,96,27,93,83,86,95,64,46,45,93,58,98,57,82,77,62,96,72,94,92,77,98,92,37,68,104,102,113,22,69,67,61,34,79,19,59,83,51,70,122,77,53,46,784,92,69,31,161,161,49,44,48
20150124,2,O3_8h,6,4,9,8,4,10,21,48,24,5,7,6,6,12,9,18,21,24,12,43,12,27,22,44,15,13,17,17,18,14,20,35,16,12,78,17,8,18,38,35,107,11,20,41,14,63,48,15,16,75,13,9,37,17,97,89,39,53,77,60,111,60,100,43,27,6,81,39,49,10,46,37,27,3,34,44,8,16,32,16,72,4,13,8,8,9,8,37,41,24,19,12,13,69,13,29,112,132,99,35,126,113,39,92,41,30,23,20,27,25,23,29,15,11,24,16,50,33,10,42,50,10,32,11,8,19,29,24,32,12,11,35,13,60,76,116,109,97,6,49,11,54,47,8,17,71,77,9,24,19,10,12,61,59,17,49,38,12,26,16,37,32,23,23,24,16,31,72,57,39,30,17,8,3,15,30,24,34,48,21,60,94,39,5,,11,37,27,51,10,19,15,52,25,21,31,49,23,31,23,29,31,60,36,39,32,54,73,62,40,36,10,30,85,21,30,43,43,30,40,33,32,28,24,38,46,,33,45,82,37,48,24,65,55,6,46,15,56,8,37,25,32,37,15,40,21,32,12,4,7,29,23,16,18,26,39,43,43,24,20,45,42,17,6,50,17,37,68,66,42,19,11,19,68,91,49,81,92,64,46,60,85,9,38,55,12,4,54,8,20,27,56,24,,52,32,86,23,50,42,110,125,48,65,95,39,27,64,68,20,93,30,57,49,28,22,78,40,70,78,11,6,24,69,53,78,35,42,42,19,70,30,70,15,8,26,70,18,23,64,76,102,10,40,36,20,20,49,18,15,51,25,42,98,61,19,6,37,22,13,14,26,57,11,33,14
20150124,2,O3_8h_24h,13,22,19,33,18,38,30,54,32,16,32,49,13,20,23,32,53,71,32,76,37,62,56,73,69,54,62,66,60,38,47,69,39,53,97,81,53,56,81,96,107,93,86,85,29,116,97,46,67,87,33,39,73,105,125,106,112,90,118,134,140,119,116,96,40,18,83,69,80,25,58,41,41,14,77,91,27,56,61,25,113,37,55,58,39,43,46,71,66,77,50,34,61,85,63,105,150,140,120,114,139,119,111,176,86,45,62,41,51,46,49,36,48,42,50,28,74,54,31,74,59,42,58,43,27,63,52,87,35,29,36,69,29,76,119,150,144,163,15,80,41,83,58,31,22,72,96,36,53,55,37,38,75,75,49,64,54,69,52,45,79,77,56,62,61,45,47,78,59,68,68,60,57,56,64,77,40,70,78,50,60,131,60,58,,26,96,62,107,26,60,33,69,33,33,56,57,43,54,62,44,56,76,36,46,38,73,73,63,42,48,36,31,98,49,44,56,73,47,69,56,58,40,51,61,72,,41,65,107,40,70,42,75,103,47,100,83,101,42,61,64,84,104,57,65,75,90,30,49,74,59,75,55,68,63,55,55,43,68,47,62,59,45,15,84,48,84,133,113,72,64,43,88,78,118,73,139,119,100,70,96,125,34,42,83,34,37,59,28,29,34,80,44,,89,43,86,52,76,46,110,125,79,93,95,93,42,73,86,80,100,75,58,59,74,23,87,78,83,84,29,33,43,77,53,91,48,69,70,44,86,60,88,62,40,45,83,32,60,99,94,106,15,51,59,50,28,70,18,41,68,41,57,111,71,40,27,300,85,48,24,126,124,41,37,37
20150124,2,CO,2.483,5.159,4.411,5.182,2.688,4.567,8.942,1.123,1.415,6.544,4.523,3.619,4.104,1.901,2.482,0.661,1.461,1.463,1.554,1.027,1.752,0.938,0.885,1.295,2.136,1.624,1.835,1.832,1.839,1.658,1.891,0.94,2.026,1.746,1.258,1.769,1.619,1.45,1.197,1.802,0.63,1.529,1.71,0.969,1.488,1.066,0.892,0.773,2.628,1.235,1.657,1.382,1.201,1.4,1.123,1.515,0.934,1.193,0.939,0.717,0.888,1.002,0.866,0.493,1.148,1.799,0.687,1.35,1.711,3.61,1.444,1.715,1.532,4.418,1.611,1.192,3.904,0.996,2.154,1.807,0.837,1.776,2.214,4.753,3.094,3.706,3.656,1.529,1.262,1.771,1.804,1.933,3.212,0.799,2.176,1.099,0.931,0.916,0.859,1.002,0.643,0.841,1.425,1.391,1.086,0.802,2.461,3.309,3.303,3.834,4.087,1.37,1.984,1.73,2.607,1.127,1.463,1.726,2.066,0.978,2.017,2.385,1.091,2.694,6.574,1.984,2.694,1.362,1.918,2.393,1.486,2.031,1.69,3.241,0.481,0.663,0.888,0.72,1.513,1.157,3.123,0.968,1.307,1.361,1.25,0.885,0.44,2.014,2.597,3.335,2.858,2.074,1.825,0.495,1.96,1.91,1.834,3.54,3.113,2.925,1.54,1.507,1.946,1.77,0.797,1.573,1.553,0.552,1.415,1.948,0.929,1.951,0.843,1.536,1.229,1.418,1.549,1.543,1.981,0.832,0.702,1.658,1.873,1.671,,0.92,1.96,2.52,0.936,2.975,2.82,1.311,2.361,4.275,5.034,0.599,0.58,0.268,1.212,1.716,1.147,0.479,0.719,1.595,0.699,1.156,1.692,0.975,0.878,1.164,0.826,1.292,2.932,1.204,1.619,0.689,0.806,0.938,0.844,1.079,1.001,1.788,1.33,1.604,3.331,2.942,,1.863,1.391,1.431,1.301,1.269,1.708,2.615,1.321,1.384,1.722,1.092,1.397,1.064,1.863,1.458,1.245,2.005,1.223,0.957,0.759,0.851,2.76,1.859,2.434,1.533,2.08,1.585,1.262,2.241,1.48,0.905,1.944,1.855,1.872,1.356,1.356,3.569,2.143,0.773,2.927,1.89,2.065,0.936,0.955,1.982,0.687,3.272,1.139,1.267,0.953,1.124,1.968,0.69,1.115,0.492,1.176,2.606,0.773,0.919,1.841,1.78,1.099,1.512,1.746,1.922,1.108,0.46,,1.112,0.832,0.944,3.054,1.354,1.139,0.636,0.581,0.484,1.156,0.259,1.158,0.762,0.322,0.817,1.009,0.332,1.269,0.616,1.679,1.595,1.934,1.987,7.129,1.469,0.282,2.35,3.491,2.51,1.574,0.916,0.883,1.754,0.636,1.706,0.588,2.726,1.222,1.497,6.063,3.776,1.812,0.511,0.794,0.366,0.521,0.441,0.408,0.826,0.283,1.42,3.449,0.957,2.846,0.41,2.141,5.065,1.586,2.565,2.503,1.365,1.657,2.981,1.025,0.648,1.384,2.007,1.008,1.327,2.609,0.751,2.968
20150124,2,CO_24h,3.522,2.918,4.043,2.714,4.796,2.465,5.997,1.463,2.401,3.084,2.708,2.545,4.637,2.493,2.95,2.16,1.072,1.737,1.758,1.107,1.566,1.264,1.271,0.99,1.733,1.471,1.903,2.08,1.836,1.617,1.615,1.45,1.698,1.708,1.503,1.729,1.485,1.711,1.34,1.502,0.627,1.468,1.9,0.883,1.619,1.053,0.798,1.196,1.637,1.226,2.106,1.447,1.292,1.059,1.144,1.477,1.105,1.226,0.994,0.91,0.926,1.142,1.09,0.646,1.387,2.431,0.949,1.053,1.133,3.156,2.913,3.272,1.804,2.903,1.619,1.214,3.055,0.987,1.376,2.865,0.791,1.957,2.43,2.664,2.088,3.039,2.534,1.121,1.19,1.316,2.12,1.847,1.679,0.793,2.014,1.246,0.922,0.842,0.903,1.054,0.775,0.93,1.54,1.297,1.076,1.471,1.961,2.79,2.56,3.83,3.014,1.571,1.984,2.403,3.436,2.716,1.564,1.846,2.113,1.088,2.035,1.979,1.028,2.46,2.859,1.793,2.809,1.458,1.874,1.815,1.503,2.02,1.502,2.8,0.959,0.878,1.279,0.793,1.46,1.199,2.514,1.355,1.551,1.267,1.335,1.053,0.596,1.991,2.385,3.249,2.493,1.819,1.465,0.755,1.734,1.703,2.076,1.853,1.842,2.015,1.634,1.203,1.91,1.211,1.985,1.762,1.454,0.779,1.687,1.733,1.07,2.182,0.93,1.479,1.456,1.299,1.48,1.875,2.278,1.096,1.065,1.751,1.92,1.824,,1.019,1.41,2.324,0.889,3.895,1.933,2.885,3.065,4.706,4.977,1.717,1.024,0.979,1.797,1.514,1.38,0.502,0.947,2.611,1.136,1.399,1.734,1.757,1.521,1.638,0.956,1.281,1.829,2.465,1.616,0.927,1.599,1.388,1.221,0.663,1.134,1.577,1.221,1.432,2.997,2.455,,1.577,1.114,1.299,1.235,1.28,1.53,2.555,1.26,2.195,1.715,1.051,1.539,1.145,1.808,1.28,0.772,2.012,1.134,1.243,0.867,1.029,1.751,1.827,1.864,1.351,1.65,1.741,1.055,2.414,1.541,0.716,2.247,1.803,2.253,1.392,1.475,3.581,1.694,1.368,2.464,2.054,2.473,1.227,0.73,2.04,0.714,3.138,1.493,1.427,0.987,1.396,2.002,0.956,1.32,1.185,1.269,2.375,0.776,1.053,1.757,1.611,1.343,1.548,1.669,1.82,1.327,0.569,,1.095,0.915,0.964,3.032,1.621,1.309,0.908,0.71,0.494,1.392,0.306,1.173,0.853,0.504,0.922,0.808,0.76,1.241,0.292,1.788,1.396,1.953,2.257,4.106,1.281,0.366,2.116,3.323,2.376,1.655,2.076,1.491,1.997,0.794,1.767,0.811,2.842,1.875,1.015,9.989,3.897,2.518,0.624,0.751,0.902,0.581,0.467,0.89,1.492,0.638,1.486,3.526,0.988,2.238,0.383,1.305,3.326,1.849,1.78,1.621,0.848,2.557,1.829,0.893,0.558,1.475,3.351,1.085,1.464,2.895,1.774,2.459
20150124,3,AQI,125,323,288,346,186,391,500,40,60,394,254,316,278,77,76,46,224,154,165,148,230,147,126,185,223,208,156,212,233,226,220,126,221,191,132,193,219,231,189,182,76,177,115,149,192,104,99,117,172,137,228,125,139,103,75,81,71,61,91,88,65,82,63,42,153,227,99,47,50,177,108,111,83,219,143,128,164,68,174,60,87,203,268,317,233,251,215,238,128,218,143,182,218,88,225,74,106,78,71,91,74,82,100,138,59,22,237,82,136,217,184,30,54,81,69,31,122,204,156,133,206,250,96,209,377,209,205,186,215,264,185,114,133,177,74,63,70,56,195,230,91,172,210,200,164,139,38,192,139,97,174,164,89,97,131,75,113,293,186,150,193,133,191,156,128,137,156,75,83,86,143,141,156,209,142,258,181,147,138,205,103,195,171,148,,168,156,205,103,124,168,88,80,192,100,76,77,52,76,75,115,39,79,30,72,96,121,58,77,106,130,93,100,85,161,59,71,143,86,109,117,132,115,215,103,108,,171,217,210,103,142,65,203,105,66,98,98,94,86,156,96,111,93,100,85,97,103,171,158,182,149,171,167,154,147,111,126,114,214,132,111,104,205,258,82,216,113,103,157,182,153,130,114,55,57,65,66,132,92,82,54,122,111,141,200,252,269,133,196,164,161,141,28,,71,122,71,108,212,88,59,72,53,82,48,56,33,59,91,68,46,68,50,25,131,32,39,103,34,40,252,93,142,97,76,98,80,139,153,116,122,123,122,380,171,171,71,78,59,34,39,304,136,69,99,133,77,143,43,92,195,116,116,76,31,117,78,97,53,215,91,97,127,120,27,116
20150124,3,PM2.5,85,272,237,295,140,340,528,25,35,343,203,265,227,56,32,27,173,117,125,113,179,112,95,139,172,157,118,161,182,175,169,95,170,143,100,145,168,180,142,137,55,133,86,114,144,77,74,88,130,104,177,94,106,76,54,59,51,43,67,65,37,60,36,22,116,176,74,22,26,133,50,83,49,168,109,97,124,33,131,42,64,152,217,266,182,200,164,187,97,167,109,137,167,65,174,53,79,36,51,60,53,60,75,105,41,14,186,57,103,166,130,19,36,42,49,12,92,153,118,101,155,199,71,158,326,158,154,140,164,213,139,85,101,133,53,28,50,25,146,179,67,130,159,150,124,106,5,144,106,72,131,124,50,26,54,47,84,242,140,115,145,101,143,118,97,104,118,54,61,63,109,107,118,158,108,207,136,112,105,154,76,146,129,113,,127,118,154,76,93,127,59,57,144,75,40,56,35,55,42,86,18,33,21,52,71,91,39,56,79,98,69,52,62,122,38,51,109,63,81,88,100,86,164,76,80,,129,166,159,76,108,46,152,78,47,73,73,70,63,118,71,83,69,75,62,72,76,129,120,137,114,129,126,117,112,83,95,85,163,100,83,77,154,207,60,165,84,58,119,137,116,98,85,31,32,46,47,100,68,60,34,92,83,107,150,201,218,101,147,124,122,107,14,,51,92,51,80,161,65,40,32,21,60,9,26,15,41,67,46,27,22,5,10,99,10,4,76,14,4,201,63,108,72,42,73,57,76,116,68,92,81,92,329,129,129,24,57,41,20,25,86,49,31,65,101,56,109,30,52,146,23,87,55,14,88,57,66,18,164,44,72,96,90,9,87
20150124,3,PM2.5_24h,199,175,178,173,147,194,332,32,96,197,143,170,199,91,59,139,96,125,154,107,136,139,139,110,111,124,152,179,147,165,134,120,119,145,126,131,151,183,127,139,61,133,95,83,121,79,66,76,101,83,156,92,98,63,49,51,57,40,58,70,40,57,79,39,129,202,87,18,33,101,84,105,67,118,93,92,94,31,93,107,61,139,188,181,144,149,117,143,83,121,115,124,123,59,140,52,72,36,47,57,57,47,75,83,51,22,137,64,104,162,93,47,91,91,103,92,105,136,145,103,134,144,58,127,180,132,142,124,130,144,126,83,92,102,108,57,104,52,127,161,54,182,177,122,121,105,16,119,107,82,89,98,37,37,72,37,87,150,98,85,115,74,129,98,84,98,99,69,65,84,123,117,140,171,127,159,162,133,131,155,108,144,129,133,,110,94,123,66,110,106,120,86,157,58,75,101,65,86,57,112,19,35,62,90,88,117,109,89,123,149,83,32,111,137,43,109,136,89,45,117,79,76,115,92,62,,99,138,119,68,100,44,115,77,56,63,54,80,70,111,58,76,69,67,59,62,63,96,114,93,81,84,120,106,82,76,81,86,127,96,78,73,126,154,101,170,88,63,122,110,110,96,86,76,68,82,74,108,79,93,81,109,72,103,126,177,208,136,153,113,107,110,15,,44,87,46,70,123,79,57,38,47,64,11,30,18,51,61,36,32,23,35,18,62,16,28,67,19,7,147,62,95,66,82,91,50,74,104,64,85,97,86,287,120,105,19,50,48,44,28,36,95,74,79,125,52,97,31,44,130,63,62,34,10,91,72,51,24,141,130,61,75,89,64,89
20150124,3,PM10,197,420,374,398,219,489,781,39,67,411,331,405,333,96,100,45,220,155,162,121,250,107,120,174,232,240,156,200,206,246,245,98,254,173,130,211,233,,183,188,71,177,124,157,175,100,103,182,250,130,249,139,121,100,75,86,76,60,76,88,78,86,73,41,167,272,92,46,49,272,164,142,114,238,179,152,221,83,167,59,80,169,313,350,238,247,266,253,120,239,197,195,226,87,224,87,109,71,75,130,73,87,102,130,58,21,263,111,154,219,315,29,56,110,58,30,118,187,138,114,212,239,133,246,467,214,244,217,197,291,221,160,143,203,77,57,70,59,201,245,130,169,192,246,163,133,21,241,162,126,216,174,126,142,209,98,105,306,207,162,169,128,167,153,116,130,171,75,75,101,138,156,152,212,138,,176,126,123,204,92,204,244,170,,164,207,231,87,150,246,123,107,223,125,99,93,51,96,97,95,38,106,25,86,109,120,63,76,105,119,89,149,95,164,66,77,73,86,108,115,124,141,187,112,119,,199,210,176,115,120,56,195,106,67,88,118,82,107,183,135,118,106,128,91,124,113,184,191,176,167,194,221,158,170,130,128,133,238,191,111,124,227,302,110,243,145,154,163,228,204,161,133,58,62,76,70,126,125,82,56,120,154,160,183,257,297,156,187,212,191,162,27,,83,116,73,163,194,,53,50,53,71,32,59,32,56,90,84,,83,49,18,173,31,3,136,24,10,211,134,150,101,99,95,108,225,142,179,123,193,120,432,185,149,90,101,59,33,38,422,220,86,146,133,76,175,33,131,240,180,104,93,9,110,70,141,53,195,129,123,87,126,26,115
20150124,3,PM10_24h,239,280,286,247,260,303,455,79,172,263,235,278,296,143,132,181,126,161,199,120,196,157,180,145,163,208,198,221,197,211,192,155,184,184,164,193,213,200,159,193,82,167,139,114,157,110,98,160,184,119,252,141,140,94,98,97,91,64,80,102,85,99,115,59,201,328,113,46,59,208,158,174,138,181,148,150,189,80,123,148,86,177,260,247,201,198,194,193,105,192,189,185,173,83,186,96,112,65,75,100,88,74,113,120,78,46,209,124,156,200,189,107,125,151,126,142,136,167,194,126,182,178,121,209,268,185,240,209,171,229,204,172,132,168,167,80,140,79,184,235,114,231,220,199,170,148,37,195,159,139,139,154,100,172,174,71,113,196,158,131,144,92,156,130,96,131,149,99,76,109,159,166,173,229,164,153,214,160,157,234,137,217,232,200,,122,153,184,87,173,183,186,137,260,94,161,143,96,154,116,139,58,98,143,111,129,148,177,119,176,179,99,103,163,192,81,158,153,131,77,155,99,113,150,127,92,,158,170,133,102,112,58,138,101,98,90,102,116,133,179,109,121,113,106,93,105,96,153,193,139,134,131,233,147,141,134,124,133,217,168,113,122,197,216,172,284,136,131,163,217,195,157,142,107,106,120,107,161,129,122,123,135,142,171,176,231,282,225,205,205,174,184,28,,82,112,74,144,160,116,77,56,81,122,27,57,40,77,83,74,38,76,39,41,114,36,38,122,23,37,183,119,142,110,237,129,91,216,155,173,145,138,120,361,203,164,46,101,90,116,50,111,169,126,121,158,99,146,43,106,237,217,80,52,15,123,102,131,50,196,228,103,89,137,114,122
20150124,3,SO2,30,103,179,223,80,250,181,27,31,87,148,91,179,122,59,78,50,69,94,18,35,18,32,37,53,41,35,43,29,41,16,16,25,18,17,25,59,27,26,7,6,67,16,10,34,5,18,28,84,23,45,111,38,30,10,14,21,8,17,24,12,17,14,3,24,34,14,37,12,92,18,36,102,28,50,41,84,52,51,31,10,72,43,109,70,107,188,57,35,65,79,65,29,19,74,23,14,6,25,11,12,3,29,15,8,23,77,86,82,579,118,40,79,50,64,45,42,82,44,22,31,23,49,130,311,44,133,104,75,38,33,36,37,19,15,3,16,2,18,29,49,21,20,26,10,40,17,97,118,72,47,61,112,12,302,5,10,69,63,77,34,35,27,40,39,16,19,7,17,27,16,33,14,81,26,45,37,22,20,23,14,61,17,29,,47,37,38,24,154,243,117,31,102,150,22,16,12,79,31,9,22,46,34,37,16,26,30,12,20,21,40,73,8,18,14,9,17,42,36,39,49,37,18,44,14,,13,45,55,23,45,10,36,8,29,30,22,7,9,58,92,95,61,51,77,32,176,201,120,58,28,129,49,51,70,69,42,58,76,30,29,19,67,29,36,82,72,42,59,75,37,10,25,4,8,47,61,37,25,11,14,6,54,23,22,52,32,17,39,11,10,42,4,,31,11,38,15,13,5,5,8,17,54,4,10,19,21,5,14,5,46,2,15,8,5,7,55,30,3,17,40,81,17,54,32,49,52,24,4,43,30,35,60,27,34,23,29,17,16,11,12,14,20,81,72,8,11,24,24,53,75,34,18,31,18,26,11,3,30,161,26,23,42,12,63
20150124,3,SO2_24h,62,92,193,107,135,163,178,58,92,101,110,81,189,231,126,206,97,92,184,23,35,27,47,34,48,42,41,56,34,48,25,32,37,32,26,32,61,36,35,19,9,50,43,27,40,11,14,36,81,31,73,59,42,30,11,14,28,10,22,25,13,35,16,5,37,36,30,28,15,75,53,74,137,33,58,45,100,47,68,52,12,139,68,82,53,134,126,44,40,73,91,73,31,26,94,42,24,7,10,15,15,4,36,19,13,26,75,84,101,465,124,66,124,118,124,149,51,79,65,48,34,27,67,110,140,39,139,84,111,43,64,57,48,23,32,7,27,2,20,37,70,74,20,20,16,49,24,79,98,88,47,68,89,39,152,8,17,64,89,77,29,52,54,45,38,34,27,18,25,33,25,38,15,58,30,41,49,46,33,38,25,28,26,42,,146,33,46,27,157,219,228,83,184,146,115,39,30,120,57,17,44,41,112,61,66,80,72,37,137,68,83,45,15,35,29,18,23,51,55,46,38,32,26,85,16,,14,37,81,23,33,24,32,10,53,26,22,13,17,74,78,84,73,70,77,47,119,127,118,38,44,62,53,42,58,59,49,85,79,47,33,19,55,48,48,84,76,32,128,100,58,30,30,8,16,24,94,20,19,13,27,23,67,16,25,49,53,50,41,15,11,52,4,,37,20,52,34,34,7,36,13,25,79,4,11,30,28,10,14,10,11,6,23,10,6,10,43,18,3,29,45,67,22,92,75,77,86,52,31,114,71,27,168,108,59,22,63,34,33,68,17,48,68,43,107,17,22,24,19,51,60,31,24,35,17,31,11,3,46,127,23,27,89,50,109
20150124,3,NO2,66,127,111,124,75,108,109,9,43,113,89,94,99,44,52,42,48,39,83,59,98,77,60,52,72,68,73,80,108,64,45,32,49,88,51,92,73,87,67,54,20,100,59,80,52,50,66,59,98,43,99,77,70,99,22,44,58,42,41,42,25,41,22,11,63,73,20,44,48,69,17,35,51,102,40,37,73,57,54,23,32,79,85,112,85,96,91,52,41,61,79,54,82,38,90,79,30,8,20,58,18,20,78,36,34,11,73,42,59,88,81,15,36,44,68,36,20,31,45,38,14,65,79,99,126,84,85,84,64,58,58,50,45,36,29,10,16,36,53,45,46,30,31,58,17,27,12,66,57,61,68,68,27,36,67,32,61,70,56,38,49,67,38,16,31,46,36,6,20,17,65,61,75,93,73,60,78,46,67,88,40,52,52,76,,44,126,52,60,45,65,39,24,59,34,18,24,18,46,55,23,5,19,16,36,21,44,17,20,27,20,35,33,26,28,20,9,53,25,63,31,70,38,51,56,68,,27,49,46,18,34,39,58,37,40,17,60,18,24,47,64,57,56,55,47,39,65,107,89,78,82,112,40,70,72,55,34,44,75,30,30,23,66,48,46,46,30,90,55,41,84,37,51,8,8,57,29,38,23,10,20,46,59,37,25,66,89,29,44,23,22,34,9,,39,25,17,40,14,7,6,8,29,20,1,20,32,11,8,25,13,45,29,16,29,10,6,39,25,2,49,74,40,24,10,33,41,24,55,29,23,11,43,186,28,63,6,16,20,15,12,5,11,6,26,68,29,77,12,53,43,44,55,40,14,62,75,23,16,67,39,85,32,46,7,45
20150124,3,NO2_24h,117,93,106,105,92,76,103,24,67,94,71,74,97,60,68,82,43,56,107,63,87,79,64,38,50,58,70,79,90,55,38,36,47,89,57,84,79,84,70,48,28,85,59,61,44,52,40,59,65,39,98,86,79,89,45,39,63,33,45,72,36,55,42,14,78,95,35,34,35,67,69,62,50,86,58,53,64,47,48,54,37,73,77,80,65,82,73,45,47,51,62,64,61,26,68,68,35,11,21,46,25,26,89,35,33,17,58,44,63,72,67,28,58,63,92,85,47,47,47,50,24,57,49,82,90,62,77,74,65,61,76,48,44,41,61,17,44,23,59,49,49,49,28,58,40,45,24,72,65,66,56,60,20,34,63,30,53,52,36,37,44,51,38,13,36,44,36,19,26,20,62,71,72,78,90,50,73,60,66,88,46,52,64,82,,45,95,44,43,44,63,58,50,62,32,48,38,44,47,53,30,10,22,41,45,48,46,44,43,64,39,44,25,44,35,33,37,58,33,59,29,52,28,52,68,67,,26,42,44,19,38,38,43,31,55,22,49,21,37,53,55,50,59,54,52,50,55,71,84,62,71,76,42,57,65,64,53,61,63,57,43,32,55,56,67,60,36,50,70,40,73,42,49,20,27,58,30,32,32,33,37,34,60,41,33,60,77,34,57,28,36,42,19,,37,27,24,46,37,15,30,10,22,29,3,21,23,13,16,25,20,33,12,20,23,19,16,31,14,4,54,70,46,35,30,44,33,26,68,41,37,32,34,170,45,64,9,25,24,17,31,8,22,26,39,60,17,63,16,37,40,24,40,32,14,49,61,21,16,69,78,63,40,51,26,46
20150124,3,O3,18,3,8,7,5,9,13,58,21,5,4,5,6,14,14,33,15,29,12,47,4,14,15,24,9,9,7,9,12,11,7,36,12,9,69,12,10,3,24,8,110,4,12,20,15,44,29,14,8,57,11,14,53,14,94,52,25,23,43,66,92,41,88,50,13,8,86,35,26,8,65,63,14,2,52,59,5,14,21,31,65,3,3,4,3,8,5,29,38,15,9,16,4,48,5,12,75,127,92,10,110,100,23,45,19,27,9,18,18,23,21,29,29,20,43,30,53,42,8,48,42,7,24,10,3,7,20,15,28,11,9,27,11,54,110,117,119,63,4,31,4,40,41,6,18,79,71,10,27,12,5,6,47,40,15,46,31,5,11,7,32,19,18,8,24,4,24,61,37,16,15,27,5,,36,8,11,13,17,10,41,96,47,2,,7,10,9,21,7,17,30,67,25,22,52,51,45,30,13,38,39,55,31,30,39,28,74,63,36,35,9,26,81,26,29,53,44,48,38,28,28,24,16,47,42,,34,55,98,37,33,23,48,45,5,53,15,48,20,21,7,25,17,8,27,26,18,13,6,3,15,3,27,10,5,42,46,50,6,52,54,56,9,5,63,34,70,32,76,40,19,4,6,72,94,43,60,76,74,70,82,48,8,27,36,5,2,38,8,15,26,41,23,,30,26,86,9,84,35,107,119,40,52,94,21,12,49,68,9,83,6,54,44,11,22,82,23,51,80,9,2,22,78,56,67,15,46,39,22,72,56,35,12,54,26,81,23,26,29,85,111,17,64,31,10,18,41,18,4,39,14,14,81,65,12,2,25,9,6,20,13,40,13,37,15
20150124,3,O3_24h,25,31,28,49,28,51,45,69,53,24,50,69,20,26,35,46,66,85,47,99,52,82,89,84,86,66,88,92,83,57,65,84,52,80,115,105,75,83,107,117,122,115,114,118,37,127,114,60,78,96,49,79,93,142,143,117,145,102,137,177,164,142,126,79,50,23,91,80,115,37,92,80,52,19,104,115,40,68,65,32,129,48,66,74,50,58,58,81,80,97,63,40,76,93,87,137,161,139,128,136,156,129,160,198,93,53,80,53,68,60,70,40,56,56,62,41,85,61,54,85,67,59,69,73,34,84,88,112,50,41,49,91,52,91,147,152,155,173,29,103,64,115,63,43,29,85,107,64,72,83,49,57,82,88,67,73,67,90,87,59,93,90,74,90,72,62,61,86,64,80,92,83,79,78,91,102,51,94,96,57,70,79,73,82,,32,121,78,135,43,77,50,90,40,39,75,69,56,72,78,53,62,89,42,53,44,86,79,74,58,76,50,36,142,56,54,72,112,61,72,61,76,58,66,100,99,,47,108,132,46,90,61,101,116,74,119,115,121,58,77,82,110,142,75,85,97,144,43,86,98,83,97,87,92,81,52,66,52,102,56,74,71,57,17,110,72,117,170,149,127,91,67,112,89,146,92,147,128,114,77,113,151,28,47,102,58,50,65,35,33,37,91,58,,113,51,97,72,104,52,114,131,90,106,98,113,49,78,91,103,104,94,59,72,96,27,93,83,86,95,64,46,45,93,58,100,57,82,77,62,96,72,94,92,77,98,92,37,68,104,102,113,22,69,67,61,34,79,19,59,83,51,70,122,77,53,46,784,92,69,31,161,161,49,43,48
20150124,3,O3_8h,8,4,9,7,4,10,20,52,26,5,7,5,6,12,10,21,18,24,12,43,10,24,21,41,14,11,15,15,15,13,18,36,15,10,77,10,7,13,35,27,108,6,16,36,14,56,41,15,14,71,12,9,40,12,95,83,33,46,70,57,107,53,97,41,24,6,84,36,43,9,50,43,25,3,36,46,7,15,29,18,69,3,11,7,6,9,7,34,41,22,16,12,9,64,10,23,104,132,98,24,124,113,31,79,34,28,20,19,25,24,22,29,16,12,25,19,49,36,10,42,49,9,26,11,6,14,29,20,32,11,9,33,11,58,74,114,107,90,5,43,9,50,44,7,17,73,75,7,25,17,8,10,58,53,16,47,35,10,22,13,32,29,22,27,23,14,29,70,54,34,25,17,6,2,18,23,23,27,42,17,57,95,40,4,,10,28,23,43,8,18,18,54,25,21,34,52,27,29,19,30,31,58,34,39,33,51,74,63,40,36,9,28,85,22,28,45,44,32,39,32,31,28,23,39,46,,32,46,83,37,47,24,62,50,5,47,23,54,9,34,21,30,32,13,38,18,27,12,4,5,28,18,17,16,24,41,43,45,20,26,48,44,14,6,51,17,41,60,65,41,16,9,14,67,91,49,75,89,64,49,73,78,9,36,50,11,3,52,7,18,27,51,23,,44,30,87,19,49,40,109,125,42,61,95,32,24,61,66,14,91,20,56,48,20,22,77,33,66,78,10,3,23,71,55,76,32,40,38,18,70,33,63,14,14,28,71,18,20,55,75,104,11,44,34,15,19,46,18,10,46,23,37,94,61,17,1,30,14,11,15,18,53,11,35,13
20150124,3,O3_8h_24h,14,22,18,33,18,36,31,55,34,16,32,49,13,20,23,33,53,71,32,76,37,62,56,73,69,54,62,66,60,38,47,69,39,53,97,81,53,56,81,96,108,93,86,85,29,116,97,46,67,87,33,39,73,105,126,106,112,90,118,134,140,119,116,86,40,17,85,69,80,25,61,47,41,14,77,91,27,56,61,25,113,37,55,58,39,43,46,71,66,77,50,34,61,85,63,105,150,136,120,114,139,119,111,176,86,45,62,41,50,46,49,36,48,42,50,27,74,55,31,71,58,42,57,43,27,63,52,87,35,29,36,67,29,75,119,148,144,163,15,80,41,83,57,31,22,74,96,36,53,55,37,38,75,75,49,64,54,69,52,45,79,77,56,80,61,45,47,78,59,68,68,60,57,56,64,77,40,70,78,50,60,131,60,58,,26,96,62,107,26,60,33,69,33,33,54,56,43,54,62,44,56,76,36,46,38,73,74,64,42,48,36,31,98,46,44,58,73,47,66,56,58,40,51,60,72,,41,66,107,40,70,42,75,103,47,100,89,101,42,61,64,84,104,57,65,75,90,30,49,74,59,75,55,68,63,54,55,45,68,46,62,59,45,13,84,41,84,133,113,72,64,43,88,78,118,73,139,119,100,70,100,125,33,42,83,34,37,58,28,29,33,80,44,,89,43,87,52,76,46,110,125,79,93,95,93,42,73,86,80,100,75,58,59,74,23,87,78,83,84,29,33,40,77,55,92,48,69,70,44,86,60,88,62,40,45,83,32,60,99,94,106,15,51,59,50,28,70,18,41,68,41,57,111,71,40,27,300,85,48,23,126,124,41,36,37
20150124,3,CO,1.908,5.305,4.569,7.112,2.404,4.123,7.789,1.091,1.147,6.495,4.293,3.558,3.994,1.633,2.294,0.592,1.485,1.425,1.65,1.05,1.729,0.987,0.847,1.328,2.185,1.635,1.903,1.854,1.771,1.613,1.789,1.102,2.143,1.724,1.22,1.7,1.598,1.504,1.212,1.607,0.632,1.45,1.689,0.944,1.511,1.029,0.899,1.381,2.531,1.276,1.676,1.264,1.146,1.547,1.102,1.518,0.926,1.193,0.952,0.779,0.896,0.893,0.813,0.483,1.156,1.769,0.646,1.416,1.726,3.541,1.326,1.665,1.545,4.468,1.62,0.956,4.046,1.105,1.987,1.588,0.815,2.143,2.726,4,3.203,3.042,3.81,1.425,1.264,1.96,1.811,1.594,2.54,0.878,2.475,1.09,0.883,0.91,0.882,1.003,0.715,0.805,1.249,1.294,0.935,0.792,2.802,2.953,3.885,4.308,4.28,1.393,1.772,1.58,2.299,0.978,1.123,1.552,2.132,0.901,1.946,2.258,1.465,2.733,6.769,2.049,2.92,1.419,1.787,2.267,1.455,2.064,1.675,3.139,0.439,0.683,0.819,0.675,1.332,1.136,3.358,0.9,1.344,1.324,1.252,0.885,0.434,1.905,2.556,3.03,2.886,2.027,2.073,0.418,1.987,1.967,1.894,3.42,2.065,3.39,1.45,1.565,1.755,1.316,0.858,1.876,1.591,0.554,1.63,1.525,1.005,2.009,0.807,1.36,1.269,1.366,1.447,1.538,2.065,0.795,0.762,1.615,1.808,1.755,,0.784,1.563,2.522,1.024,3.551,2.983,1.433,2.356,4.693,5.084,0.39,0.752,0.406,1.795,2.026,0.885,0.45,0.81,1.397,0.654,1.208,1.706,0.953,0.845,1.243,0.737,1.225,3.019,1.44,1.441,0.666,0.796,0.834,0.814,1.058,0.932,1.951,1.451,1.631,3.075,2.678,,1.745,1.314,1.433,1.367,1.283,1.569,2.602,1.267,1.325,1.682,1.008,1.362,0.904,1.733,1.726,1.256,1.802,1.095,1.079,0.611,0.815,2.953,2.132,2.54,1.561,2.059,1.514,1.269,1.945,1.541,0.798,1.934,1.866,1.747,1.349,1.334,3.534,2.097,0.905,2.63,1.694,2.074,0.799,0.894,1.859,0.708,2.836,1.118,1.245,0.857,1.018,1.97,0.588,1.054,0.427,1.095,2.658,0.809,0.953,1.855,1.682,1.102,1.305,1.812,1.818,1.083,0.412,,1.144,0.963,0.924,3.03,0.986,1.096,0.623,0.582,0.555,1.227,0.252,1.107,0.666,0.374,0.765,1.005,0.324,1.151,0.743,1.697,1.072,1.886,1.969,5.824,1.43,0.277,2.41,3.15,2.441,1.565,0.92,0.843,2.215,0.493,1.502,0.193,2.779,1.208,1.442,5.336,3.031,1.18,0.517,0.687,0.482,0.811,0.356,0.394,0.709,0.234,1.366,3.577,1.836,3.026,0.402,2.303,4.751,1.943,3.077,2.243,1.354,1.574,3.094,0.966,0.559,1.388,2.303,0.983,1.33,2.757,0.882,2.597
20150124,3,CO_24h,3.459,3.052,4.088,2.914,4.649,2.58,6.175,1.448,2.362,3.285,2.829,2.635,4.656,2.435,2.885,2.048,1.098,1.721,1.74,1.107,1.59,1.244,1.253,1.016,1.76,1.5,1.914,2.083,1.851,1.629,1.636,1.449,1.726,1.71,1.481,1.729,1.498,1.701,1.334,1.51,0.64,1.471,1.899,0.899,1.628,1.059,0.8,1.218,1.695,1.23,2.097,1.455,1.291,1.071,1.119,1.477,1.097,1.221,1.002,0.891,0.928,1.133,1.074,0.628,1.367,2.418,0.908,1.055,1.149,3.175,2.866,3.244,1.754,2.998,1.63,1.214,3.09,0.998,1.35,2.71,0.797,1.974,2.459,2.76,2.154,3.038,2.595,1.134,1.19,1.337,2.105,1.857,1.722,0.791,2.021,1.235,0.926,0.845,0.902,1.056,0.775,0.934,1.54,1.308,1.065,1.372,2.01,2.777,2.656,3.852,3.043,1.558,1.972,2.368,3.356,2.684,1.534,1.829,2.128,1.071,2.047,2.002,1.045,2.473,3.055,1.818,2.805,1.471,1.882,1.853,1.508,2.016,1.52,2.83,0.94,0.869,1.246,0.781,1.466,1.195,2.57,1.329,1.538,1.261,1.331,1.034,0.59,1.98,2.406,3.255,2.517,1.863,1.483,0.744,1.72,1.716,2.088,1.928,1.871,2.047,1.627,1.217,1.885,0.984,1.868,1.771,1.472,0.763,1.671,1.708,1.061,2.173,0.932,1.473,1.454,1.31,1.489,1.86,2.27,1.079,1.055,1.76,1.919,1.828,,0.973,1.438,2.331,0.896,3.897,1.972,2.801,3.037,4.708,4.984,1.648,1.022,0.956,1.796,1.545,1.356,0.504,0.937,2.324,1.124,1.389,1.727,1.695,1.475,1.631,0.956,1.289,1.858,2.378,1.639,0.936,1.548,1.338,1.193,0.69,1.138,1.614,1.242,1.444,3.062,2.485,,1.609,1.137,1.305,1.255,1.289,1.551,2.549,1.267,2.206,1.721,0.969,1.543,1.15,1.835,1.298,0.815,2.02,1.138,1.244,0.862,1.026,1.817,1.855,1.914,1.369,1.678,1.747,1.077,2.41,1.557,0.715,2.241,1.802,2.253,1.4,1.473,3.596,1.716,1.348,2.484,2.035,2.638,1.208,0.746,2.039,0.739,3.163,1.471,1.411,0.964,1.368,2.001,0.949,1.321,0.811,1.256,2.41,0.778,1.054,1.758,1.616,1.324,1.559,1.682,1.844,1.318,0.57,,1.098,0.916,0.964,3.052,1.627,1.297,0.877,0.707,0.5,1.37,0.309,1.174,0.845,0.481,0.918,0.806,0.767,1.247,0.321,1.785,1.415,1.952,2.222,4.149,1.289,0.365,2.134,3.333,2.392,1.655,2.043,1.451,1.99,0.773,1.751,0.778,2.854,1.816,1.019,9.266,3.889,2.518,0.623,0.755,0.911,0.592,0.449,0.893,1.435,0.631,1.464,3.431,1.015,2.291,0.383,1.269,3.276,1.813,1.78,1.571,0.893,2.504,1.88,0.904,0.562,1.476,3.365,1.094,1.453,2.876,1.832,2.471
20150124,4,AQI,133,326,276,295,148,361,500,35,56,376,254,372,272,86,78,50,212,168,133,153,231,153,121,178,242,208,160,211,231,217,200,128,225,185,136,195,207,232,193,184,87,175,111,146,199,98,103,110,168,135,234,121,137,98,72,83,72,60,97,88,65,82,57,44,156,226,93,39,45,182,84,109,79,216,143,128,133,67,115,50,88,192,265,328,238,233,210,238,128,219,141,191,206,91,231,76,100,77,74,83,92,82,104,131,65,23,243,80,141,208,196,26,53,70,54,22,126,199,172,136,196,248,91,206,403,214,209,200,214,249,189,114,148,163,71,63,63,55,182,225,97,167,211,207,164,121,38,182,147,94,168,167,101,84,135,70,96,281,164,146,218,135,172,154,133,141,170,69,87,106,149,150,153,203,143,235,185,142,157,188,109,191,174,147,,149,165,193,109,133,174,81,74,174,100,78,111,48,85,75,46,34,87,28,59,103,128,70,75,110,104,110,95,86,148,56,69,127,88,117,111,142,120,220,105,100,,168,208,213,98,148,65,199,104,66,98,111,92,82,157,97,128,86,100,85,85,100,178,157,184,156,171,154,168,147,114,124,111,209,125,111,104,208,258,81,204,98,87,157,156,138,124,106,54,55,65,65,136,92,78,57,115,116,138,198,258,257,132,188,175,142,131,24,,51,122,67,108,206,92,58,71,69,81,48,43,26,60,80,65,46,60,52,24,105,30,40,94,31,40,251,86,141,100,64,106,81,145,153,82,119,145,135,336,132,164,83,80,59,48,38,352,103,86,96,121,101,127,36,89,178,127,117,63,32,100,108,92,54,218,83,100,115,75,21,119
20150124,4,PM2.5,71,275,225,244,113,310,414,20,29,325,203,321,221,63,32,23,161,127,101,116,180,116,91,134,191,157,121,160,180,166,150,97,174,139,103,146,156,181,145,138,64,132,83,111,149,73,76,82,127,102,183,91,104,73,52,61,52,42,72,65,39,60,38,24,118,175,69,21,28,137,42,81,52,165,109,97,101,31,86,35,65,144,214,277,187,182,159,187,97,168,107,143,155,67,180,55,75,37,53,59,68,60,77,99,42,15,192,53,107,157,128,17,31,39,35,12,95,149,130,103,147,197,64,155,351,163,158,150,163,198,142,85,113,123,51,33,44,25,137,174,72,126,160,156,124,91,7,137,112,70,127,126,63,19,42,48,71,230,124,111,167,102,130,117,101,107,128,49,64,79,114,115,116,152,109,184,139,108,119,141,81,143,131,112,,114,125,145,81,101,131,54,51,131,75,42,83,30,59,44,32,17,34,10,30,76,97,39,54,82,77,82,47,63,113,33,49,96,65,88,83,108,90,169,78,75,,127,157,162,73,113,46,149,77,47,73,83,68,60,119,72,97,63,75,62,62,75,134,119,138,118,129,117,127,112,85,93,83,158,94,83,77,157,207,59,153,73,62,119,118,105,93,79,30,31,34,46,103,68,57,27,86,87,105,148,207,206,100,141,132,108,99,12,,31,92,48,80,155,68,39,31,37,59,9,24,10,42,58,43,29,24,10,11,78,8,3,70,18,4,200,60,107,75,39,79,46,68,116,57,89,77,102,285,100,124,27,58,41,27,23,85,47,38,51,91,65,96,25,50,134,33,88,44,14,75,80,63,23,167,36,75,86,43,9,89
20150124,4,PM2.5_24h,194,182,182,180,147,203,341,32,94,206,147,179,202,89,57,127,100,125,151,107,140,138,137,111,115,126,151,179,150,167,137,120,122,145,124,132,152,185,127,138,61,132,95,85,122,79,66,76,103,85,158,93,99,63,49,52,56,40,59,69,40,56,76,37,128,202,85,18,33,103,83,104,66,121,94,92,95,31,92,100,61,140,190,188,147,151,119,145,84,124,115,124,126,59,141,52,72,36,47,58,57,47,75,84,49,22,140,62,106,161,95,46,90,93,98,90,104,135,145,101,132,147,52,130,190,134,144,127,134,147,128,83,94,104,105,55,99,49,127,161,56,179,176,123,123,105,16,120,109,83,92,101,38,37,69,38,87,155,100,87,117,76,129,106,87,100,103,68,65,85,123,116,140,171,127,162,163,133,131,156,106,144,129,132,,111,96,124,66,111,109,119,85,156,59,75,99,64,85,57,103,19,35,60,89,88,115,104,88,122,147,84,33,110,137,42,107,133,88,47,118,81,77,117,93,64,,101,139,121,69,101,44,117,77,56,63,58,80,71,112,58,79,69,67,60,62,63,99,115,95,83,86,120,108,85,77,82,87,130,97,79,74,129,157,100,170,86,63,121,111,110,97,86,73,66,79,72,107,78,92,97,106,74,104,126,179,208,135,154,114,109,110,15,,44,87,46,71,123,79,57,38,46,63,11,30,17,51,61,36,32,23,35,18,64,16,27,67,19,7,151,63,97,67,81,89,50,74,106,64,85,97,87,281,121,108,19,51,48,44,28,38,93,73,78,123,52,98,31,42,127,61,63,34,10,92,74,52,24,143,128,62,75,88,60,90
20150124,4,PM10,213,414,362,389,196,430,654,34,60,409,319,472,319,104,103,49,206,157,145,121,253,113,113,179,244,238,159,198,183,234,219,124,262,174,136,207,218,,182,190,72,180,123,153,195,89,105,154,273,133,232,132,121,93,70,92,73,62,84,95,77,84,62,43,168,268,85,38,44,265,116,142,106,209,170,140,182,82,117,45,80,171,298,385,242,232,277,258,115,247,176,199,214,92,232,83,96,79,79,113,92,81,104,127,77,22,273,107,160,236,339,25,54,87,56,21,122,175,173,112,209,222,129,248,502,211,260,218,200,263,214,168,143,195,80,57,64,57,194,241,132,156,206,251,164,125,20,232,158,122,210,180,150,116,218,88,85,289,217,170,195,128,157,145,130,149,178,66,77,140,149,171,148,198,144,,183,119,142,188,101,207,244,167,,,244,215,99,169,242,110,95,194,125,103,123,47,117,98,20,33,122,27,65,112,128,88,70,113,95,97,137,94,152,59,77,106,86,122,109,128,130,178,110,99,,194,189,179,104,129,61,170,103,63,85,140,80,93,179,141,123,91,122,91,96,112,171,188,189,157,191,203,166,159,142,129,127,241,173,116,127,225,304,103,199,102,122,138,219,153,152,112,55,58,77,64,125,125,76,62,104,157,158,190,268,285,160,170,204,165,158,23,,50,117,69,155,184,,52,48,86,77,44,42,25,53,42,78,,67,52,12,148,29,4,114,16,14,216,119,142,97,76,100,109,238,168,112,128,238,120,397,161,143,113,95,65,47,35,460,154,120,140,126,150,148,33,125,229,201,105,55,21,104,90,131,56,187,114,138,79,98,20,121
20150124,4,PM10_24h,228,292,292,258,260,312,470,78,170,274,243,290,301,140,131,168,132,161,197,120,200,156,177,147,167,212,197,222,198,214,194,155,188,185,161,195,215,205,160,192,81,168,139,117,160,109,98,161,189,120,254,143,140,94,98,97,90,64,80,100,85,98,112,58,199,326,110,45,59,212,157,174,136,184,149,149,190,81,123,135,86,178,263,256,205,199,199,202,105,195,190,186,176,83,188,95,111,66,75,100,87,74,113,121,76,44,214,122,159,201,195,106,125,146,120,140,133,165,196,124,182,181,121,212,282,187,242,212,172,232,207,171,134,171,164,79,134,76,185,226,115,227,218,202,171,148,37,195,161,139,143,157,103,172,173,72,112,203,162,132,146,93,156,130,100,133,153,98,76,110,159,167,173,230,164,155,216,158,156,232,135,219,233,198,,123,158,186,87,174,187,184,136,256,95,160,142,95,154,117,130,56,100,138,110,129,145,169,117,174,177,100,105,161,191,81,154,151,128,79,156,101,114,152,128,93,,162,172,136,102,112,58,141,101,97,91,113,116,133,181,111,123,113,108,94,105,98,156,195,143,136,134,233,150,142,136,125,134,218,171,115,123,199,221,169,283,134,130,162,220,194,160,142,104,104,118,105,159,129,120,142,132,145,170,176,232,283,221,207,205,176,184,28,,81,112,74,146,161,119,75,56,80,119,27,57,39,76,83,73,38,76,40,41,118,36,37,123,23,37,186,120,145,110,233,127,92,221,156,174,143,143,120,364,203,167,50,103,91,115,50,128,169,127,122,154,102,147,42,103,234,215,80,52,15,123,102,130,50,197,227,105,88,135,100,124
20150124,4,SO2,27,111,179,189,75,236,137,21,30,101,138,85,185,155,37,100,68,87,103,18,34,19,36,33,54,39,36,46,30,42,15,18,24,19,17,28,42,22,23,8,7,83,16,14,35,5,27,25,87,24,47,57,40,29,9,13,23,8,21,21,13,18,12,4,25,38,14,36,11,98,18,35,100,23,49,43,78,54,53,25,10,68,46,136,90,144,205,64,37,63,67,51,28,28,80,23,15,6,11,10,17,3,27,7,10,24,78,78,66,639,115,61,79,46,62,65,43,90,44,21,23,23,51,134,329,34,136,92,67,34,28,35,39,17,20,4,16,1,18,29,74,28,17,25,15,43,27,47,112,69,48,72,57,12,177,6,9,71,59,81,29,32,29,26,36,14,18,7,18,32,18,39,15,82,27,45,45,21,21,24,15,44,17,26,,174,42,35,30,152,233,122,30,102,144,19,31,109,64,26,5,32,38,25,42,23,27,37,11,16,54,48,78,7,24,14,8,17,39,40,38,38,40,16,47,11,,11,38,53,22,40,10,30,9,25,30,20,7,7,52,69,140,55,60,63,38,183,236,128,70,28,76,44,48,56,68,39,54,85,28,27,20,44,57,39,98,76,43,75,68,48,12,29,5,7,16,77,51,22,10,16,16,71,22,39,79,34,17,28,11,10,43,4,,28,17,37,19,14,5,5,9,17,54,4,9,20,21,8,13,4,17,2,15,6,5,6,47,27,3,17,38,66,19,55,36,42,27,98,4,45,34,25,50,31,33,23,25,16,16,9,12,9,12,51,70,6,8,23,19,47,85,33,18,33,13,15,9,3,29,126,20,22,38,21,54
20150124,4,SO2_24h,61,94,194,111,132,169,180,58,91,100,113,82,192,227,125,197,97,93,184,23,36,27,47,34,49,43,41,56,35,49,25,32,37,32,26,32,62,37,34,19,9,51,42,27,40,11,14,36,82,31,72,59,42,30,11,14,28,10,22,25,13,35,15,5,36,36,28,28,15,77,53,74,136,33,58,45,102,49,68,48,11,137,66,83,55,132,128,47,40,73,90,71,31,25,93,42,24,7,10,15,15,4,36,18,13,25,77,84,101,479,124,64,124,117,121,149,52,80,66,46,28,28,70,113,151,39,141,86,108,44,63,56,48,23,32,7,26,2,20,40,72,71,20,21,15,49,24,79,101,89,48,70,89,39,152,8,16,65,88,78,29,50,54,40,38,34,27,17,25,33,24,38,15,61,30,42,49,46,33,38,25,29,26,41,,150,34,47,27,158,222,226,80,182,147,114,38,29,121,57,17,44,42,105,61,64,77,72,36,129,69,82,46,15,35,30,17,23,50,55,46,39,33,26,86,16,,14,37,81,23,33,24,32,10,53,26,23,13,17,74,78,88,72,68,77,46,121,135,121,41,44,64,54,42,58,60,49,85,80,47,33,20,56,49,47,86,77,32,125,101,59,31,30,8,15,24,95,21,20,13,28,23,68,17,26,50,52,49,42,15,11,53,4,,37,19,51,34,35,7,33,13,25,77,4,11,29,26,10,14,9,11,6,23,10,6,10,43,19,3,30,45,69,23,91,75,76,86,56,30,114,71,27,167,107,60,22,63,34,33,67,17,46,68,45,107,17,21,24,20,51,60,31,24,35,17,31,11,3,46,128,23,26,88,49,108
20150124,4,NO2,57,127,112,105,72,105,97,7,41,125,90,93,98,49,49,44,48,41,72,56,94,75,63,46,69,62,71,77,101,59,41,35,51,83,60,86,64,85,69,55,16,94,49,70,52,43,67,55,96,50,91,72,64,82,23,51,60,38,39,41,29,48,19,17,61,78,20,45,46,69,18,30,44,97,37,31,69,59,50,18,31,75,87,103,83,94,88,53,43,60,76,60,84,47,93,73,30,8,17,55,29,45,80,27,32,17,77,38,56,94,80,20,36,35,63,39,20,30,41,35,23,62,65,100,124,76,79,76,59,54,50,50,36,31,33,10,15,35,48,42,43,33,25,53,18,27,13,57,56,58,67,61,15,47,53,31,58,67,51,30,46,79,44,25,33,42,40,8,23,18,64,58,73,89,68,63,77,49,79,80,54,48,49,72,,40,130,50,48,42,65,45,21,56,33,15,25,15,39,53,13,4,18,11,32,28,39,23,25,31,19,41,33,69,27,19,10,49,24,57,25,71,40,52,52,63,,27,46,44,20,33,36,57,36,37,17,61,17,22,43,55,62,50,50,51,37,57,114,90,78,71,99,36,74,68,52,43,41,70,23,30,23,61,46,41,45,21,82,44,38,81,34,44,6,6,55,23,48,23,9,23,38,58,36,31,66,83,24,40,23,18,33,8,,32,24,16,39,14,6,7,7,32,18,1,19,23,8,8,25,12,36,21,15,31,11,6,34,43,1,49,73,35,30,11,32,35,23,39,27,22,11,42,170,32,47,6,15,23,14,12,4,10,5,20,65,41,75,12,43,36,21,47,29,8,48,69,18,17,69,39,83,33,26,14,43
20150124,4,NO2_24h,115,95,107,106,92,79,105,23,66,97,73,76,98,60,68,79,43,55,105,63,88,79,65,38,52,59,71,80,91,56,39,36,47,90,57,85,80,85,69,48,27,85,59,62,45,52,41,59,68,39,98,86,79,88,43,39,63,33,45,69,34,55,40,14,76,95,34,34,35,68,67,62,49,87,57,53,65,49,47,51,37,73,77,80,67,83,74,45,48,52,63,64,62,27,69,68,35,11,21,46,25,26,90,35,33,17,59,44,63,74,67,28,57,63,90,84,46,47,47,50,30,58,47,84,93,64,78,75,65,62,74,48,44,41,60,16,42,24,59,49,49,47,28,58,38,44,23,73,65,66,57,61,19,34,62,31,53,53,37,37,43,51,39,26,37,44,38,18,26,20,62,71,73,80,90,51,74,59,66,88,47,53,64,82,,45,98,45,43,45,63,57,48,63,33,47,38,43,47,53,32,10,22,40,45,46,45,43,42,63,38,45,26,46,35,33,36,58,32,59,28,54,29,52,68,67,,26,42,43,18,38,38,44,31,55,22,53,21,37,53,56,51,60,55,52,50,55,74,84,64,72,78,42,58,66,64,54,61,64,57,43,32,56,56,66,60,36,51,70,41,74,43,49,19,25,58,29,33,32,32,45,34,60,40,33,60,77,33,57,28,36,41,19,,37,26,24,47,38,14,27,9,23,28,3,21,23,13,16,25,20,34,13,20,23,18,15,30,16,4,55,70,47,35,29,43,33,26,66,40,37,31,34,169,45,64,9,25,25,17,31,9,22,25,38,60,18,64,16,38,40,24,40,31,14,50,62,21,16,69,77,64,39,51,25,46
20150124,4,O3,23,3,5,6,5,9,9,60,24,5,4,5,6,12,16,30,11,28,14,49,4,14,11,28,11,9,7,8,12,10,7,30,10,8,58,3,11,2,20,5,113,4,12,23,15,49,27,10,8,49,11,74,54,20,90,43,20,22,45,56,78,38,89,47,11,5,83,31,21,8,64,66,18,2,49,65,5,10,25,31,61,3,3,4,3,8,6,30,34,14,9,8,4,41,5,13,75,124,93,8,90,53,16,51,16,21,6,19,17,21,21,23,30,22,29,25,54,41,10,47,40,10,26,10,2,8,22,22,30,11,12,26,12,53,98,116,116,59,4,26,5,28,39,5,16,79,69,7,28,13,6,8,53,25,24,49,37,5,12,15,31,8,13,10,21,2,17,77,33,12,15,27,7,,38,7,11,9,10,9,29,98,41,2,,8,7,12,23,6,17,24,70,25,22,56,51,50,31,15,53,44,57,38,30,33,36,60,58,23,36,7,26,84,27,30,51,53,47,38,31,32,23,12,44,45,,34,37,96,40,35,24,65,42,4,52,3,43,16,20,7,42,16,7,14,27,20,17,4,2,20,5,34,6,9,43,31,50,10,62,55,54,9,5,64,31,71,34,87,38,16,4,13,72,99,41,59,30,74,71,78,62,9,26,29,5,2,34,7,16,28,43,23,,34,24,83,9,83,35,102,114,14,53,91,18,21,55,71,9,89,7,55,44,5,21,78,37,37,80,9,2,22,75,55,77,17,36,51,25,71,58,33,14,35,33,78,27,22,28,85,107,18,65,33,9,5,41,18,4,46,21,20,95,72,26,1,28,4,5,20,5,43,27,34,10
20150124,4,O3_24h,27,31,28,49,28,51,45,69,53,24,50,69,20,26,35,46,65,85,47,99,52,82,89,84,86,66,88,92,83,57,65,84,52,80,115,105,75,83,107,117,122,115,114,118,36,127,114,60,78,96,49,84,93,142,143,117,145,102,137,177,164,142,126,78,50,23,91,80,115,37,92,80,52,19,104,115,40,67,65,34,129,48,66,74,50,58,58,79,80,97,63,40,76,93,87,137,161,139,128,136,156,129,160,198,93,53,80,53,68,60,70,40,56,56,62,41,85,61,54,85,99,59,70,73,34,84,88,112,51,41,49,91,52,91,147,152,155,173,29,94,64,115,63,43,29,86,107,64,72,83,49,57,82,88,67,73,67,90,87,59,93,90,74,75,70,62,61,88,64,80,92,83,79,78,91,102,51,94,96,57,70,79,73,82,,32,121,78,135,43,77,50,90,40,39,75,69,56,72,78,54,62,89,42,53,44,86,79,74,58,76,50,36,142,55,54,71,112,61,72,61,76,58,66,100,99,,47,108,132,46,90,61,101,116,74,119,110,121,58,77,82,110,142,75,85,97,144,43,86,98,83,97,87,92,81,52,66,53,102,62,74,71,57,17,110,72,117,170,149,127,91,67,112,89,146,92,147,128,114,77,110,151,25,47,102,58,50,65,35,33,36,91,58,,113,51,97,72,104,52,114,131,90,106,98,113,49,78,91,103,104,94,59,72,96,27,93,83,86,95,64,46,45,93,58,102,57,82,77,62,96,72,94,92,77,98,92,37,68,104,102,113,22,70,67,61,34,79,19,59,83,51,70,122,76,53,46,784,92,69,31,161,161,49,44,48
20150124,4,O3_8h,10,3,8,7,5,10,19,56,27,5,6,5,6,12,11,24,16,24,13,44,9,21,18,38,13,10,13,13,14,12,15,36,14,9,74,6,7,9,31,21,109,5,14,32,14,50,36,14,12,67,11,16,44,11,94,77,29,41,64,57,102,46,94,40,21,6,85,34,38,8,54,51,23,3,39,48,6,13,27,20,66,3,10,6,5,8,6,31,40,20,14,11,6,59,8,19,97,131,96,13,119,105,25,69,28,26,17,19,23,23,22,28,18,13,24,21,49,39,10,42,43,9,27,10,5,12,28,19,30,11,9,31,11,57,75,114,107,83,4,35,7,46,43,6,17,76,75,6,24,15,6,8,56,46,16,47,35,9,19,13,29,26,20,17,22,11,28,72,50,27,22,17,6,2,20,18,21,21,36,14,52,95,41,4,,9,21,19,37,7,18,20,57,25,21,39,53,32,28,16,35,33,58,33,38,33,48,73,63,39,36,9,26,86,23,27,46,44,34,39,34,29,28,22,40,44,,33,45,85,37,46,23,62,46,5,48,10,53,10,32,17,30,27,10,35,17,24,12,4,4,27,16,20,14,22,41,40,46,17,31,51,47,13,6,55,18,47,53,68,40,15,8,12,67,93,48,71,81,65,53,65,73,9,34,46,9,3,50,7,17,26,47,23,,40,29,88,14,52,38,108,124,37,59,95,26,22,60,66,12,90,14,56,46,16,22,78,29,60,78,10,2,22,72,55,75,29,38,36,18,69,37,57,12,18,31,71,19,19,47,75,108,12,50,31,11,17,45,18,6,42,22,34,94,63,18,1,28,11,10,16,14,50,13,35,12
20150124,4,O3_8h_24h,15,22,18,33,18,36,31,57,35,16,32,49,13,20,23,33,53,71,31,76,37,62,56,73,69,54,62,66,60,37,47,69,39,53,97,81,53,56,81,96,109,93,86,85,28,116,97,46,67,87,33,38,73,105,126,106,112,90,118,134,140,119,116,78,40,15,86,69,80,25,64,54,41,14,77,91,27,56,61,25,113,37,55,58,39,43,46,70,66,77,50,34,61,85,63,105,150,133,120,114,139,119,111,176,86,45,62,41,49,46,49,36,48,42,50,27,74,56,31,69,57,42,58,43,27,63,52,87,35,29,36,67,29,75,119,145,144,163,15,73,41,83,56,31,22,76,96,36,53,55,37,38,75,75,49,64,54,69,52,45,79,77,56,62,61,45,47,78,59,68,68,60,57,56,64,77,40,70,78,50,60,131,60,58,,26,96,62,107,26,60,33,69,33,33,52,57,43,54,62,45,56,76,36,46,38,73,74,64,42,48,36,31,98,44,44,58,73,47,63,56,58,40,51,60,72,,41,66,107,40,70,42,75,103,47,100,83,101,42,60,64,84,104,57,65,75,90,30,49,74,59,75,55,68,63,52,55,46,68,46,62,59,44,13,84,40,84,133,113,72,64,43,88,78,118,73,139,119,100,70,96,125,31,42,83,34,37,58,28,28,32,80,44,,89,43,88,52,76,46,110,125,79,93,96,93,42,73,86,80,100,75,58,59,74,23,87,78,83,84,28,33,39,77,55,93,48,69,70,44,86,60,88,62,40,45,83,32,60,99,94,108,15,52,59,50,28,70,18,41,68,41,57,111,71,39,27,300,85,48,22,126,124,41,37,37
20150124,4,CO,1.683,5.361,4.86,5.273,2.126,3.763,5.817,1.063,1.128,4.718,4.189,3.649,3.49,1.777,2.536,0.585,1.457,1.44,1.337,1.095,1.72,1.06,0.903,1.328,2.24,1.565,2.09,1.85,1.713,1.559,1.694,1.111,2.162,1.712,1.243,1.569,1.579,1.633,1.22,1.49,0.638,1.485,1.716,0.965,1.638,0.977,0.912,1.136,2.552,1.333,1.764,2.56,1.106,1.025,1.096,1.518,0.973,1.19,0.908,0.747,0.92,0.903,0.791,0.51,1.153,1.743,0.621,1.602,1.65,3.389,1.236,1.665,1.52,4.292,1.564,0.87,3.679,1.085,1.602,1.408,0.817,1.913,2.585,4.119,3.099,2.757,4.028,1.495,1.3,1.98,1.76,1.934,2.512,0.849,2.347,1.086,0.836,0.917,0.867,0.988,0.829,0.791,1.389,1.191,0.987,0.876,2.805,3.029,3.772,4.27,4.278,1.51,1.687,1.262,2.257,0.928,1.07,1.434,1.984,0.881,1.978,2.102,0.996,2.687,9.135,2.035,2.873,1.394,1.764,1.92,1.441,2.145,1.557,2.999,0.422,0.688,0.792,0.657,1.22,1.19,3.702,0.918,1.339,1.226,1.251,0.887,0.448,2.067,2.532,2.863,2.882,1.803,1.672,0.377,1.108,1.976,1.885,3.651,1.816,3.254,1.542,1.622,1.964,1.603,1.054,1.976,1.881,0.55,1.746,1.526,1.086,2.081,0.776,1.295,1.36,1.386,1.464,1.533,2.058,0.741,0.841,1.56,1.741,1.626,,0.782,1.139,2.472,0.958,3.908,2.915,1.678,2.288,5.186,5.132,0.734,0.81,0.375,1.267,1.46,0.513,0.549,0.818,1.285,0.627,1.39,1.444,1.11,0.897,1.416,0.644,1.32,3.178,1.692,1.351,0.608,0.805,0.805,0.769,1.045,1.1,1.965,1.439,1.675,2.876,2.61,,1.83,1.256,1.375,1.36,1.316,1.283,2.564,1.25,1.402,1.683,1.058,1.392,0.912,1.743,1.98,1.447,1.826,1.01,1.148,0.607,0.827,3.333,2.985,2.624,1.452,1.895,1.392,1.401,1.92,1.52,0.814,1.909,1.799,1.711,1.349,1.345,3.507,2.033,0.794,2.368,1.554,2.069,0.626,0.873,1.697,0.774,2.631,1.101,1.218,0.826,1.142,2.005,0.536,1.017,0.57,1.048,2.543,0.792,0.952,1.875,1.58,1.082,1.243,1.733,1.616,1.053,0.388,,1.06,1.048,0.906,3.026,0.983,1.066,0.617,0.577,0.484,1.31,0.257,1.083,0.71,0.328,0.744,1.063,0.304,1.064,0.585,1.629,0.859,1.878,1.985,4.396,1.47,0.282,2.507,3.422,2.45,1.563,0.892,0.793,1.997,0.885,1.269,0.142,2.846,1.122,1.086,4.587,3.153,1.615,0.701,0.683,0.489,0.712,0.334,0.37,0.621,0.254,1.157,3.362,1.772,2.951,0.403,2.219,3.626,1.894,3.022,1.625,1.198,1.265,2.835,0.87,0.576,1.493,1.737,0.951,1.274,2.127,0.746,2.832
20150124,4,CO_24h,3.394,3.187,4.135,3.021,4.488,2.682,6.282,1.432,2.323,3.408,2.946,2.727,4.644,2.389,2.821,1.921,1.124,1.711,1.711,1.109,1.613,1.224,1.24,1.037,1.789,1.532,1.934,2.08,1.861,1.639,1.654,1.447,1.751,1.711,1.46,1.729,1.512,1.696,1.328,1.513,0.653,1.474,1.897,0.916,1.64,1.061,0.802,1.23,1.751,1.237,2.092,1.457,1.291,1.061,1.118,1.478,1.09,1.216,1.007,0.872,0.926,1.125,1.054,0.611,1.349,2.397,0.877,1.063,1.175,3.196,2.819,3.215,1.715,3.064,1.636,1.209,3.127,1.018,1.328,2.563,0.802,1.978,2.472,2.852,2.218,3.018,2.656,1.16,1.194,1.362,2.092,1.871,1.76,0.794,2.027,1.224,0.929,0.848,0.9,1.057,0.781,0.933,1.552,1.316,1.053,1.335,2.061,2.741,2.726,3.884,3.079,1.546,1.974,2.339,3.275,2.637,1.509,1.811,2.14,1.053,2.06,2.016,1.03,2.485,3.351,1.843,2.811,1.483,1.883,1.879,1.513,2.022,1.531,2.853,0.92,0.859,1.212,0.77,1.47,1.273,2.643,1.311,1.525,1.253,1.33,1.024,0.588,1.973,2.429,3.266,2.542,1.887,1.487,0.738,1.661,1.728,2.09,2.015,1.885,2.072,1.623,1.235,1.872,1.229,1.765,1.793,1.506,0.742,1.66,1.688,1.056,2.168,0.935,1.47,1.457,1.322,1.498,1.841,2.262,1.058,1.043,1.765,1.909,1.827,,0.95,1.448,2.337,0.902,3.905,2.005,2.697,3.003,4.714,4.989,1.586,1.02,0.936,1.768,1.541,1.33,0.51,0.932,2.283,1.118,1.384,1.711,1.641,1.43,1.626,0.948,1.302,1.896,2.323,1.658,0.946,1.499,1.302,1.167,0.713,1.156,1.651,1.26,1.46,3.119,2.512,,1.638,1.157,1.307,1.272,1.297,1.561,2.547,1.274,2.219,1.727,1.07,1.547,1.157,1.852,1.324,0.867,2.026,1.138,1.248,0.858,1.022,1.907,1.918,1.967,1.386,1.703,1.746,1.102,2.425,1.571,0.715,2.242,1.802,2.25,1.408,1.471,3.607,1.74,1.326,2.491,2.005,2.614,1.186,0.762,2.032,0.754,3.183,1.45,1.415,0.947,1.348,2.003,0.937,1.32,1.144,1.244,2.437,0.782,1.055,1.772,1.62,1.309,1.569,1.694,1.859,1.309,0.575,,1.093,0.916,0.965,3.072,1.63,1.283,0.85,0.703,0.504,1.346,0.312,1.176,0.836,0.461,0.913,0.805,0.777,1.249,0.343,1.785,1.429,1.952,2.202,4.11,1.294,0.364,2.159,3.355,2.409,1.657,2.007,1.415,1.972,0.782,1.736,0.716,2.872,1.756,1.019,8.395,3.878,2.537,0.629,0.765,0.918,0.597,0.434,0.894,1.393,0.629,1.43,3.375,1.054,2.345,0.383,1.282,3.171,1.8,1.792,1.501,0.93,2.449,1.924,0.911,0.567,1.484,3.35,1.103,1.441,2.851,1.629,2.499
20150124,5,AQI,110,318,287,246,138,329,346,32,54,330,263,433,259,89,79,54,196,185,120,161,226,165,127,174,258,191,167,208,223,204,181,128,233,178,139,200,182,228,198,185,81,168,108,182,207,96,106,92,167,136,237,127,138,91,72,85,75,64,99,83,67,86,55,40,154,219,91,36,44,186,73,113,74,200,142,128,124,75,88,45,87,192,262,336,250,236,205,259,132,216,142,188,218,94,239,75,99,77,71,81,91,83,108,125,60,25,240,80,143,209,165,30,44,70,54,30,137,186,164,114,195,250,99,212,405,240,200,209,219,238,192,116,135,148,62,62,58,53,165,215,99,167,220,199,158,126,38,185,141,91,158,160,102,79,120,66,93,271,146,154,238,136,179,150,135,144,172,71,99,104,168,160,160,191,160,244,200,141,153,178,122,177,179,135,,110,154,186,105,142,178,78,73,154,94,79,133,43,86,64,42,32,84,19,51,115,122,75,77,120,114,114,99,87,131,42,67,120,83,125,100,148,128,226,104,96,,181,195,218,99,153,58,192,99,67,100,106,89,83,189,98,131,85,100,86,76,97,202,177,205,158,170,139,191,153,117,121,115,205,114,108,104,203,256,82,179,96,91,121,163,128,121,97,52,53,62,75,136,85,76,53,106,111,139,212,259,244,136,172,154,148,130,22,,47,132,65,110,199,82,57,70,62,96,48,34,14,58,67,67,45,54,100,23,58,31,40,52,29,40,236,86,135,116,64,116,75,98,139,73,122,122,125,297,137,177,74,81,75,47,40,167,87,83,87,111,87,111,26,84,124,123,104,56,33,85,114,89,57,225,71,104,120,58,28,116
20150124,5,PM2.5,61,267,236,195,105,278,295,15,30,279,212,368,208,66,32,22,147,139,90,122,175,125,96,131,207,143,126,157,172,153,136,97,182,134,106,150,137,177,148,139,59,127,80,137,156,71,79,68,126,103,186,96,105,67,52,62,54,45,74,61,42,63,37,22,117,168,67,21,19,140,34,84,53,150,108,97,93,40,65,31,64,144,211,285,199,185,154,208,100,165,108,141,167,70,188,54,74,42,51,59,67,61,80,94,42,15,189,53,109,158,125,17,24,50,35,17,104,140,124,85,146,199,74,161,356,189,150,158,168,187,144,87,102,113,42,28,38,24,125,164,74,126,169,149,120,95,7,139,107,67,120,121,38,18,38,47,69,220,111,117,187,103,135,115,102,110,130,51,74,72,127,121,121,143,121,193,150,107,116,134,92,133,135,102,,82,116,140,78,108,134,55,50,117,70,43,101,28,63,33,29,17,36,10,27,86,92,47,56,90,54,85,48,64,99,29,48,90,61,94,75,113,97,175,77,71,,136,146,167,74,116,40,144,74,48,75,79,66,61,142,71,99,62,75,63,55,72,151,133,154,120,128,106,143,116,88,91,86,154,85,80,77,152,205,60,135,71,67,91,123,97,91,72,32,29,32,54,103,62,55,24,79,83,106,161,208,193,103,130,117,113,98,12,,28,100,46,82,149,60,37,27,37,71,8,21,7,40,48,47,27,16,75,8,28,9,2,17,14,5,185,63,102,87,45,87,33,63,106,47,92,63,94,246,104,133,27,59,38,24,11,40,46,38,38,83,63,83,18,49,93,47,77,39,8,62,85,54,29,174,36,77,90,33,19,87
20150124,5,PM2.5_24h,188,189,186,185,147,209,347,31,92,212,153,190,206,88,57,118,104,125,148,108,142,137,134,113,119,129,150,179,153,169,138,119,124,145,121,134,153,185,127,138,60,132,95,88,124,79,67,77,104,87,161,95,99,63,49,52,56,41,60,68,39,56,73,35,128,201,84,18,32,105,82,105,64,123,95,93,96,32,92,96,61,141,191,195,151,153,121,149,86,126,115,125,129,60,144,52,72,36,46,58,57,47,76,84,47,22,144,61,107,161,96,45,88,87,94,88,104,134,146,99,137,149,61,132,200,137,146,130,139,151,129,83,95,106,102,53,95,47,128,161,56,175,174,124,123,106,15,121,111,83,95,104,38,37,66,39,86,160,102,88,121,76,130,108,90,101,106,67,65,85,123,117,139,171,126,165,163,132,131,156,104,145,129,131,,111,97,125,67,112,112,116,84,155,60,74,98,64,86,56,101,19,35,55,88,88,112,100,87,122,144,85,34,109,136,42,105,132,86,49,118,83,78,118,95,64,,104,140,123,69,102,44,120,77,56,64,59,80,71,114,59,81,69,68,60,62,64,103,117,99,85,88,121,111,86,79,83,88,132,98,79,74,131,160,98,170,86,63,120,113,110,98,85,70,63,78,70,107,77,91,92,102,76,104,127,180,207,134,156,115,110,110,15,,43,87,46,73,124,78,55,38,46,62,11,30,17,50,60,37,32,23,37,18,65,16,25,67,18,7,153,63,98,68,80,88,49,74,108,63,86,96,87,273,121,110,20,53,49,44,28,39,92,73,77,120,52,99,31,42,123,60,63,34,10,92,76,52,25,145,125,63,75,87,55,91
20150124,5,PM10,168,395,379,302,182,413,445,31,55,370,326,532,296,108,106,55,190,174,119,130,244,121,122,162,276,231,164,193,176,215,199,122,273,166,141,209,188,,184,190,77,167,119,200,194,82,109,117,245,140,226,129,120,84,73,81,76,65,85,80,82,92,57,39,168,260,78,35,43,270,94,132,95,216,174,144,169,97,92,35,78,152,284,369,272,225,275,270,118,246,170,216,221,97,250,84,90,78,74,103,98,89,107,114,64,24,257,108,164,238,270,26,43,87,55,24,132,175,171,98,199,205,123,241,491,211,240,218,230,246,210,177,139,173,71,55,56,54,183,225,141,166,219,234,156,118,21,268,160,109,197,166,151,106,188,73,84,288,174,167,211,129,164,150,130,148,186,69,89,155,159,182,153,195,152,,192,121,143,184,113,199,247,157,,,256,197,98,162,241,104,93,190,115,106,129,42,112,76,,31,115,18,50,126,122,97,68,129,176,106,145,112,133,34,71,95,85,142,106,133,158,185,100,110,,210,177,192,111,130,53,157,95,66,84,125,71,85,164,143,127,92,116,91,79,109,196,212,193,151,186,186,171,167,144,122,131,240,153,114,124,221,299,97,176,108,112,103,204,149,150,88,51,54,72,65,136,118,72,54,93,151,158,202,274,276,162,160,203,168,156,21,,46,114,61,147,175,,49,46,71,93,41,33,13,47,54,81,,56,,1,63,30,7,51,,13,209,117,156,104,73,107,98,144,195,93,121,191,116,326,153,148,95,95,98,46,25,282,122,113,121,143,121,137,24,116,168,194,97,46,24,95,86,125,62,196,90,124,77,64,27,120
20150124,5,PM10_24h,257,302,299,265,259,322,480,77,168,282,251,305,305,138,131,156,137,161,193,120,204,156,175,149,173,216,197,222,199,216,197,154,190,185,158,196,216,212,160,191,81,168,139,123,162,108,98,162,192,122,255,144,141,93,98,98,89,65,81,99,85,98,108,56,197,324,108,44,58,217,156,174,133,187,149,149,191,83,122,129,86,178,264,262,209,201,203,201,105,199,190,187,179,84,191,95,110,67,74,101,88,74,114,122,73,44,218,121,161,204,199,105,123,145,115,137,131,164,197,122,187,183,122,216,296,190,245,215,173,235,208,170,135,174,159,77,129,73,185,226,117,221,216,205,171,147,37,196,163,140,147,160,106,171,172,73,111,211,164,133,150,95,158,132,104,134,157,96,76,113,160,169,174,231,164,155,216,157,156,230,134,221,233,197,,124,163,187,88,175,191,182,136,253,95,161,140,95,155,117,132,52,103,135,109,130,142,160,115,174,178,102,108,159,189,80,151,147,126,82,156,103,115,153,130,95,,165,173,137,103,113,59,142,102,98,92,114,116,134,183,113,125,113,109,95,105,99,160,197,147,138,137,233,152,146,138,126,135,218,172,116,124,202,227,167,282,133,128,158,222,193,163,141,102,101,116,101,158,129,118,137,128,148,171,178,235,283,219,209,206,178,184,28,,80,113,73,148,162,124,74,56,78,117,28,57,38,75,81,73,38,76,41,41,120,36,37,124,23,38,188,121,147,110,230,125,91,224,160,174,143,146,120,362,204,169,53,105,94,115,50,138,168,130,122,155,104,149,41,102,230,216,81,53,16,124,103,129,50,199,224,108,87,132,105,126
20150124,5,SO2,26,99,161,130,79,228,164,23,28,103,126,103,172,177,44,156,108,107,122,20,31,21,36,28,55,35,37,45,30,40,15,18,24,20,20,29,31,20,32,8,7,45,19,22,37,5,32,23,81,27,53,53,39,30,9,11,23,8,25,21,12,23,11,3,24,41,15,33,8,92,24,35,114,17,45,44,95,53,61,34,8,75,42,82,154,157,192,69,43,61,59,53,27,27,89,21,16,6,9,11,19,3,29,7,10,18,104,64,93,568,116,88,72,39,69,89,47,83,54,30,30,23,45,142,315,63,143,115,73,36,35,41,39,15,20,4,14,1,18,29,100,48,14,25,14,54,21,36,122,74,61,84,39,15,148,7,10,71,76,72,40,32,33,27,24,14,18,8,18,26,22,41,16,70,26,46,43,28,24,21,16,41,23,30,,144,44,33,25,178,236,166,30,98,136,24,27,13,99,27,7,33,44,41,27,53,42,43,12,15,62,48,75,8,19,14,9,21,38,59,42,36,43,15,42,11,,12,38,56,22,31,10,34,10,22,32,20,7,7,53,60,130,58,70,50,40,166,275,163,65,37,44,45,61,42,63,43,52,76,27,17,20,39,35,32,98,77,34,87,60,51,11,31,4,6,31,107,38,19,9,23,9,63,18,38,85,44,19,25,12,10,42,4,,32,16,36,19,14,4,5,9,18,70,4,8,15,38,8,12,3,8,2,13,7,6,5,43,12,3,20,39,59,23,75,51,32,93,88,3,38,31,20,79,28,23,23,24,15,15,28,13,7,8,40,63,7,8,23,16,43,90,23,15,34,9,14,7,3,28,145,22,19,40,29,66
20150124,5,SO2_24h,60,95,193,112,129,175,183,57,90,100,116,85,195,226,125,188,96,94,183,23,35,27,47,35,50,43,41,55,35,50,24,32,38,32,26,32,62,37,34,18,9,51,42,27,41,11,15,36,83,30,71,59,43,30,11,14,28,10,22,25,13,34,15,4,35,37,27,28,15,79,53,75,137,32,59,45,103,50,68,46,11,134,64,82,60,133,129,47,41,73,90,69,31,25,93,42,23,7,10,15,15,4,36,18,13,24,79,83,102,487,122,64,123,113,116,150,52,81,66,44,33,27,63,116,161,41,142,89,108,44,63,56,49,23,32,6,24,2,20,39,75,68,20,21,14,49,23,79,104,91,49,73,88,39,152,8,16,66,88,78,29,49,53,40,37,34,26,17,24,33,24,39,16,62,30,42,48,45,32,38,25,30,26,41,,151,35,47,27,158,224,225,78,180,148,112,37,29,124,56,16,43,43,109,61,63,76,72,35,122,71,81,48,15,35,30,17,24,49,54,46,39,34,27,87,15,,14,37,81,23,33,24,33,10,53,27,23,13,17,73,78,91,72,67,77,45,122,144,125,42,44,64,54,43,58,61,49,83,82,47,33,20,57,49,47,88,77,32,119,101,59,31,30,8,15,24,97,22,20,13,28,21,69,17,27,52,52,48,43,14,11,52,4,,37,19,50,34,35,6,27,13,25,77,4,11,29,24,10,13,9,11,6,23,10,6,10,42,19,3,30,46,70,23,91,76,76,87,59,30,114,70,27,168,106,61,23,63,34,33,67,17,46,65,46,107,15,21,24,20,51,62,30,24,36,17,31,11,3,47,131,23,25,87,48,107
20150124,5,NO2,58,119,105,89,65,102,96,9,42,116,90,94,95,53,50,47,47,45,77,61,90,74,67,51,67,57,68,74,95,54,37,30,51,80,73,80,59,82,65,51,19,83,44,62,52,39,69,51,96,48,84,64,61,82,29,40,60,44,38,46,36,50,19,13,63,70,19,38,39,67,20,36,43,92,33,33,69,63,46,18,28,75,85,87,92,95,86,61,45,60,74,62,78,30,93,72,27,8,18,52,25,33,79,25,26,21,80,38,57,94,79,27,28,52,68,40,21,29,43,37,25,61,68,98,123,71,74,77,65,52,58,47,35,34,24,10,13,28,47,39,43,34,19,51,22,38,10,54,59,59,68,58,15,37,46,28,48,65,59,31,44,77,47,25,32,37,54,12,25,15,60,64,72,83,77,66,76,61,84,76,67,45,50,69,,33,132,49,49,43,63,56,18,53,32,17,29,18,42,76,13,6,20,11,26,29,34,22,31,36,22,43,32,39,23,19,10,56,23,52,27,66,45,54,49,63,,29,45,37,25,42,35,55,35,35,18,58,13,20,45,50,59,51,48,43,34,57,119,91,76,62,86,33,72,71,47,59,39,69,22,26,23,60,43,39,37,23,73,38,32,72,31,37,5,6,52,23,46,20,8,24,29,53,37,28,65,77,26,40,24,18,31,7,,30,27,15,37,14,3,6,7,41,29,1,18,5,7,8,22,12,30,15,12,25,16,6,26,17,2,49,72,36,30,31,36,25,23,38,23,19,8,33,179,26,28,8,15,14,11,17,5,8,6,14,57,39,73,4,39,39,27,34,24,8,40,66,9,16,66,34,85,40,24,18,42
20150124,5,NO2_24h,113,97,108,105,91,81,106,23,65,98,74,78,100,60,67,77,44,56,104,63,89,79,66,39,53,60,72,80,92,57,39,36,48,90,57,85,80,86,69,48,27,86,58,62,45,52,43,59,70,39,98,85,79,87,42,39,63,33,44,67,34,55,38,14,75,95,32,34,35,68,65,61,49,88,56,53,65,50,47,49,37,74,77,81,69,83,75,47,48,52,63,64,63,27,70,69,34,11,21,47,24,26,90,35,32,17,61,43,63,75,68,28,56,63,89,83,45,46,47,49,23,58,50,85,94,64,78,75,65,62,74,48,44,42,59,16,39,24,60,48,50,46,27,58,36,43,23,72,65,67,58,62,18,35,61,32,53,53,38,37,42,53,40,26,37,44,38,18,26,20,62,71,74,81,91,52,75,59,66,88,49,53,64,83,,45,100,45,42,45,63,58,47,63,33,46,37,41,48,53,31,10,23,42,45,45,45,41,41,63,38,45,26,46,34,33,34,58,31,59,29,55,30,53,68,67,,27,43,43,19,37,38,45,32,55,22,54,21,36,53,56,52,60,55,53,49,55,76,85,66,72,80,42,59,66,64,55,60,64,56,43,32,56,57,66,60,36,52,69,42,76,43,48,19,24,58,28,34,31,30,44,33,61,39,34,61,78,33,56,28,36,41,19,,37,26,24,48,38,13,25,9,23,27,3,21,22,12,15,25,20,33,13,20,24,17,14,30,16,4,55,71,47,34,29,42,32,26,65,39,36,30,34,169,45,64,9,25,24,17,31,9,22,25,36,59,19,66,16,38,39,25,40,31,14,50,62,21,16,70,76,65,38,50,25,47
20150124,5,O3,25,3,5,6,6,9,9,55,22,5,4,5,6,10,16,27,10,27,13,43,4,12,10,20,10,8,7,8,12,11,7,31,8,8,44,5,11,2,24,4,105,4,13,13,16,50,19,7,8,49,12,29,54,15,83,39,18,17,47,52,63,18,88,50,7,10,81,34,26,8,63,54,19,2,50,64,5,5,28,31,60,3,3,3,3,8,5,27,30,14,10,8,4,60,6,14,79,123,92,8,93,54,16,51,19,16,6,19,17,21,20,18,33,10,26,24,51,40,8,43,48,11,22,10,2,10,24,13,26,11,9,31,13,55,103,113,114,68,3,28,4,28,40,7,17,66,72,4,28,12,6,9,53,37,29,48,44,5,11,14,37,7,6,14,17,1,6,64,25,20,19,21,7,1,29,7,11,3,7,9,18,95,50,3,,12,5,12,19,5,17,15,76,25,22,52,47,46,27,6,57,40,54,41,35,29,43,56,52,18,32,4,26,73,27,31,48,48,48,41,26,22,26,5,44,44,,26,37,80,39,34,34,67,41,6,49,2,46,14,17,6,34,10,7,17,31,18,16,4,2,22,6,36,6,1,47,30,51,9,65,59,55,7,4,69,38,72,38,96,43,18,4,33,74,99,45,57,22,74,69,74,76,8,24,32,5,2,28,10,17,28,41,23,,33,23,80,10,80,35,100,110,3,39,89,19,33,56,65,8,87,6,55,45,10,19,76,41,54,76,8,1,23,76,38,67,27,27,52,29,66,61,40,9,40,46,69,25,32,27,79,100,11,56,34,14,5,38,17,5,40,17,28,103,70,35,1,28,4,4,23,4,34,29,28,13
20150124,5,O3_24h,30,31,28,49,28,51,45,69,53,24,50,69,20,26,35,46,65,85,47,99,52,82,89,84,86,66,88,92,83,57,65,84,52,80,115,105,75,83,107,117,122,115,114,118,37,127,114,60,78,96,49,85,93,142,143,117,145,102,137,177,164,142,126,78,49,23,91,80,115,37,92,80,52,19,104,115,40,67,65,34,129,48,66,74,50,58,58,81,80,97,63,40,76,93,87,137,161,139,128,136,156,129,160,198,93,53,80,53,68,60,70,40,56,56,62,41,85,61,54,85,67,59,72,73,34,84,88,112,51,41,49,91,52,91,147,152,155,173,29,94,64,115,63,43,29,87,107,64,72,83,49,57,82,88,67,73,67,90,87,59,93,90,74,75,70,62,61,88,64,80,92,83,79,78,91,102,51,94,96,57,70,79,73,82,,32,121,78,135,43,77,50,90,40,39,75,69,56,72,78,57,62,89,43,53,44,86,79,74,58,75,50,36,142,54,54,71,112,61,72,61,76,60,66,100,99,,47,108,132,46,90,61,101,116,74,119,110,121,58,77,82,110,142,75,85,97,144,43,86,98,83,97,87,92,81,52,66,56,102,65,74,71,57,17,110,74,117,170,149,127,91,67,112,89,146,92,147,128,114,77,110,151,24,47,102,58,50,65,35,33,36,91,58,,113,51,97,72,104,52,114,131,90,106,98,113,49,78,91,103,104,94,59,72,96,27,93,83,86,95,64,46,45,93,58,102,57,82,77,62,96,72,94,92,77,98,92,37,68,104,102,113,22,70,67,61,34,78,19,59,83,51,70,122,74,53,46,784,92,69,31,161,161,49,43,48
20150124,5,O3_8h,12,3,7,7,5,10,17,56,26,5,6,5,6,11,12,27,15,25,13,44,7,19,15,35,12,9,11,12,12,11,12,35,13,9,69,5,8,7,30,16,110,4,13,28,14,46,31,12,11,63,11,19,48,11,93,70,27,35,60,59,96,41,92,40,18,6,86,34,33,8,59,56,21,3,43,50,6,12,25,22,63,3,9,5,3,8,6,29,39,19,13,11,5,55,6,16,92,131,96,11,115,95,20,62,24,24,14,19,20,22,22,26,21,13,25,23,48,41,9,42,48,8,25,10,3,11,27,19,28,11,9,31,10,56,81,113,108,77,4,33,6,42,41,6,17,77,75,5,25,14,6,7,54,42,17,46,36,7,16,14,28,22,17,15,21,8,26,72,45,22,21,17,6,2,22,13,19,15,29,12,47,95,43,3,,9,16,16,31,7,18,22,62,25,21,41,52,35,27,14,37,34,57,35,38,32,45,71,61,39,36,8,24,85,23,25,48,44,36,39,34,29,27,19,41,44,,32,45,85,37,43,23,63,42,5,49,5,52,11,30,13,32,23,9,32,18,22,13,4,4,24,12,24,12,16,42,39,47,16,36,54,50,11,5,60,21,51,48,72,40,15,7,13,68,94,48,67,71,68,58,70,70,9,32,43,8,2,47,6,17,26,44,23,,37,27,89,12,55,37,107,122,32,54,95,23,22,58,66,11,88,12,56,45,13,21,79,24,56,78,10,2,22,74,53,72,29,37,34,19,68,43,52,9,23,36,70,19,21,38,78,108,13,52,30,10,15,43,18,5,40,21,32,95,64,20,1,26,9,9,18,13,46,16,34,12
20150124,5,O3_8h_24h,16,22,18,33,18,36,31,58,35,16,32,49,13,20,23,34,53,71,31,76,37,62,56,73,69,54,62,66,60,37,47,69,39,53,97,81,53,56,81,96,110,93,86,85,28,116,97,46,67,87,33,38,74,105,126,106,112,90,118,134,140,119,116,73,40,15,87,69,80,25,67,59,41,14,77,91,27,56,61,25,113,37,55,58,39,43,46,71,66,77,50,34,61,85,63,105,150,132,120,114,139,119,111,176,86,45,62,41,48,46,49,36,48,42,50,27,74,57,30,67,57,42,60,43,27,63,52,87,35,29,36,67,29,72,119,142,144,163,15,73,41,83,55,30,22,78,96,36,53,55,37,38,75,75,49,64,54,69,52,45,79,77,56,62,61,45,47,79,59,68,68,60,57,56,64,77,40,70,78,50,60,131,60,58,,26,96,62,107,26,60,33,70,33,33,52,57,43,54,62,45,56,76,37,46,38,73,74,64,42,48,36,31,98,43,44,59,73,47,62,56,58,41,51,60,72,,41,66,107,40,70,42,75,103,47,100,83,101,42,59,64,84,104,57,65,75,90,30,49,74,59,75,55,68,63,51,55,47,68,46,62,59,44,13,84,40,84,133,113,72,64,43,88,78,118,73,139,119,100,70,96,125,29,42,83,34,37,57,28,28,32,80,44,,89,43,89,52,76,46,110,125,79,93,96,93,42,73,86,80,100,75,58,59,74,23,87,78,83,84,27,33,38,77,55,94,48,69,70,44,86,60,88,62,40,45,83,32,60,99,94,108,15,53,59,50,28,70,18,41,68,41,57,111,71,37,27,300,85,48,22,126,124,41,37,37
20150124,5,CO,1.558,4.978,4.82,5.055,1.866,3.68,4.908,1.146,1.156,3.51,3.974,3.877,3.394,1.912,2.439,0.609,1.367,1.476,1.204,1.186,1.696,1.153,1.019,1.317,2.321,1.485,2.136,1.941,1.703,1.533,1.602,1.092,2.142,1.739,1.311,1.531,1.396,1.651,1.214,1.489,0.652,1.512,1.772,1.013,1.8,0.944,0.962,1.014,2.849,1.355,1.853,1.206,1.09,0.96,1.087,1.534,1.019,1.228,0.885,0.701,0.96,0.784,0.771,0.518,1.148,1.7,0.608,1.428,1.128,3.489,1.345,1.762,1.511,4.467,1.468,0.872,3.852,1.169,1.422,1.369,0.809,2.087,2.51,3.005,2.961,2.683,4.298,1.802,1.329,2.145,1.849,2.02,2.393,0.78,2.161,0.971,0.779,0.949,0.842,0.965,0.812,0.769,1.413,1.11,0.92,1.101,2.668,2.9,3.89,4.036,4.215,1.666,1.351,1.687,2.269,0.899,1.126,1.381,2.021,0.915,1.938,2.129,1.142,2.704,7.613,2.218,2.89,1.556,1.827,1.93,1.439,1.99,1.663,3.041,0.474,0.728,0.746,0.62,1.144,1.191,4.162,0.956,1.338,1.167,1.296,1.062,0.412,2.421,2.749,2.753,2.864,1.723,1.532,0.384,0.893,2.056,1.799,3.484,2.234,2.951,1.609,1.675,2.092,1.71,1.073,1.995,2.368,0.742,2.015,1.339,1.192,2.177,0.768,1.245,1.446,1.529,1.786,1.579,2.122,0.742,0.923,1.505,1.881,1.66,,0.571,1,2.446,0.965,5.83,2.909,1.714,2.276,4.562,5.14,0.883,0.844,0.341,1.202,1.271,0.37,0.411,0.782,1.52,0.522,1.91,1.333,0.926,1.094,1.681,0.604,1.357,3.209,1.76,1.527,0.578,0.733,0.806,0.712,0.891,1.055,1.864,1.677,1.768,2.849,2.577,,1.838,1.253,1.4,1.363,1.309,1.158,2.583,1.243,1.533,1.711,1.052,1.337,0.88,1.946,2.079,1.424,1.658,1.002,1.169,0.593,0.844,3.723,3.533,2.756,1.48,1.874,1.336,1.542,1.359,1.501,0.855,1.773,1.801,1.685,1.357,1.346,3.538,1.963,0.752,2.333,1.553,3.632,0.51,0.838,1.458,0.724,2.54,1.082,1.217,0.737,1.164,2.039,0.53,0.987,0.547,1.005,2.378,0.78,0.962,1.885,1.529,1.118,1.18,1.742,1.636,1.04,0.327,,1.101,1.119,0.896,2.929,0.989,1.012,0.603,0.569,0.472,1.48,0.263,1.085,0.696,0.362,0.715,1.025,0.324,1.032,0.409,1.554,0.722,1.885,1.99,3.605,1.378,0.286,2.4,3.575,2.476,1.583,1.186,0.818,1.697,0.914,1.095,0.042,2.642,1.015,0.763,5.363,3.17,0.978,0.78,0.823,0.349,0.6,0.355,0.459,0.451,0.266,1.007,3.044,2.032,2.662,0.397,1.729,4.037,2.039,2.407,1.276,1.291,1.14,2.552,0.876,0.535,1.465,1.994,0.893,1.283,1.997,1.067,2.799
20150124,5,CO_24h,3.326,3.307,4.176,3.114,4.315,2.781,6.348,1.422,2.287,3.48,3.055,2.829,4.62,2.353,2.783,1.806,1.147,1.704,1.668,1.115,1.631,1.207,1.229,1.06,1.825,1.52,1.957,2.081,1.867,1.648,1.666,1.447,1.782,1.712,1.443,1.724,1.52,1.689,1.318,1.515,0.654,1.483,1.898,0.935,1.651,1.063,0.808,1.241,1.816,1.243,2.057,1.459,1.292,1.047,1.115,1.48,1.078,1.215,1.008,0.849,0.926,1.109,1.033,0.597,1.332,2.374,0.849,1.065,1.185,3.22,2.772,3.207,1.687,3.169,1.64,1.203,3.163,1.044,1.322,2.467,0.806,1.982,2.47,2.896,2.277,2.998,2.737,1.19,1.201,1.396,2.085,1.871,1.786,0.798,2.024,1.207,0.926,0.853,0.897,1.059,0.786,0.931,1.567,1.322,1.041,1.311,2.105,2.755,2.794,3.899,3.138,1.535,1.94,2.308,3.194,2.59,1.485,1.792,2.152,1.037,2.046,2.023,1.11,2.498,3.592,1.873,2.831,1.463,1.891,1.909,1.518,2.024,1.541,2.887,0.9,0.85,1.176,0.758,1.473,1.268,2.738,1.293,1.511,1.245,1.334,1.027,0.579,1.984,2.462,3.271,2.564,1.91,1.483,0.734,1.594,1.738,2.073,2.097,1.913,2.088,1.618,1.26,1.857,1.249,1.662,1.817,1.553,0.726,1.662,1.668,1.061,2.168,0.939,1.469,1.459,1.344,1.515,1.822,2.254,1.037,1.033,1.769,1.902,1.829,,0.925,1.453,2.341,0.906,3.976,2.036,2.639,2.968,4.711,4.99,1.522,1.013,0.901,1.715,1.532,1.227,0.51,0.921,2.505,1.106,1.406,1.693,1.57,1.395,1.636,0.939,1.318,1.939,2.275,1.681,0.959,1.451,1.236,1.144,0.729,1.172,1.679,1.285,1.483,3.174,2.537,,1.67,1.177,1.31,1.281,1.305,1.57,2.545,1.28,2.231,1.737,1.076,1.549,1.167,1.871,1.354,0.913,2.029,1.133,1.248,0.854,1.018,2.008,2.004,2.025,1.4,1.727,1.741,1.132,2.318,1.58,0.716,2.235,1.802,2.246,1.417,1.471,3.618,1.769,1.303,2.496,1.98,2.809,1.163,0.778,2.02,0.766,3.2,1.431,1.419,0.931,1.33,2.007,0.927,1.317,1.113,1.231,2.453,0.786,1.057,1.786,1.621,1.302,1.577,1.707,1.875,1.3,0.577,,1.094,0.918,0.967,3.089,1.631,1.266,0.834,0.698,0.509,1.336,0.315,1.177,0.832,0.447,0.906,0.805,0.791,1.252,0.355,1.785,1.439,1.957,2.192,4.093,1.295,0.365,2.177,3.383,2.427,1.658,1.977,1.382,1.936,0.765,1.714,0.675,2.868,1.685,1.029,7.605,3.866,2.516,0.64,0.783,0.922,0.602,0.426,0.899,1.367,0.628,1.401,3.336,1.112,2.393,0.383,1.304,3.145,1.801,1.801,1.434,0.971,2.368,1.956,0.919,0.569,1.489,3.338,1.109,1.432,2.829,1.703,2.521
20150124,6,AQI,81,295,272,217,105,317,290,34,54,287,255,393,253,94,74,56,179,193,136,164,222,182,139,191,260,181,174,206,213,191,178,115,238,167,143,200,161,226,198,192,80,177,106,135,217,94,114,93,178,137,241,125,136,85,70,88,78,71,97,78,68,91,55,41,154,218,81,32,48,192,71,114,71,184,137,131,127,70,80,45,87,203,275,296,264,234,218,271,146,223,146,198,211,93,240,74,109,76,71,83,92,85,116,122,60,29,249,79,146,213,182,43,39,81,56,53,142,168,211,121,191,239,87,208,386,252,193,217,148,227,189,115,144,158,57,62,60,54,153,223,98,184,222,191,158,127,38,210,154,91,144,157,114,73,115,65,127,265,160,148,205,132,193,172,142,146,178,81,87,100,185,164,167,203,164,264,202,142,157,165,132,168,179,133,,72,148,184,108,177,174,81,71,139,89,79,136,47,89,64,33,30,81,25,60,132,117,74,80,137,77,130,95,110,136,37,65,124,82,98,97,153,138,235,106,94,,196,192,220,98,157,60,193,97,69,103,104,87,80,167,97,122,81,99,85,71,96,216,195,214,172,167,133,196,148,115,122,116,193,108,110,105,213,254,86,164,92,83,92,143,131,135,93,52,53,59,76,138,85,72,51,108,89,137,205,254,242,147,158,156,142,133,20,,48,120,61,104,196,70,56,67,59,91,48,40,12,55,63,63,45,56,29,23,39,34,40,83,27,39,232,90,139,126,90,119,68,115,117,70,110,107,116,307,135,147,78,82,65,46,43,184,66,74,79,113,84,113,32,81,103,123,104,55,33,76,195,91,59,229,79,105,120,58,55,113
20150124,6,PM2.5,59,244,221,166,78,266,239,16,30,236,204,334,202,70,32,28,135,145,103,124,171,137,106,143,209,136,131,155,162,143,134,86,187,126,109,150,122,175,148,144,58,133,79,102,166,70,85,69,134,104,190,94,103,62,50,65,57,51,72,57,46,67,36,23,117,167,59,18,17,144,28,85,51,138,104,99,96,36,58,31,64,152,224,245,213,183,167,220,111,172,111,148,160,69,189,53,81,44,51,61,68,62,87,92,42,15,198,50,111,162,122,20,23,59,38,31,108,127,160,91,143,188,62,157,335,201,145,166,113,176,142,82,110,120,36,32,35,29,116,172,73,138,171,143,120,96,12,159,117,67,110,119,31,15,40,46,96,214,121,113,154,100,145,130,108,111,134,59,64,75,139,124,126,152,124,213,151,108,119,125,100,127,135,101,,52,113,138,80,133,131,59,51,106,66,46,103,31,66,30,23,14,39,9,42,100,88,43,58,104,48,98,54,82,103,25,46,93,60,73,72,116,105,184,79,70,,147,144,169,73,119,42,145,72,49,76,77,64,58,126,70,92,59,74,62,51,71,165,146,163,130,126,101,147,113,86,92,87,145,80,82,78,162,203,63,124,68,59,68,109,99,102,69,31,31,32,55,105,56,52,23,80,66,104,154,203,191,112,120,118,108,101,13,,29,90,43,77,147,50,36,29,38,67,8,24,6,37,44,42,31,19,8,10,21,10,,61,13,3,181,61,106,95,38,89,40,66,88,41,82,61,87,256,102,112,31,60,37,29,25,56,42,29,35,84,60,84,17,42,55,70,77,38,14,55,146,52,32,178,44,78,90,32,31,84
20150124,6,PM2.5_24h,183,195,189,188,146,216,348,31,91,216,159,200,208,86,56,110,107,126,146,109,145,137,133,114,123,130,150,178,155,170,140,118,127,145,119,134,153,186,127,138,60,133,95,91,126,79,67,78,106,89,163,96,100,62,49,53,55,42,61,66,40,56,70,32,127,200,83,18,33,108,81,105,64,126,95,93,98,33,92,94,62,142,192,199,155,155,123,153,88,129,115,125,131,62,145,52,72,36,46,58,57,47,76,86,45,21,148,61,109,162,98,44,86,86,89,87,103,132,148,98,137,151,53,135,210,140,148,133,140,154,130,83,97,108,99,51,90,44,128,162,58,171,173,125,123,106,15,124,113,84,97,106,37,36,63,40,87,165,103,90,124,78,130,109,93,102,109,67,65,85,124,116,139,170,126,168,163,131,130,156,103,146,129,129,,108,98,120,68,114,114,115,84,154,60,74,96,63,85,55,99,19,35,53,87,89,109,95,86,122,141,86,35,109,136,42,102,129,85,50,117,85,79,121,96,65,,107,141,126,70,102,44,122,77,56,65,59,80,72,115,60,83,70,68,61,61,65,107,119,103,88,91,121,113,88,80,84,88,133,98,80,75,133,164,96,170,85,62,116,114,110,100,85,67,61,76,68,106,77,89,88,100,76,105,128,182,207,134,157,116,112,110,15,,42,88,45,75,125,76,53,37,45,61,11,30,16,50,59,36,31,23,37,18,66,16,25,69,18,7,156,64,100,69,79,88,47,74,108,62,86,97,87,266,122,112,20,54,50,44,29,40,92,73,75,119,53,100,30,43,120,60,64,35,11,91,79,52,25,147,123,64,76,86,52,93
20150124,6,PM10,100,343,357,271,134,397,383,33,55,285,318,493,289,112,96,51,176,181,143,130,242,137,136,175,286,211,169,192,178,189,190,137,276,159,144,206,157,184,186,198,78,162,118,135,203,75,117,114,257,143,221,128,113,75,73,95,78,74,80,79,84,91,58,40,169,257,73,31,47,266,89,144,77,184,164,140,175,87,85,38,78,173,286,285,300,228,300,300,121,265,174,228,213,95,253,77,93,84,74,92,94,84,112,107,58,28,263,106,163,225,312,30,38,98,60,36,138,159,210,103,194,185,121,234,460,244,240,252,227,231,207,178,138,167,61,55,54,55,167,230,141,179,204,233,154,126,21,292,162,106,185,157,176,94,177,74,115,273,187,163,190,127,179,162,135,152,188,81,89,114,185,181,160,202,157,,194,118,143,172,124,190,244,157,,,215,201,96,205,224,97,90,177,101,105,127,46,120,76,25,29,109,24,54,147,120,95,70,155,102,119,138,129,151,36,68,100,84,121,106,137,126,193,102,102,,195,176,192,105,126,50,159,85,65,86,130,68,81,172,141,122,85,112,90,72,107,209,219,213,162,178,173,183,169,138,124,128,248,127,117,125,220,276,98,165,97,113,83,200,156,146,111,52,54,66,80,122,117,68,50,93,122,155,200,272,276,171,141,205,160,160,19,,47,104,59,147,173,,48,42,66,93,29,39,7,57,51,73,,59,22,,38,33,8,109,,14,199,128,144,109,127,116,84,177,168,88,107,161,117,345,160,135,104,97,78,45,42,316,80,96,105,107,115,129,31,110,154,193,89,,,85,,130,66,194,105,116,100,64,57,115
20150124,6,PM10_24h,235,309,304,270,257,332,484,77,165,287,259,319,309,137,131,146,141,162,190,121,207,155,173,151,179,218,197,221,200,218,198,153,195,185,155,197,215,211,161,191,80,169,139,127,164,107,99,162,196,124,254,145,142,91,98,100,88,66,82,97,84,97,105,55,195,322,106,43,58,221,154,175,130,190,149,149,193,84,122,125,86,178,265,266,215,203,208,212,106,203,190,189,182,86,195,95,110,68,74,102,88,74,115,123,71,43,222,121,163,205,203,103,121,143,109,135,130,164,200,120,188,185,123,218,308,194,248,218,180,237,209,171,137,176,155,76,123,71,186,233,119,218,213,209,171,148,36,197,166,141,151,162,109,172,170,73,111,216,165,135,152,98,158,134,108,136,161,94,77,115,161,170,174,231,164,155,216,155,156,227,132,222,234,195,,124,167,189,88,178,195,180,135,252,96,161,138,93,155,116,129,49,106,130,109,131,139,151,113,174,177,103,110,157,188,81,147,144,124,83,156,105,115,154,131,96,,168,175,137,104,113,59,144,101,98,92,114,117,135,184,115,126,112,109,96,104,99,164,200,152,140,140,232,154,148,139,126,136,218,172,118,125,205,232,164,282,132,127,155,225,192,165,141,99,99,114,99,157,130,115,132,125,150,171,180,237,283,218,210,208,180,184,27,,79,114,72,150,163,126,72,55,77,115,26,58,37,74,81,73,38,77,40,41,120,36,35,127,23,38,191,121,150,110,227,124,90,227,163,174,142,150,121,363,205,170,56,108,95,115,51,149,168,131,122,151,106,151,42,104,227,216,82,53,16,124,104,129,50,201,222,109,86,130,100,128
20150124,6,SO2,26,94,153,108,97,229,240,55,32,95,156,79,186,192,51,185,152,131,130,19,29,23,35,28,52,32,37,44,28,40,16,21,27,22,22,29,26,17,49,11,6,56,23,19,40,4,31,19,79,28,56,52,39,29,11,11,24,12,29,22,11,20,13,4,24,35,16,27,8,94,23,29,189,14,69,48,89,77,64,43,8,91,41,96,207,127,240,69,45,57,67,53,28,23,82,19,26,6,8,10,18,3,33,7,9,19,129,73,99,549,129,127,64,41,70,164,56,77,60,25,30,27,61,135,293,78,129,86,78,35,45,37,41,12,18,4,14,1,18,35,87,60,17,25,11,49,27,32,157,77,64,69,111,19,153,5,10,86,108,73,25,35,30,28,27,15,16,7,19,23,23,29,14,59,24,48,47,25,23,21,18,38,30,33,,175,42,30,22,188,221,192,30,87,127,25,18,15,82,58,7,36,32,50,26,66,65,35,18,20,53,69,78,11,22,14,10,25,43,66,46,37,73,16,44,13,,15,38,61,23,31,8,28,9,24,30,19,7,8,53,62,134,65,69,48,40,165,274,198,54,45,43,45,65,37,58,34,60,77,28,15,19,55,56,33,92,71,45,136,66,46,11,35,4,9,14,124,28,19,7,82,10,56,16,35,75,45,25,20,11,11,62,4,,37,14,35,23,13,4,5,8,16,76,4,8,11,46,13,12,6,3,2,13,7,5,6,28,10,3,24,38,85,25,64,48,62,145,70,2,55,56,24,87,29,19,24,22,15,15,95,13,19,17,34,65,22,8,24,14,36,49,26,15,50,7,16,5,2,27,153,19,19,57,85,119
20150124,6,SO2_24h,59,95,193,112,127,180,190,57,89,101,121,87,198,224,124,178,95,95,180,23,35,26,47,35,51,44,41,55,35,50,25,32,38,32,26,32,62,38,35,18,9,52,41,28,41,11,16,36,83,29,70,60,43,29,11,14,28,10,23,24,12,34,15,4,34,38,26,28,15,81,52,75,142,32,60,46,105,53,68,47,11,131,62,82,66,131,133,51,41,73,89,67,32,25,93,41,23,7,9,16,15,4,36,18,13,24,81,83,102,494,121,66,122,108,112,152,53,82,67,43,32,27,71,119,171,42,144,89,108,44,64,56,49,23,31,6,23,2,21,37,79,67,20,22,13,49,23,79,110,92,51,75,87,39,152,8,16,67,89,77,29,48,53,39,37,34,26,16,24,33,23,39,16,62,30,43,47,44,31,37,24,31,26,40,,152,36,34,27,160,225,225,76,179,149,110,35,28,124,56,16,42,43,104,60,60,73,71,35,115,72,81,49,15,34,30,17,24,49,54,47,40,36,27,87,15,,14,38,81,23,33,24,33,10,53,27,23,13,17,73,78,94,72,65,77,44,124,152,129,44,45,64,55,44,56,63,50,83,83,47,33,20,59,51,46,90,77,33,118,102,59,31,31,8,14,24,99,23,20,12,31,19,70,17,28,53,53,48,43,15,11,51,4,,37,19,50,33,35,6,21,12,25,77,4,11,29,22,9,13,9,11,6,23,10,6,10,42,18,3,31,46,72,23,90,76,77,88,61,29,112,71,27,166,105,61,23,61,34,33,67,17,47,64,46,108,16,21,24,20,51,62,30,24,37,17,31,11,3,46,135,23,24,87,50,105
20150124,6,NO2,62,102,96,77,59,102,93,17,44,121,105,92,98,54,51,53,47,51,82,63,87,76,68,64,63,53,65,74,92,53,32,33,57,75,77,78,58,81,71,49,20,84,49,55,51,37,72,44,96,52,81,65,53,73,31,36,62,44,38,50,37,67,21,11,63,64,19,25,37,66,24,36,46,83,31,37,69,45,48,20,29,73,82,80,91,94,92,67,61,59,77,68,76,34,89,70,32,8,13,48,25,32,84,22,27,21,84,37,57,90,76,34,33,52,66,50,27,30,44,37,26,60,47,94,117,68,86,71,57,49,77,35,32,32,20,11,14,34,46,44,43,27,16,55,25,35,11,58,66,61,65,63,34,32,42,26,51,61,63,27,51,77,45,24,49,39,55,14,27,17,65,68,78,81,101,67,75,65,81,73,78,41,46,70,,28,131,56,48,44,61,56,18,53,32,17,36,27,46,82,17,7,17,16,20,40,36,20,45,44,24,40,35,138,30,18,10,68,22,73,28,62,47,56,49,59,,29,45,39,23,49,33,53,35,33,17,52,17,19,44,46,53,52,46,38,31,59,123,91,76,61,82,31,73,72,45,64,41,67,22,24,22,60,43,38,39,22,53,35,28,61,29,32,8,8,52,25,45,19,8,28,36,49,33,27,62,77,28,38,26,21,33,9,,30,29,14,36,14,2,5,7,38,31,1,17,4,9,12,21,14,24,9,12,21,14,5,19,15,2,48,72,37,29,16,37,37,26,33,29,18,16,39,180,33,23,9,14,17,12,41,5,9,8,11,52,29,72,9,28,35,20,32,19,17,31,76,10,15,59,40,75,36,32,30,43
20150124,6,NO2_24h,111,98,108,105,90,83,107,23,65,100,77,79,101,60,67,75,44,55,103,63,89,79,67,40,55,61,73,80,93,58,40,36,48,91,57,86,80,86,69,48,27,86,58,63,46,52,44,59,72,39,98,85,79,86,41,39,63,33,44,65,33,55,37,14,74,94,32,33,36,69,64,61,48,88,54,52,66,51,47,48,37,74,78,81,72,84,76,47,49,52,64,64,64,28,71,70,34,11,20,47,25,25,91,34,31,17,62,43,62,76,69,28,56,63,87,82,45,46,47,49,23,58,47,87,96,65,80,75,65,63,74,48,44,43,58,16,37,25,60,48,50,45,26,58,35,43,22,73,66,67,59,62,19,36,60,32,53,53,40,36,42,54,41,26,39,44,39,17,25,19,63,72,76,83,92,53,75,59,66,88,51,54,64,84,,44,102,49,42,45,62,58,45,63,33,44,36,40,48,55,31,10,23,40,44,44,44,39,40,62,38,46,27,51,34,33,33,58,31,59,29,57,31,53,68,67,,27,44,43,19,38,38,46,31,55,22,54,21,37,54,56,52,60,55,53,49,56,80,85,68,72,81,42,60,66,64,56,60,64,56,43,32,57,58,65,61,36,52,69,42,77,44,48,18,23,58,26,35,31,28,44,33,61,39,34,62,78,33,56,28,36,40,19,,37,25,24,48,38,12,23,9,23,27,3,21,21,12,15,26,19,33,13,19,24,16,14,30,16,4,56,71,48,34,28,42,33,26,64,38,35,31,33,169,45,64,9,25,25,17,31,9,21,24,35,59,20,66,16,38,39,25,40,30,14,50,63,21,16,70,74,66,38,50,25,47
20150124,6,O3,24,3,4,7,7,9,9,45,17,5,5,5,6,9,16,21,10,24,10,39,3,11,8,6,9,8,7,8,12,10,9,28,5,9,41,1,11,3,18,5,101,4,11,14,16,50,15,7,7,45,12,29,60,20,76,38,14,16,48,45,59,13,86,41,5,13,78,44,22,8,60,44,13,3,52,58,5,17,26,29,58,3,3,7,3,8,6,21,14,15,9,6,4,50,5,11,70,125,93,10,83,50,12,49,16,15,5,18,16,21,20,14,28,9,19,17,43,37,6,40,43,19,34,11,2,11,13,15,30,11,7,53,10,45,103,108,108,53,4,24,5,35,43,4,16,59,72,4,26,12,7,6,37,39,32,48,38,5,9,20,32,8,8,16,8,1,2,57,25,16,13,16,5,2,11,7,11,,6,8,12,94,60,3,,18,4,10,27,3,17,11,75,25,22,50,41,39,22,11,48,42,53,34,40,21,41,59,35,14,29,5,26,50,23,30,50,42,50,37,24,29,22,2,50,55,,25,36,81,40,36,23,58,40,5,49,3,37,14,13,6,38,15,6,15,35,17,16,5,2,17,4,39,5,3,48,23,47,9,65,58,58,7,4,74,36,78,49,102,46,24,4,46,70,90,39,61,9,73,69,68,61,12,24,32,5,1,25,13,16,24,35,21,,31,24,79,9,78,34,98,104,2,37,89,17,35,47,63,7,82,5,55,44,15,20,77,36,50,70,8,2,23,73,48,55,16,26,53,23,58,52,30,10,29,48,67,25,34,24,53,95,10,55,36,18,16,42,18,14,35,21,37,112,62,42,4,28,7,3,20,9,31,21,18,16
20150124,6,O3_24h,31,31,28,49,28,51,45,69,53,24,50,69,20,26,35,46,65,85,47,99,52,82,89,84,86,66,88,92,83,57,65,84,52,80,115,105,75,83,107,117,122,115,114,118,37,127,114,60,78,96,49,85,93,142,143,117,145,102,137,177,164,142,126,78,48,23,91,80,115,37,92,80,52,19,104,115,40,67,65,34,129,48,66,74,50,58,58,79,80,97,63,40,76,93,87,137,161,139,128,136,156,129,160,198,93,53,80,53,68,60,70,40,56,56,62,41,85,61,54,84,67,60,70,73,34,84,88,112,51,41,49,94,52,91,147,152,155,172,29,103,64,115,63,43,29,87,107,64,72,83,49,57,82,88,67,73,67,90,87,59,93,90,74,75,70,62,61,88,64,80,92,83,79,78,91,102,51,94,96,57,70,79,73,82,,32,121,92,135,43,77,50,90,40,39,75,69,56,72,78,57,62,89,43,53,44,86,79,74,58,74,50,36,142,54,54,71,112,61,72,61,76,60,66,100,99,,47,108,134,46,90,61,101,116,74,119,110,121,58,77,82,110,142,75,85,97,144,43,86,98,83,97,87,92,81,51,65,56,102,65,74,71,57,17,110,74,117,170,149,127,91,67,112,89,146,92,147,128,114,77,110,151,22,47,102,58,50,65,35,33,36,91,58,,113,51,97,72,104,52,114,131,90,106,98,113,49,78,91,103,104,94,59,72,96,27,93,83,86,95,64,46,45,93,58,102,57,82,77,62,96,72,94,92,77,98,92,37,68,104,102,113,22,70,67,61,34,78,19,59,83,51,70,122,74,53,46,784,92,69,31,161,161,49,43,48
20150124,6,O3_8h,15,3,6,7,5,9,15,56,24,5,5,5,6,11,13,28,15,26,13,44,6,17,13,30,10,8,9,11,12,11,10,35,12,8,65,6,9,5,28,12,109,4,13,21,15,45,27,11,10,59,11,22,51,11,90,63,23,30,56,61,89,36,90,39,15,7,85,35,30,8,62,60,19,2,46,51,5,13,23,25,62,3,9,5,3,8,6,26,34,18,12,10,4,52,5,15,86,130,94,11,109,87,17,57,21,23,12,19,19,22,21,25,23,14,26,23,47,41,9,42,47,9,24,10,3,10,24,19,28,11,9,34,10,54,90,113,110,71,4,32,5,40,41,5,17,75,74,5,26,13,5,6,50,39,18,46,37,7,14,14,30,20,15,14,19,5,22,70,42,17,19,18,6,2,22,11,17,13,24,10,42,95,45,3,,10,13,17,28,7,17,23,65,25,21,43,52,36,27,12,39,36,57,35,38,31,42,69,58,37,34,8,23,85,24,24,50,44,41,40,32,28,26,15,43,45,,31,44,85,38,42,23,62,41,7,50,2,50,13,26,9,33,19,8,28,20,20,13,4,4,21,9,27,11,11,43,36,48,14,42,57,53,10,5,67,23,57,46,78,41,17,6,17,69,93,46,66,58,70,62,73,65,9,30,40,6,2,43,7,16,26,41,23,,35,26,88,11,63,34,105,119,27,49,94,22,23,56,66,10,86,9,56,45,12,21,79,25,53,76,10,2,22,74,52,69,26,37,35,20,68,47,47,7,26,38,71,20,24,36,78,107,14,54,29,12,14,43,18,6,38,21,31,96,65,23,2,28,7,8,20,12,42,18,32,13
20150124,6,O3_8h_24h,17,22,18,33,18,36,31,58,35,16,32,49,13,20,23,35,53,71,31,76,37,62,56,73,69,54,62,66,60,37,47,69,39,53,97,81,53,56,81,96,110,93,86,85,28,116,97,46,67,87,33,38,74,105,126,106,112,90,118,134,140,119,116,71,39,15,87,69,80,25,69,63,41,14,77,91,27,54,61,26,113,37,55,58,39,43,46,70,66,77,50,34,61,85,63,105,150,132,120,114,139,119,111,176,86,45,62,41,48,46,49,36,48,42,50,26,74,56,30,67,57,42,58,43,27,63,52,87,35,29,36,67,29,71,119,142,144,163,15,80,41,83,55,30,22,79,96,36,53,55,37,38,75,75,49,64,54,69,52,45,79,77,56,62,61,45,47,79,59,68,68,60,57,56,64,77,40,70,78,50,60,131,60,58,,26,96,74,107,26,60,33,70,33,33,52,57,43,54,62,45,56,76,37,46,38,73,74,64,42,48,36,31,98,42,44,58,74,48,62,56,58,41,51,60,73,,41,66,107,40,70,42,75,103,47,100,83,101,42,58,64,84,104,57,65,75,90,30,49,74,59,75,55,68,63,49,55,48,68,46,62,59,44,13,84,40,84,133,114,72,64,43,88,78,118,73,139,119,100,70,96,125,26,42,83,34,37,57,28,28,31,80,44,,89,43,89,52,76,46,110,125,79,93,96,93,42,73,86,80,100,75,58,59,74,23,87,78,83,84,26,33,37,77,55,95,48,69,70,44,86,60,88,62,40,45,83,32,60,99,94,108,16,54,59,50,28,70,18,41,68,41,57,111,71,37,27,300,85,48,23,126,124,41,37,37
20150124,6,CO,1.558,4.332,4.912,4.389,1.344,3.581,4.723,1.16,1.043,3.985,3.26,4.133,3.489,1.813,2.697,0.627,1.335,1.518,1.222,1.243,1.711,1.238,1.042,1.705,2.446,1.494,2.298,2.057,1.686,1.551,1.55,1.29,2.179,1.714,1.367,1.522,1.365,1.799,1.235,1.515,0.654,1.555,1.712,0.951,1.819,0.944,0.976,0.989,3.02,1.414,1.986,1.213,1.038,0.912,1.089,1.565,1.05,1.263,0.868,0.719,0.974,0.913,0.785,0.536,1.171,1.709,0.586,1.056,0.989,3.512,1.505,1.814,1.423,3.961,1.373,0.875,3.828,0.998,1.153,1.346,0.804,2.169,2.97,2.872,3.498,2.438,4.419,2.105,1.83,2.458,2.082,2.157,2.332,0.867,2.075,0.863,0.836,0.973,0.855,0.979,0.796,0.837,1.368,1.107,0.925,1.293,2.54,2.587,3.493,4.019,4.261,1.713,1.486,1.751,2.218,1.141,1.2,1.446,2.091,0.955,2.028,2.293,1.186,2.686,7.857,2.398,2.893,1.617,1.822,2.043,1.554,1.794,1.642,3.01,0.453,0.812,0.728,0.674,1.067,1.142,4.015,0.929,1.352,1.186,1.264,1.154,0.43,2.468,3.014,2.927,2.849,1.871,1.978,0.332,0.997,1.972,1.963,3.507,3.101,3.044,1.819,2.104,2.097,1.612,1.693,1.963,2.585,0.894,1.941,1.41,1.301,2.267,0.921,1.274,1.501,1.596,1.88,1.631,2.223,0.787,1.007,1.487,1.955,1.849,,0.402,1.14,1.843,0.988,6.719,2.77,1.816,2.291,3.893,5.256,0.918,1.119,0.357,1.307,1.824,0.539,0.5,0.792,1.547,0.541,1.435,1.425,0.71,1.481,1.783,0.606,1.365,3.444,2.03,1.555,0.555,0.744,0.859,0.686,1.148,1.206,1.835,1.658,1.811,2.842,2.602,,1.76,1.308,1.449,1.408,1.366,1.192,2.584,1.211,1.495,1.726,1.051,1.307,0.889,1.815,1.751,1.413,1.7,0.976,1.202,0.589,0.945,3.983,3.802,2.905,1.532,2.795,1.305,1.678,1.378,1.462,0.834,1.988,1.826,1.688,1.34,1.353,3.597,1.956,0.777,2.314,1.565,3.536,0.454,0.805,1.298,0.679,2.47,1.071,1.265,0.609,1.169,2.064,0.484,0.962,0.576,1.025,2.284,0.788,0.981,1.873,1.537,1.153,1.246,1.729,1.755,1.073,0.371,,1.141,0.991,0.881,2.917,0.969,1.009,0.595,0.573,0.484,1.559,0.284,1.118,0.651,0.513,0.757,0.816,0.32,1.03,0.335,1.554,0.608,1.886,2.011,5.199,1.49,0.289,2.343,3.553,2.515,1.666,0.954,0.759,2.184,0.821,0.903,0.038,2.492,0.983,1.242,4.94,3.638,0.569,0.798,0.776,0.294,0.586,0.381,0.419,0.429,0.242,0.934,2.65,1.895,2.57,0.39,1.218,4.114,1.823,1.91,0.797,1.321,1.1,3.445,0.854,0.531,1.51,1.993,0.924,1.223,2.003,1.339,2.135
20150124,6,CO_24h,3.258,3.403,4.205,3.176,4.109,2.877,6.366,1.407,2.248,3.567,3.134,2.926,4.594,2.31,2.75,1.702,1.17,1.7,1.631,1.121,1.643,1.193,1.221,1.096,1.866,1.528,1.971,2.087,1.869,1.659,1.676,1.45,1.814,1.711,1.427,1.715,1.527,1.684,1.308,1.516,0.656,1.497,1.893,0.952,1.664,1.064,0.814,1.25,1.888,1.246,2.016,1.461,1.291,1.028,1.113,1.482,1.066,1.217,1.005,0.831,0.926,1.104,1.014,0.582,1.318,2.346,0.828,1.06,1.191,3.238,2.722,3.19,1.646,3.253,1.64,1.196,3.229,1.065,1.33,2.428,0.806,1.983,2.477,2.931,2.353,2.977,2.824,1.235,1.232,1.446,2.085,1.875,1.807,0.804,2.014,1.188,0.921,0.858,0.896,1.062,0.792,0.928,1.577,1.333,1.033,1.308,2.142,2.727,2.831,3.908,3.185,1.528,1.908,2.267,3.105,2.556,1.467,1.767,2.165,1.028,2.044,2.034,1.035,2.512,3.833,1.907,2.859,1.472,1.901,1.947,1.528,2.019,1.548,2.92,0.88,0.845,1.141,0.747,1.473,1.184,2.828,1.274,1.498,1.24,1.338,1.037,0.567,2.004,2.505,3.283,2.588,1.932,1.502,0.728,1.533,1.751,2.007,2.186,1.971,2.116,1.635,1.304,1.838,1.246,1.586,1.837,1.604,0.714,1.66,1.646,1.067,2.171,0.949,1.469,1.461,1.365,1.533,1.807,2.249,1.019,1.028,1.769,1.902,1.838,,0.881,1.462,1.767,0.913,4.074,2.061,2.604,2.932,4.699,4.994,1.443,1.012,0.855,1.689,1.548,1.121,0.514,0.908,2.45,1.094,1.413,1.67,1.482,1.372,1.655,0.93,1.332,1.991,2.246,1.706,0.968,1.398,1.167,1.126,0.755,1.188,1.704,1.311,1.508,3.225,2.563,,1.695,1.197,1.315,1.283,1.313,1.581,2.544,1.282,2.244,1.744,1.08,1.549,1.176,1.864,1.367,0.961,2.033,1.127,1.249,0.849,1.018,2.116,2.098,2.088,1.415,1.786,1.735,1.166,2.167,1.59,0.716,2.238,1.799,2.238,1.423,1.466,3.608,1.8,1.273,2.51,1.963,2.908,1.14,0.791,1.996,0.776,3.213,1.41,1.423,0.918,1.31,2.011,0.915,1.31,1.082,1.217,2.466,0.791,1.058,1.801,1.621,1.298,1.588,1.722,1.892,1.289,0.577,,1.094,0.91,0.969,3.105,1.627,1.246,0.82,0.694,0.515,1.33,0.316,1.18,0.832,0.437,0.898,0.801,0.809,1.256,0.367,1.788,1.445,1.963,2.188,4.157,1.303,0.365,2.204,3.41,2.444,1.664,1.935,1.346,1.901,0.744,1.662,0.64,2.839,1.637,1.06,6.876,3.878,2.471,0.652,0.799,0.925,0.611,0.419,0.903,1.345,0.627,1.369,3.255,1.152,2.43,0.384,1.313,3.065,1.801,1.798,1.34,1.011,2.307,2.013,0.925,0.573,1.492,3.311,1.119,1.426,2.81,1.639,2.525
20150124,7,AQI,74,245,275,179,79,315,237,42,55,325,252,352,257,103,75,83,153,200,139,168,219,200,147,189,266,178,184,210,202,188,153,89,237,161,148,196,154,231,209,191,82,182,114,143,219,92,113,88,200,141,250,121,136,81,66,94,83,80,105,80,69,110,54,43,158,222,82,30,44,200,71,110,69,177,132,127,128,67,64,43,87,217,282,287,258,235,222,294,165,232,160,206,211,97,244,76,117,76,75,92,91,89,124,125,64,36,255,77,137,209,165,55,52,76,65,72,167,158,192,131,191,237,86,208,378,262,206,216,144,230,174,105,143,154,57,61,61,56,143,221,105,179,225,192,160,131,37,219,191,92,141,164,135,71,105,76,135,259,188,170,209,136,220,171,177,154,188,85,110,113,209,164,178,212,165,253,203,157,148,157,135,163,174,130,,69,153,191,105,170,172,92,73,125,87,77,137,48,93,73,32,30,81,24,94,139,125,56,85,157,76,143,102,160,139,61,63,142,78,105,104,163,147,246,105,91,,192,181,221,104,170,59,189,99,71,103,104,88,82,170,96,125,80,98,83,70,96,236,206,208,171,161,127,204,164,111,125,117,193,103,105,104,215,243,82,147,83,85,83,146,127,132,91,52,56,62,76,139,83,65,54,104,104,138,210,248,238,158,165,146,157,132,20,,51,125,60,109,186,46,54,64,63,108,55,47,22,59,74,63,43,49,28,23,29,35,40,50,26,39,230,90,147,130,73,104,75,123,113,74,98,100,127,293,141,139,84,77,73,51,59,161,75,70,69,115,82,108,29,68,111,123,92,55,33,71,172,90,54,233,93,111,141,59,76,98
20150124,7,PM2.5,51,194,224,135,53,264,186,18,33,274,201,301,206,76,32,61,116,150,106,127,168,150,112,142,215,134,138,159,151,141,116,66,186,122,113,147,117,180,158,143,60,137,85,109,168,68,84,65,150,107,199,91,103,59,47,70,61,58,78,58,47,82,34,23,120,171,60,16,14,150,27,82,46,133,100,96,97,36,45,30,64,166,231,236,207,184,171,243,125,181,121,155,160,72,193,55,88,44,54,68,67,66,93,94,45,16,204,43,104,158,125,26,29,55,46,52,126,120,144,99,143,186,63,157,327,211,155,165,110,179,131,78,109,117,34,32,32,30,109,170,78,135,174,144,121,99,13,168,143,68,107,124,48,18,39,41,102,208,141,128,158,103,169,129,133,117,141,62,82,84,158,124,134,161,125,202,152,119,113,119,102,123,131,98,,49,116,143,78,128,130,68,50,94,64,45,104,29,69,39,22,19,40,11,70,106,94,35,62,119,47,109,52,121,106,27,44,108,57,78,77,123,112,195,78,67,,144,136,170,77,128,41,142,74,51,76,77,65,60,128,71,94,58,73,61,50,71,185,155,157,129,122,96,153,124,83,94,88,145,76,78,77,164,192,60,112,61,58,61,111,96,100,67,28,34,34,55,106,52,46,34,77,77,105,159,197,187,120,125,111,119,100,14,,30,94,42,81,140,32,35,30,44,80,38,20,9,41,53,42,28,16,5,8,16,7,3,20,14,5,179,65,112,98,38,77,49,75,62,39,73,59,96,242,107,106,32,56,33,30,40,60,37,33,29,86,57,80,20,33,44,62,68,38,19,51,130,48,25,182,53,83,107,37,55,73
20150124,7,PM2.5_24h,178,199,192,189,143,222,347,30,89,221,164,208,211,85,56,104,110,127,143,111,147,137,131,116,128,130,149,177,156,171,141,115,124,145,117,136,153,187,128,139,60,133,95,93,128,78,68,78,108,91,166,96,100,61,49,54,54,42,62,66,40,56,67,31,126,199,81,17,33,110,79,104,62,129,95,97,99,34,92,92,61,143,192,202,159,157,125,159,90,132,116,126,133,63,148,52,71,36,46,58,57,47,77,87,44,21,151,60,110,162,99,43,84,85,85,85,104,131,149,98,134,152,59,137,219,144,150,135,141,158,131,83,98,110,95,50,85,42,128,162,59,168,171,127,124,107,15,126,117,84,99,109,37,36,61,40,87,170,105,92,126,80,130,110,97,104,111,65,66,85,126,116,138,170,126,172,163,131,130,155,102,146,128,128,,106,99,121,69,116,116,113,83,152,61,73,94,62,86,55,97,18,36,53,87,90,107,90,85,122,138,88,36,109,135,42,98,124,84,51,117,87,80,124,97,66,,110,141,128,70,103,44,123,77,56,66,60,80,73,117,61,84,69,68,61,61,65,111,121,106,90,92,121,115,90,81,85,89,135,98,81,75,136,167,94,170,83,61,112,115,109,102,84,64,58,74,65,106,75,87,84,97,77,105,129,183,206,134,158,117,114,110,15,,42,88,45,76,125,73,52,37,44,61,12,30,16,50,60,36,31,23,35,18,66,16,24,69,19,7,159,65,103,71,77,72,47,74,108,61,84,97,88,259,124,113,21,56,50,45,30,42,90,74,73,118,53,101,31,43,118,61,65,35,11,91,83,52,25,149,122,65,77,84,48,92
20150124,7,PM10,96,277,338,235,106,391,319,41,57,325,314,430,295,120,97,82,153,184,148,138,239,149,142,191,284,210,177,198,170,199,178,101,292,154,150,199,153,188,192,195,79,175,120,146,206,84,110,109,277,152,240,123,109,78,79,101,91,86,92,80,86,104,56,42,178,265,72,29,43,275,90,122,85,182,151,145,178,82,70,39,79,184,312,299,269,240,309,319,141,272,192,234,210,97,251,80,108,81,73,88,89,89,121,114,63,35,273,102,155,225,250,41,52,98,71,60,157,153,199,112,191,194,109,224,447,251,251,237,162,239,201,157,150,158,61,58,55,59,157,232,146,173,212,224,157,128,23,317,184,110,171,173,218,89,158,100,120,264,228,149,208,134,209,172,186,163,197,89,76,121,194,186,172,207,160,,200,131,144,174,133,178,238,154,,,216,223,98,201,221,106,93,154,98,101,146,47,123,93,25,29,109,23,73,163,123,60,80,184,99,128,151,185,155,69,70,109,81,129,118,135,174,196,104,99,,197,163,196,107,134,50,145,90,68,85,117,68,82,179,134,116,83,108,91,69,107,228,227,210,160,174,168,192,170,150,125,128,264,123,109,122,219,264,96,151,79,117,79,191,137,147,88,52,60,72,74,128,114,64,56,97,116,154,189,268,278,181,147,197,177,161,18,,50,112,54,148,163,,48,41,56,108,17,46,21,56,61,74,,48,16,4,28,34,3,49,23,16,195,128,151,131,93,103,97,194,174,95,131,147,128,337,176,140,115,99,94,50,65,269,97,87,86,121,111,121,21,83,170,194,81,41,,71,148,128,56,197,133,120,118,66,80,97
20150124,7,PM10_24h,208,313,308,273,252,341,484,76,164,293,265,330,312,135,132,140,144,164,186,122,210,155,171,153,185,219,196,220,201,221,200,151,194,185,153,198,215,212,163,191,80,171,139,131,166,106,99,162,201,126,258,146,143,90,98,102,87,68,82,95,84,97,102,54,193,320,104,43,59,226,153,174,126,193,149,151,194,85,122,123,85,178,266,270,220,206,213,213,108,207,191,191,185,88,198,95,108,69,74,102,87,74,116,125,70,42,227,121,163,206,207,100,120,141,105,134,130,163,202,119,186,186,125,220,319,196,251,221,182,241,211,171,138,179,152,74,117,69,186,233,122,214,211,213,172,148,36,200,170,141,154,165,115,172,168,75,112,222,168,136,155,100,159,136,115,138,164,93,77,115,163,170,173,231,164,158,216,153,155,223,131,223,233,194,,124,170,190,89,179,198,178,134,250,96,161,136,91,155,117,126,45,109,125,109,134,136,142,112,175,175,105,113,158,187,80,142,138,121,85,157,107,117,155,133,97,,171,175,138,104,114,59,145,101,98,92,115,115,136,185,116,127,112,110,97,104,100,170,203,157,143,144,230,156,150,141,126,137,218,173,118,126,208,238,162,281,130,126,152,225,191,167,140,95,95,112,97,156,131,113,129,123,151,170,182,239,284,218,212,209,183,183,28,,78,114,71,152,163,126,71,55,75,114,26,58,37,74,80,73,38,76,39,41,121,37,34,127,23,39,193,122,152,110,222,96,89,229,165,175,140,154,121,362,208,172,59,110,98,116,52,159,167,133,120,151,107,152,41,100,225,216,82,53,16,124,109,129,50,203,220,110,86,129,98,126
20150124,7,SO2,25,70,129,201,84,239,218,103,48,87,153,79,200,200,51,167,174,136,164,20,29,24,37,47,52,32,38,44,29,38,14,16,28,23,25,28,26,15,57,11,6,73,27,20,42,4,28,17,85,30,73,52,39,28,13,10,27,36,37,20,11,25,11,5,29,33,16,19,9,91,26,24,244,14,60,59,87,46,66,49,8,142,36,157,153,144,232,70,48,76,70,64,29,25,72,20,26,6,9,17,17,3,41,7,8,21,142,68,89,558,133,173,88,37,90,203,71,96,56,25,28,28,58,135,302,54,143,73,69,34,52,49,57,12,17,4,15,1,18,39,65,46,15,22,9,38,27,43,202,79,57,71,215,18,147,5,10,111,204,82,31,49,34,28,36,13,17,6,24,32,24,19,13,64,38,48,37,25,22,20,20,42,29,33,,172,35,32,25,226,256,175,32,86,135,25,20,18,130,74,10,34,35,44,33,54,102,23,20,26,84,64,85,19,32,19,10,20,39,78,62,39,56,15,41,14,,14,37,58,23,36,8,22,9,26,29,23,9,8,65,69,123,71,89,65,34,169,308,214,64,40,42,43,77,35,54,54,67,81,29,21,18,38,33,30,94,72,30,65,86,67,8,34,4,10,14,133,28,17,7,23,11,51,14,35,79,45,22,17,10,11,62,4,,35,15,36,40,12,5,5,10,17,101,4,11,17,34,23,13,8,4,2,14,7,6,7,35,15,3,24,41,76,47,57,17,68,297,65,2,180,82,55,159,40,22,22,27,15,14,149,14,6,36,20,66,18,7,24,13,33,61,24,15,88,12,13,4,3,27,167,24,29,55,43,173
20150124,7,SO2_24h,58,94,192,114,123,186,193,57,89,99,124,89,202,222,122,165,95,96,176,23,35,26,46,36,51,44,41,55,36,51,24,32,39,32,26,32,62,37,35,18,9,53,41,27,41,11,16,36,84,29,71,60,43,29,12,14,27,11,24,23,12,35,15,4,34,38,25,28,15,82,52,74,149,31,60,48,106,54,67,47,11,129,59,85,70,131,137,50,41,73,88,66,32,24,92,42,22,7,9,16,16,4,37,18,13,23,82,81,102,501,120,68,122,102,109,154,53,83,68,42,26,27,70,122,181,43,145,87,108,45,65,55,51,23,31,6,23,2,21,37,81,65,20,21,12,49,22,79,116,93,52,77,94,38,152,8,16,70,95,75,29,47,52,39,37,33,25,15,24,33,23,39,16,62,31,43,46,42,31,37,24,32,26,40,,153,36,34,26,162,227,223,74,177,150,108,33,28,126,55,16,42,43,91,59,59,72,67,34,107,74,80,50,15,34,30,17,24,49,55,48,40,37,28,88,15,,14,38,80,23,32,23,32,10,53,27,23,13,17,72,78,95,73,64,77,44,127,162,135,46,45,64,54,46,54,64,51,82,83,47,33,20,59,51,45,92,77,33,97,101,60,31,31,8,14,23,101,24,20,12,31,18,70,17,28,55,53,46,43,14,11,51,4,,37,18,49,33,35,6,19,12,25,78,4,11,28,22,9,13,9,11,6,23,10,6,10,41,18,3,31,47,73,25,88,26,73,89,61,28,112,72,28,165,104,61,23,57,34,33,64,17,47,63,46,109,16,21,24,20,51,63,29,24,39,17,31,11,3,45,138,23,24,86,49,104
20150124,7,NO2,64,87,86,75,50,99,89,31,53,102,114,87,99,53,55,57,47,54,78,77,84,81,69,66,61,50,62,72,90,49,31,34,51,72,83,79,62,83,88,48,27,80,52,52,51,43,63,39,95,65,87,67,54,80,35,36,70,40,61,58,43,69,20,18,63,65,23,21,34,64,32,38,49,80,34,39,69,41,44,20,33,73,81,84,87,86,90,69,68,59,79,71,72,44,79,68,42,10,15,45,25,44,89,27,31,22,83,39,52,87,75,45,46,50,72,55,36,46,45,37,33,60,35,91,110,72,85,68,54,49,87,40,32,30,22,12,16,37,47,42,43,30,20,55,25,46,11,51,67,60,60,65,35,36,35,25,48,60,68,28,55,76,49,26,56,41,52,14,35,23,67,80,79,84,94,64,74,69,82,71,84,41,43,67,,28,118,58,40,45,61,47,20,51,32,23,43,35,39,77,31,5,17,13,32,39,48,22,38,48,31,46,36,152,30,28,14,63,22,70,32,59,45,61,49,61,,26,50,45,22,49,32,44,35,33,16,49,24,23,46,47,52,52,42,41,39,61,125,94,80,67,82,30,76,73,45,73,46,73,24,31,22,64,43,38,41,22,34,38,29,51,29,25,9,9,52,22,48,19,8,29,40,41,35,28,59,74,29,37,25,20,36,10,,36,24,14,36,14,3,8,7,35,29,1,19,20,11,20,20,16,24,11,13,19,17,8,31,17,2,47,71,40,40,18,30,43,37,33,34,28,26,46,166,35,50,9,15,17,11,63,5,8,14,8,52,23,68,10,20,32,22,27,17,24,26,73,8,15,60,62,79,48,37,35,46
20150124,7,NO2_24h,110,98,109,103,88,86,108,23,65,102,79,81,103,60,67,74,45,55,102,63,90,79,68,41,56,61,73,81,94,59,40,36,45,91,58,86,81,87,69,48,27,86,58,62,46,51,45,59,75,40,99,85,79,85,39,38,63,33,44,64,32,56,35,14,73,93,31,33,36,70,63,60,48,88,53,58,67,51,47,47,36,74,78,81,73,84,77,50,49,52,64,65,65,28,71,70,33,11,20,47,24,25,92,34,30,17,63,43,62,78,70,28,56,63,86,81,44,46,47,49,29,58,50,88,98,66,81,75,65,63,75,48,44,43,57,15,34,26,60,47,51,44,26,58,34,43,21,73,67,68,60,62,19,36,59,32,52,54,41,36,43,55,41,26,40,44,41,17,25,19,63,73,77,84,94,54,76,59,67,88,52,55,64,85,,43,104,50,42,46,62,58,44,63,33,43,36,39,47,55,30,10,23,35,44,43,43,38,39,61,37,46,27,56,34,33,32,57,30,60,30,58,32,54,67,67,,27,45,43,19,38,38,46,31,55,23,54,20,37,54,57,53,61,55,53,49,56,83,86,70,71,82,42,62,66,65,58,59,65,56,43,32,59,58,64,61,35,51,73,42,77,44,48,17,22,58,25,35,31,26,42,33,62,38,34,63,79,33,56,28,36,40,19,,37,25,24,49,38,12,21,9,24,27,3,21,21,11,15,26,19,33,14,19,25,15,14,30,15,4,56,72,49,33,27,29,33,26,62,38,35,30,34,168,45,64,10,24,25,17,30,9,22,24,33,59,21,67,16,38,39,25,39,30,15,50,64,21,16,70,74,67,38,49,24,46
20150124,7,O3,18,3,5,6,10,9,8,27,12,5,5,4,5,10,14,18,12,19,9,27,3,7,8,5,8,7,8,8,12,11,8,32,4,8,34,1,10,3,7,3,93,5,13,16,14,40,18,10,8,35,14,27,57,15,75,38,8,9,23,37,49,9,88,37,5,9,72,43,20,8,51,38,11,3,46,59,4,21,28,28,53,3,3,6,3,8,6,17,7,15,8,5,4,37,6,12,57,121,91,15,80,31,8,48,14,10,5,17,21,21,21,9,19,10,16,14,34,26,7,37,57,15,32,11,2,10,14,19,33,10,6,64,7,45,99,102,103,51,4,22,4,32,34,4,17,46,72,4,27,12,6,6,32,36,37,50,44,5,10,18,25,9,7,15,3,1,2,62,17,5,8,7,6,2,14,7,11,,7,8,7,107,50,3,,18,4,13,26,3,18,21,75,25,22,40,33,32,29,9,31,42,60,37,32,17,30,57,39,12,22,3,26,34,22,19,42,42,47,25,22,35,26,2,50,47,,26,36,80,33,30,24,68,36,3,47,4,20,12,14,5,39,16,6,10,26,13,17,5,2,12,3,35,4,1,48,17,44,5,62,53,57,2,3,74,38,74,66,101,48,31,4,56,68,87,38,76,4,71,67,66,50,23,23,31,5,1,24,17,17,25,29,20,,24,25,76,8,73,32,96,103,2,38,87,13,17,41,51,6,79,5,55,43,20,19,71,38,50,67,8,1,19,66,49,61,6,20,51,22,44,42,25,10,29,22,62,23,20,23,28,97,11,44,40,17,20,45,18,17,31,21,49,106,51,50,4,30,5,2,9,4,10,16,14,15
20150124,7,O3_24h,31,31,28,49,28,51,45,69,53,24,50,69,20,26,35,46,65,85,47,99,52,82,89,84,86,66,88,92,83,57,65,84,57,80,115,105,75,83,107,117,122,115,114,118,37,127,114,60,78,96,49,85,93,142,143,117,145,102,137,177,164,142,126,78,48,23,91,80,115,37,92,80,52,19,104,113,40,67,65,34,129,48,66,74,50,58,58,81,80,97,63,40,76,93,87,137,161,139,128,136,156,129,160,198,93,53,80,53,68,60,70,40,56,56,62,41,85,61,54,84,107,60,69,73,34,84,88,112,51,41,49,98,52,91,147,152,155,163,29,103,64,115,63,43,28,87,107,64,72,83,49,57,82,88,67,73,67,90,87,59,93,90,74,75,70,62,61,88,64,80,92,83,79,78,91,102,51,94,96,57,70,79,73,82,,32,121,92,135,43,77,50,90,40,39,75,69,56,72,78,57,62,89,44,53,44,86,79,74,58,74,50,36,142,54,54,71,112,61,72,61,75,60,66,100,99,,47,108,134,46,90,61,101,116,74,119,110,121,58,77,82,110,142,75,85,97,144,43,86,98,83,97,87,92,81,51,65,56,102,65,74,71,57,15,110,74,117,170,149,127,91,67,112,89,146,92,147,128,114,77,110,151,28,47,102,58,50,65,35,33,36,91,58,,113,51,97,72,104,52,114,131,90,106,98,113,49,78,91,103,104,94,59,72,96,27,93,83,86,95,64,46,45,93,58,106,57,82,77,62,96,72,94,92,77,98,92,37,68,104,102,113,22,70,67,61,34,78,19,59,83,51,70,122,74,53,46,784,92,69,31,161,161,49,43,48
20150124,7,O3_8h,17,3,5,7,6,9,14,52,21,5,5,5,6,11,14,28,14,26,12,43,5,15,12,25,9,8,8,10,12,11,9,34,13,9,60,4,9,4,24,9,106,4,12,17,15,45,24,10,9,54,13,24,53,11,88,56,21,25,50,60,81,32,90,39,12,8,83,36,28,8,61,60,17,2,48,49,5,14,23,27,61,3,8,5,2,8,6,25,29,16,11,9,4,49,5,13,79,129,94,11,103,77,15,51,19,21,12,19,19,22,21,23,25,15,26,23,46,39,9,41,43,10,23,10,3,10,21,19,28,11,8,35,10,53,99,112,111,65,4,30,5,37,40,4,17,72,73,5,27,13,5,6,45,38,21,47,37,6,13,14,31,17,12,13,18,4,18,68,37,13,17,19,5,2,24,9,14,12,19,9,35,97,46,3,,11,11,15,25,7,17,25,69,25,21,44,50,38,30,11,40,37,56,34,36,31,38,67,56,33,33,7,21,77,24,20,50,45,45,37,30,31,24,12,45,46,,30,44,85,38,39,23,63,41,7,50,2,46,14,24,6,34,15,7,24,23,19,14,4,3,19,7,29,10,6,44,34,48,11,47,57,54,9,4,70,26,62,46,79,42,19,5,22,69,92,44,66,46,72,65,74,58,11,28,36,5,2,39,9,16,25,38,22,,33,26,85,10,72,33,103,115,23,47,93,19,20,53,64,9,85,6,55,45,11,21,78,26,51,76,9,2,22,73,52,72,22,35,39,20,65,50,42,11,30,36,71,22,24,31,70,106,15,54,31,12,16,42,18,8,37,21,31,96,65,26,2,28,5,6,20,11,36,19,29,13
20150124,7,O3_8h_24h,18,22,18,33,18,36,31,58,35,16,32,49,13,20,23,35,53,71,31,76,37,62,56,73,69,54,62,66,60,37,47,69,42,53,97,81,53,56,81,96,110,93,86,85,28,116,97,46,67,87,34,38,74,105,126,106,112,90,118,134,140,119,116,70,39,15,87,69,80,25,69,64,41,14,77,88,27,52,61,27,113,37,55,58,39,43,46,71,66,77,50,34,61,85,63,105,150,132,120,114,139,119,111,176,86,45,62,41,48,46,49,36,48,42,50,26,74,53,30,66,57,42,57,43,27,63,52,87,35,29,36,67,29,71,119,142,144,161,15,80,41,83,55,30,22,79,96,36,54,55,37,38,75,75,49,64,54,69,52,45,79,77,56,62,59,45,47,80,59,68,68,60,57,56,64,77,40,70,78,50,60,131,60,58,,26,96,74,107,26,60,33,71,33,33,52,57,43,54,62,45,56,76,37,46,38,73,74,64,42,48,36,31,98,41,44,58,74,49,62,56,58,41,51,60,73,,41,66,108,40,70,42,75,103,47,100,83,101,42,58,64,84,104,57,65,75,90,30,49,74,59,75,55,68,63,48,55,48,68,47,62,60,44,12,85,40,84,133,110,72,64,43,88,78,118,73,139,119,100,70,96,125,22,42,83,34,37,56,28,28,30,80,44,,89,43,89,52,76,46,110,125,79,93,96,93,42,73,86,80,100,75,58,59,74,23,87,78,83,84,26,33,35,77,55,99,48,69,70,44,86,60,88,62,40,45,83,32,60,99,94,108,16,54,59,50,28,70,18,41,68,41,57,111,71,37,27,300,85,48,23,126,124,41,37,37
20150124,7,CO,1.667,3.528,4.498,5.914,0.948,3.433,4.419,1.275,1.102,4.078,3.862,4.62,3.601,1.805,2.937,0.835,1.263,1.59,1.183,1.278,1.715,1.364,1.127,2.058,2.57,1.577,2.892,2.043,1.753,1.517,1.486,1.214,2.132,1.727,1.441,1.635,1.32,1.977,1.32,1.682,0.661,1.658,1.735,1.028,1.882,0.966,0.952,1.063,3.126,1.56,2.531,1.207,1.044,0.901,1.086,1.519,1.216,1.435,0.951,0.739,1.022,1.176,0.783,0.591,1.247,1.837,0.604,1.013,0.948,3.45,1.527,1.907,1.361,3.762,1.401,0.834,3.4,0.887,0.983,1.345,0.83,2.304,3.011,3.264,3.797,2.563,4.514,2.163,1.963,3.001,2.352,2.499,2.526,0.989,2.014,0.942,0.921,0.977,0.903,0.999,0.812,0.931,1.549,1.138,0.946,1.372,2.567,2.761,2.953,4.109,4.615,2.138,1.809,1.692,2.31,1.365,1.425,1.484,2.198,0.982,2.235,2.439,0.903,2.616,7.23,2.393,2.964,1.583,1.841,1.912,1.672,1.825,1.766,2.988,0.443,0.809,0.74,0.705,1.193,1.165,4.256,0.958,1.377,1.259,1.371,1.103,0.464,2.545,3.582,3.114,2.728,2.159,2.004,0.435,0.951,1.88,1.858,3.626,4.496,2.632,2.603,2.94,2.281,1.627,2.319,2.1,3.307,0.816,2.077,1.753,1.383,2.399,1.056,1.429,1.665,1.654,1.74,1.805,2.513,0.783,1.137,1.498,2.007,1.708,,0.425,1.281,1.87,0.965,5.654,2.642,1.596,2.319,4.576,5.456,0.937,1.199,0.336,1.099,2.566,0.776,0.397,0.714,1.321,0.766,1.325,1.513,0.712,1.231,1.748,0.576,1.402,3.538,2.486,1.697,0.574,0.814,0.886,0.657,1.138,1.625,1.903,1.822,1.88,3.19,2.72,,2.007,1.365,1.496,1.443,1.582,1.178,2.65,1.267,1.523,1.727,1.089,1.411,0.919,1.896,1.986,1.673,1.836,0.992,1.445,0.67,1.029,4.465,3.958,2.845,1.57,1.848,1.295,2.665,1.444,1.388,0.926,2.342,1.983,1.707,1.35,1.356,4.028,1.945,0.746,2.267,1.62,3.283,0.446,0.851,1.626,0.683,2.517,1.072,1.334,0.586,1.181,2.14,0.472,0.925,0.591,1.03,2.399,0.77,0.982,1.838,1.595,1.18,1.441,1.751,1.783,1.138,0.351,,1.271,0.886,0.88,2.982,0.984,1.024,0.597,0.566,0.589,1.663,0.329,1.184,0.652,0.513,0.809,0.864,0.313,1.035,0.381,1.555,0.57,1.889,2.093,3.926,1.445,0.315,2.236,3.614,2.538,1.78,1.013,0.731,2.489,1.044,0.729,0.069,2.515,0.994,1.412,4.919,2.957,1.726,0.75,0.643,0.276,0.474,0.628,0.456,0.373,0.32,0.812,2.984,1.649,2.526,0.377,1.001,3.197,2.011,1.729,0.63,1.284,0.926,3.95,0.873,0.587,1.562,2.184,0.975,1.342,2.078,1.549,1.982
20150124,7,CO_24h,3.19,3.465,4.207,3.299,3.883,2.964,6.326,1.392,2.209,3.645,3.234,3.059,4.558,2.264,2.732,1.615,1.186,1.697,1.591,1.126,1.649,1.189,1.215,1.145,1.905,1.534,1.976,2.09,1.865,1.669,1.681,1.433,1.797,1.707,1.416,1.709,1.529,1.688,1.299,1.52,0.656,1.511,1.889,0.971,1.672,1.064,0.82,1.259,1.965,1.244,2.064,1.46,1.287,1.008,1.108,1.482,1.056,1.227,0.996,0.817,0.928,1.108,0.998,0.569,1.306,2.321,0.809,1.052,1.196,3.244,2.649,3.172,1.595,3.317,1.642,1.249,3.283,1.069,1.332,2.403,0.804,1.973,2.46,2.982,2.438,2.962,2.909,1.287,1.262,1.518,2.085,1.892,1.842,0.818,1.999,1.17,0.916,0.863,0.895,1.063,0.794,0.92,1.588,1.343,1.024,1.302,2.176,2.689,2.83,3.927,3.243,1.521,1.904,2.235,3.031,2.524,1.458,1.746,2.185,1.023,2.062,2.049,1.05,2.521,4.049,1.938,2.886,1.462,1.912,1.972,1.544,2.015,1.56,2.951,0.861,0.837,1.106,0.737,1.478,1.182,2.925,1.25,1.485,1.241,1.347,1.044,0.542,2.027,2.572,3.303,2.605,1.962,1.525,0.714,1.457,1.763,1.967,2.275,2.079,2.12,1.682,1.382,1.809,1.244,1.532,1.854,1.683,0.703,1.662,1.624,1.079,2.176,0.964,1.472,1.467,1.386,1.539,1.799,2.253,0.998,1.027,1.77,1.9,1.837,,0.836,1.478,1.777,0.917,4.008,2.078,2.553,2.892,4.696,4.994,1.395,1.01,0.801,1.646,1.581,1.069,0.516,0.896,2.14,1.084,1.417,1.648,1.385,1.324,1.667,0.92,1.343,2.047,2.209,1.735,0.961,1.341,1.109,1.107,0.786,1.223,1.728,1.34,1.537,3.283,2.589,,1.724,1.218,1.322,1.287,1.327,1.589,2.542,1.284,2.249,1.751,1.086,1.552,1.18,1.852,1.379,1.003,2.041,1.122,1.257,0.846,1.02,2.216,2.194,2.146,1.421,1.8,1.725,1.241,2.041,1.595,0.722,2.25,1.8,2.228,1.428,1.458,3.61,1.83,1.236,2.523,1.95,2.963,1.164,0.803,1.985,0.786,3.225,1.389,1.43,0.904,1.292,2.018,0.903,1.295,1.055,1.203,2.487,0.794,1.056,1.805,1.625,1.294,1.605,1.738,1.907,1.28,0.574,,1.097,0.901,0.969,3.12,1.618,1.219,0.805,0.689,0.524,1.318,0.317,1.182,0.829,0.43,0.892,0.8,0.833,1.26,0.382,1.792,1.451,1.963,2.186,4.171,1.309,0.366,2.228,3.433,2.462,1.672,1.89,1.059,1.886,0.74,1.62,0.612,2.789,1.526,1.091,6.065,3.854,2.467,0.661,0.812,0.928,0.615,0.42,0.898,1.318,0.624,1.34,3.231,1.179,2.463,0.384,1.316,3.02,1.809,1.771,1.326,1.039,2.242,2.126,0.931,0.577,1.496,3.279,1.129,1.42,2.785,1.587,2.495
20150124,8,AQI,110,182,267,199,61,318,191,53,57,293,261,315,267,99,83,120,124,212,157,171,213,212,157,167,265,185,209,217,195,192,146,81,241,158,157,193,141,267,202,189,83,184,114,144,223,94,114,93,204,149,279,116,135,80,68,99,92,85,103,83,74,105,53,46,172,224,80,33,45,200,70,114,79,156,130,116,120,69,63,43,88,219,286,290,250,251,237,300,188,243,177,207,224,100,245,78,116,72,81,98,94,94,126,128,70,43,256,77,136,206,172,58,57,127,80,76,174,149,196,139,193,247,89,200,365,276,211,220,148,236,165,99,161,153,56,61,61,53,138,218,103,181,231,181,164,135,37,223,208,97,139,175,146,67,101,67,131,237,209,144,223,154,259,193,184,168,225,85,149,143,210,168,185,220,191,241,212,179,192,164,141,163,171,139,,78,158,204,109,171,191,97,71,115,86,79,161,50,96,90,46,29,69,35,122,148,136,40,89,179,74,160,103,243,158,57,75,146,98,114,132,172,155,252,106,96,,191,160,226,110,160,58,182,97,96,104,109,91,86,161,98,127,80,97,83,70,99,238,219,209,167,149,136,223,167,105,136,111,210,100,104,104,219,243,80,135,80,75,82,149,110,132,89,53,57,65,76,141,84,59,58,93,80,141,188,248,239,167,160,148,164,133,20,,60,119,55,106,146,39,52,61,66,121,46,53,52,59,75,63,43,39,28,23,47,35,39,41,29,38,223,92,156,131,70,113,138,128,104,75,96,96,143,286,153,158,68,86,68,50,66,161,54,72,62,127,81,103,39,66,101,119,71,56,38,63,137,81,56,234,116,115,153,69,131,97
20150124,8,PM2.5,82,137,216,149,43,267,143,26,36,242,210,264,216,74,44,90,93,161,119,129,162,161,119,126,214,139,158,166,146,144,111,59,190,120,119,145,107,216,151,142,61,138,85,110,172,70,85,69,153,114,228,87,102,58,47,74,68,62,76,61,49,78,32,23,130,173,58,17,16,150,26,85,48,118,98,87,90,40,44,30,65,168,235,239,199,200,186,249,141,192,133,156,173,75,194,57,87,45,59,73,70,70,95,97,50,18,205,43,103,155,130,39,39,96,58,55,131,114,147,106,145,196,66,150,314,225,160,169,113,185,125,73,122,116,32,37,30,25,105,167,76,136,180,136,124,102,14,172,157,72,106,132,73,18,42,44,99,186,158,110,172,117,208,145,138,127,174,62,114,109,159,127,139,169,143,190,161,135,144,124,107,123,129,106,,57,120,153,81,129,143,72,49,86,63,51,122,29,71,37,32,15,41,18,92,113,103,16,66,135,53,121,60,192,120,28,54,111,73,85,100,130,113,201,79,71,,143,121,175,82,121,40,137,72,71,77,81,67,63,122,73,96,58,72,61,50,74,187,168,158,126,114,103,172,126,78,103,83,159,75,77,77,168,192,58,102,58,49,60,114,82,100,66,29,35,44,55,107,49,41,31,69,55,107,141,197,188,126,121,113,124,101,14,,39,89,38,79,111,27,35,33,47,91,24,23,27,41,54,41,30,16,2,7,32,9,2,21,18,7,172,68,118,99,43,84,105,93,56,40,63,57,109,235,116,120,30,63,26,27,40,74,36,36,28,96,59,76,27,37,33,36,51,34,12,44,104,45,28,183,87,86,116,49,99,72
20150124,8,PM2.5_24h,174,200,194,190,140,229,342,29,88,226,168,214,215,83,62,100,111,129,140,112,149,137,130,117,133,131,149,177,156,173,142,113,127,144,116,137,152,189,129,138,60,134,95,96,129,78,68,79,111,93,168,97,101,61,49,55,54,44,62,65,40,57,65,29,125,198,80,17,32,112,77,104,60,130,95,96,101,34,91,90,62,143,193,206,162,159,128,164,93,136,116,127,135,65,151,52,71,37,46,59,57,47,78,89,43,20,155,60,111,163,101,41,84,85,81,83,103,129,150,98,138,155,59,139,227,147,152,137,143,162,132,83,101,113,91,48,80,39,128,163,60,165,168,128,125,108,15,128,120,84,101,112,39,35,60,40,88,173,108,94,128,83,131,112,101,105,115,65,67,85,127,116,139,170,126,174,163,131,131,155,101,146,128,126,,102,100,126,69,115,119,112,82,151,61,73,93,60,86,56,95,18,36,50,87,92,105,84,84,124,136,89,37,107,136,41,95,122,83,53,118,89,82,127,98,66,,112,141,131,71,104,44,125,77,56,66,60,80,74,117,62,86,69,68,62,61,66,116,125,110,92,94,121,118,91,80,86,89,137,98,81,76,139,170,92,169,82,60,109,115,109,103,83,61,55,71,63,105,74,84,80,94,78,106,130,185,206,134,160,118,116,110,15,,41,89,45,77,124,70,52,37,44,60,13,30,16,49,59,36,31,23,35,18,67,16,24,68,19,7,162,66,105,73,75,71,47,75,107,61,83,96,89,251,126,113,22,57,50,45,31,44,89,73,72,117,54,102,31,42,116,61,64,35,11,91,86,52,25,151,121,67,77,83,47,89
20150124,8,PM10,104,180,335,257,66,400,231,54,62,332,329,405,324,116,114,120,126,197,138,146,233,195,154,166,290,216,205,209,213,200,166,84,296,158,164,196,146,220,191,193,81,167,122,172,202,92,117,122,281,159,275,122,110,80,84,106,104,96,106,88,96,112,54,45,193,268,69,32,44,277,87,127,105,166,161,140,170,85,69,42,83,206,321,311,259,280,323,327,148,288,211,228,225,99,256,87,120,78,81,122,95,97,153,122,73,42,267,102,151,203,259,64,61,127,77,73,164,147,185,124,213,219,122,211,427,269,247,220,155,245,198,145,146,160,59,69,54,53,157,236,148,174,223,227,165,130,23,309,200,115,162,185,239,82,150,82,111,248,251,219,220,157,270,172,185,171,259,86,128,173,204,192,174,226,177,,211,155,175,184,144,176,232,170,,,203,221,87,200,238,123,90,150,96,105,157,49,125,128,39,28,85,34,102,168,133,39,87,207,70,127,154,261,169,61,87,121,99,162,158,144,257,,103,105,,208,152,191,114,144,53,147,95,81,81,118,76,91,177,130,124,77,107,89,69,105,225,245,209,148,159,176,209,174,129,137,119,291,123,109,122,241,239,92,151,76,98,79,188,123,140,76,53,61,78,72,127,115,57,64,88,108,162,196,266,279,187,170,187,184,165,18,,68,112,48,145,136,,47,47,63,148,,53,52,60,69,73,,38,13,10,46,34,7,40,28,16,203,129,165,128,87,103,136,204,155,97,139,140,139,337,163,165,84,101,84,49,80,269,55,92,72,123,99,114,20,79,150,186,63,60,37,59,,110,59,208,168,127,135,71,116,94
20150124,8,PM10_24h,221,314,311,275,245,350,478,75,161,300,273,339,317,133,143,136,145,165,181,123,212,158,170,155,192,220,196,220,201,223,201,148,199,185,151,199,214,213,165,191,80,171,138,136,168,105,99,163,206,128,254,147,143,88,98,103,86,69,83,95,85,98,99,53,192,317,102,43,59,230,150,173,123,194,149,151,196,86,121,123,85,178,267,275,224,210,219,219,110,212,192,192,187,90,201,95,108,69,74,103,87,74,118,126,68,42,231,122,164,208,210,98,120,141,100,131,129,161,203,119,190,188,125,222,329,200,255,220,182,243,215,171,140,181,147,73,112,66,186,234,124,211,209,215,173,150,35,204,174,142,157,167,122,172,166,76,112,227,172,137,159,104,160,138,122,140,169,92,79,118,164,171,174,231,165,158,216,153,156,220,130,224,233,192,,121,173,191,89,178,201,177,133,249,96,161,135,87,155,117,123,41,110,119,109,137,134,132,110,178,172,105,115,155,187,79,136,134,119,89,159,109,121,156,133,99,,174,176,139,105,114,59,146,101,98,92,115,114,137,185,118,128,112,110,97,103,101,176,206,161,144,146,230,159,150,143,128,137,221,173,119,126,210,242,159,280,129,124,148,225,190,169,138,92,93,111,94,155,131,110,124,120,152,170,183,241,284,217,215,210,186,183,27,,77,115,70,154,162,122,70,55,75,113,26,59,37,74,80,72,38,76,40,40,122,38,33,127,23,40,197,123,155,106,216,95,87,233,166,175,137,154,121,363,209,173,61,112,100,116,53,169,164,133,118,151,109,152,42,101,224,217,81,54,18,124,111,128,51,204,221,112,85,127,94,123
20150124,8,SO2,34,55,130,246,73,227,153,136,67,76,129,79,197,180,83,164,174,116,169,21,31,28,42,36,63,35,36,46,29,36,14,14,31,24,27,34,27,15,61,12,6,75,32,32,48,5,37,22,89,33,100,52,41,32,13,11,30,17,36,22,11,25,10,4,34,37,17,20,12,89,26,23,192,14,64,61,120,56,55,40,8,133,40,131,123,159,249,70,66,92,66,66,28,22,63,25,39,7,10,24,19,5,49,11,10,22,149,79,80,550,153,173,94,49,104,88,77,73,60,27,40,30,52,130,282,53,146,67,68,36,55,48,44,14,15,4,15,1,21,31,58,38,17,21,9,45,29,50,196,97,56,105,170,22,128,5,11,102,215,97,37,70,40,32,44,15,24,8,35,54,28,22,14,68,44,51,73,28,25,21,22,41,32,45,,100,30,39,22,244,327,156,37,112,152,42,22,14,75,67,18,36,37,50,44,36,87,20,12,29,138,77,89,22,31,19,9,25,39,66,44,48,52,21,52,16,,15,35,68,22,34,10,30,11,29,30,20,13,10,85,77,89,68,80,84,30,181,341,228,66,41,45,41,64,37,69,56,71,79,32,25,16,38,38,33,99,72,18,66,80,62,8,32,5,13,14,110,34,18,6,19,8,51,22,28,82,45,25,14,13,12,59,4,,41,20,40,50,25,5,5,10,24,104,5,10,52,37,32,13,10,6,2,15,9,5,8,47,5,3,28,50,85,42,62,20,97,302,30,4,59,91,81,415,69,34,24,43,19,15,155,15,4,17,19,70,17,7,24,15,32,81,26,14,98,14,7,3,3,31,145,31,39,65,115,121
20150124,8,SO2_24h,58,92,190,119,118,192,192,58,89,98,126,90,204,218,127,157,96,97,170,23,35,26,45,37,52,44,40,54,36,51,25,32,40,32,26,32,60,37,36,17,9,54,41,28,42,11,17,36,84,29,70,60,43,29,12,14,27,12,24,23,12,35,15,4,34,39,24,28,15,84,51,74,152,31,61,49,109,55,66,48,11,128,57,87,73,131,141,51,42,73,87,66,32,23,91,42,22,7,9,16,16,4,38,18,13,22,81,78,101,502,117,68,122,98,104,151,53,82,67,41,32,27,70,124,189,43,146,83,105,45,60,54,51,23,31,5,21,2,21,37,82,63,19,21,11,48,22,79,122,95,51,80,96,36,152,8,16,72,100,74,29,47,51,39,37,32,25,14,24,34,24,38,16,61,31,44,44,41,31,37,24,32,27,40,,150,37,50,26,163,231,220,72,174,150,105,31,28,125,54,16,42,42,86,57,57,69,63,33,98,79,79,52,15,34,30,17,23,49,56,48,41,37,29,89,15,,14,38,76,23,33,23,32,10,53,27,22,13,17,73,80,95,72,62,77,42,129,172,139,47,43,64,54,48,53,79,51,81,83,47,33,20,60,52,44,94,76,32,91,100,61,31,31,8,13,22,99,24,20,12,31,14,70,16,28,57,53,44,43,14,11,50,4,,37,18,48,33,34,6,17,12,26,78,4,11,29,21,10,13,9,11,6,23,10,6,10,40,18,3,32,48,74,26,86,26,67,88,59,27,110,69,30,175,103,61,23,54,34,33,63,17,46,62,46,109,16,21,24,20,51,64,29,23,43,18,30,11,3,44,140,23,24,85,51,97
20150124,8,NO2,77,70,87,77,46,99,88,38,57,81,105,79,99,52,65,60,47,55,84,87,88,87,71,64,61,47,58,74,90,45,34,39,48,71,94,89,69,90,77,48,43,79,48,51,53,53,64,42,102,71,94,74,59,86,47,42,80,56,70,61,54,66,21,27,61,69,35,34,35,63,37,49,53,76,42,38,76,56,32,21,37,76,79,85,91,81,95,66,71,61,77,74,70,51,67,70,52,14,25,49,35,57,91,38,40,23,79,39,49,87,78,46,48,54,77,47,41,43,45,40,19,59,44,86,108,71,84,70,60,50,86,41,35,32,27,16,18,42,46,46,42,43,27,54,26,51,14,51,73,64,61,67,38,49,48,28,49,56,78,30,64,81,55,29,58,41,56,26,48,24,70,86,80,94,102,61,80,69,86,72,82,41,45,75,,30,109,44,42,46,64,40,23,44,32,48,53,30,44,100,52,11,19,20,44,39,59,27,25,55,40,46,37,186,33,28,25,68,25,59,32,68,42,64,47,59,,28,49,50,23,55,32,46,45,36,18,46,22,33,53,53,51,50,37,49,47,58,119,104,77,71,83,29,73,75,51,94,48,73,29,41,25,61,49,54,46,22,28,42,39,56,31,24,9,13,57,24,52,23,9,41,34,47,38,35,60,69,33,43,25,23,41,22,,39,30,17,37,23,9,12,7,31,33,1,22,37,22,26,22,24,24,17,16,23,20,10,76,28,2,48,74,42,44,30,32,52,46,32,44,30,21,53,149,53,63,11,20,22,12,66,12,8,12,15,59,28,59,10,24,33,13,25,19,36,21,63,7,17,60,59,75,55,41,38,45
20150124,8,NO2_24h,108,98,109,102,87,88,109,23,65,102,81,82,105,60,69,73,45,55,101,64,91,80,69,42,57,62,74,81,95,59,40,36,45,91,59,87,81,88,69,48,27,87,58,63,47,51,45,59,77,40,99,84,79,84,38,38,63,34,44,64,32,56,33,14,72,93,30,33,36,71,62,60,48,89,52,57,68,50,47,46,36,74,78,82,75,84,77,51,50,52,65,65,66,29,71,71,33,11,20,48,24,25,92,34,30,18,64,42,62,79,70,27,56,63,85,80,43,46,47,48,22,59,50,89,99,67,82,75,65,64,74,48,44,42,56,15,31,26,61,47,51,43,26,59,34,42,20,73,69,69,61,63,20,34,59,32,52,55,43,35,44,56,43,26,41,43,41,16,25,20,64,75,79,86,95,55,77,59,67,88,52,55,64,86,,42,105,46,42,46,62,58,42,63,34,42,36,37,47,56,31,10,23,33,43,42,43,36,38,60,37,46,27,61,33,33,31,57,30,60,30,59,32,55,67,67,,27,45,42,20,39,38,46,31,55,23,54,20,37,54,57,53,61,55,53,50,57,86,87,71,70,82,42,63,65,67,58,59,65,55,43,32,60,60,64,62,35,50,72,42,78,45,48,16,21,58,25,36,31,25,43,32,62,38,33,64,79,33,55,28,36,39,19,,37,25,24,49,37,11,20,9,24,26,2,21,21,11,15,26,19,32,15,18,25,15,14,32,14,4,57,72,49,34,27,29,33,26,61,38,34,29,34,168,46,65,9,24,25,17,31,9,22,23,31,59,21,68,16,37,39,25,39,30,16,50,64,21,16,69,73,67,37,49,24,46
20150124,8,O3,8,5,5,7,12,10,9,21,12,5,3,6,5,10,10,17,16,22,8,19,4,6,10,11,10,8,9,9,12,12,7,28,4,9,28,2,8,3,20,4,76,6,14,12,18,28,17,9,8,32,12,23,50,9,66,34,6,8,19,31,32,6,87,34,6,6,61,32,25,8,42,26,10,2,37,66,5,12,37,30,50,3,4,4,4,8,7,19,5,16,8,5,5,26,8,14,50,108,85,15,75,28,8,40,7,6,6,16,18,21,21,6,18,10,15,22,30,21,7,35,42,12,27,10,2,9,16,13,31,11,7,59,7,42,93,98,98,52,5,14,4,17,38,3,17,35,71,5,19,12,5,6,33,23,22,47,41,6,10,19,16,9,4,18,4,2,2,54,4,3,7,6,5,2,10,8,11,,7,9,9,104,52,5,,19,4,13,26,3,19,31,73,26,22,17,21,34,22,9,10,39,60,33,20,18,23,50,48,8,18,6,26,44,20,19,39,42,42,28,22,34,23,1,53,66,,32,33,70,34,29,30,59,31,3,44,5,16,6,14,5,25,16,11,10,19,17,16,5,2,9,3,29,5,,52,19,46,4,59,46,59,4,2,58,34,69,72,97,38,35,3,61,66,82,35,77,4,66,66,58,53,21,20,24,5,1,20,23,17,25,24,16,,22,24,71,7,57,29,91,100,5,35,83,8,3,29,38,4,69,7,55,38,17,17,66,32,45,61,8,1,28,65,32,55,4,15,51,14,42,45,21,8,13,12,60,16,18,23,24,79,8,42,36,12,15,49,17,12,39,24,52,102,37,51,3,27,2,2,12,10,9,12,12,18
20150124,8,O3_24h,31,31,28,49,28,51,45,69,53,24,50,69,20,26,36,46,65,85,47,99,52,82,89,84,86,66,88,92,83,57,65,84,57,80,115,105,75,83,107,117,122,115,114,118,37,127,114,59,78,96,50,85,93,142,143,117,145,102,137,177,164,142,126,78,48,23,91,80,115,37,92,80,52,19,104,113,40,67,65,34,129,48,66,74,50,58,58,81,80,97,63,40,76,93,87,137,161,139,128,136,156,129,160,198,93,53,80,53,68,60,70,40,56,56,62,42,85,61,54,84,77,60,69,73,34,84,88,112,51,41,42,99,52,91,147,152,155,159,29,103,64,115,63,43,28,87,107,64,72,83,49,57,82,88,67,73,67,90,87,59,93,90,74,75,70,62,61,88,64,80,92,83,79,78,91,102,51,94,96,57,70,157,73,82,,32,121,78,135,43,77,50,90,40,39,75,69,56,72,78,57,62,89,44,53,44,86,79,74,58,74,50,36,142,54,54,71,112,61,72,61,75,60,66,102,99,,47,108,134,49,90,61,101,116,74,119,110,121,58,77,82,110,142,75,85,97,144,43,86,98,83,97,87,92,81,55,65,56,102,65,74,71,57,15,110,74,117,170,149,127,91,67,112,89,146,92,147,128,114,77,110,151,29,47,102,58,50,65,35,33,36,91,58,,113,51,97,72,104,52,114,131,90,106,98,113,49,78,91,103,104,94,59,72,96,27,93,83,86,95,64,46,45,93,58,106,57,82,77,62,96,72,94,92,77,98,92,37,68,104,102,113,22,70,67,61,34,77,19,59,83,51,70,122,74,53,46,784,92,69,31,161,161,49,43,48
20150124,8,O3_8h,17,3,6,7,6,9,13,48,19,5,4,5,6,11,14,27,14,26,12,40,4,12,12,21,10,8,8,9,12,11,8,33,8,8,53,5,9,3,22,7,100,4,12,13,15,43,23,9,8,49,12,27,54,12,84,48,17,21,43,56,72,26,89,38,10,8,80,36,26,8,58,56,15,2,48,53,4,13,25,28,59,3,8,4,3,8,6,24,24,15,10,9,3,46,5,13,72,125,93,11,96,66,15,48,17,18,9,18,19,21,21,20,25,15,26,23,44,36,8,41,48,10,23,10,3,9,19,18,28,11,8,38,10,50,104,111,111,60,4,27,5,33,39,4,17,66,72,5,26,13,5,6,44,35,23,47,38,5,11,15,30,14,10,13,15,3,15,66,31,12,16,19,5,2,23,8,12,10,15,9,28,98,48,3,,12,9,10,23,5,17,26,71,25,21,43,45,40,29,11,40,38,58,34,33,29,34,63,54,27,30,7,20,67,24,20,49,46,46,35,27,31,22,9,46,48,,30,43,84,37,36,24,62,39,4,49,3,41,13,21,6,33,14,8,20,24,18,15,4,2,17,4,30,9,4,48,30,49,9,53,55,56,7,4,67,29,65,47,83,41,22,4,29,69,91,43,66,34,72,67,72,55,13,25,33,5,2,34,11,16,25,36,21,,31,25,83,10,70,32,101,112,18,45,91,17,18,49,61,8,83,4,55,44,11,20,76,29,49,74,9,2,21,73,49,67,17,32,43,20,62,52,37,11,31,33,71,22,24,29,62,101,15,53,34,13,16,42,18,9,38,20,32,97,61,30,2,27,5,5,19,11,30,19,26,14
20150124,8,O3_8h_24h,18,22,18,33,18,36,31,58,35,16,32,49,13,20,24,35,53,71,31,76,37,62,56,73,69,54,62,66,60,37,47,69,42,53,97,81,53,56,81,96,110,93,86,85,28,116,97,46,67,87,33,38,74,105,126,106,112,90,118,134,140,119,116,70,38,15,87,69,80,25,69,64,41,14,77,88,27,52,61,28,113,37,55,58,39,43,46,71,66,77,50,34,61,85,63,105,150,132,120,114,139,119,111,176,86,45,62,41,48,46,49,36,48,42,50,26,74,53,30,65,57,43,57,43,27,63,52,87,35,29,31,67,29,70,121,142,144,161,15,80,41,83,55,30,22,79,96,36,54,55,37,38,75,75,49,64,54,69,52,45,79,77,56,62,59,45,47,80,59,68,68,60,57,56,64,77,40,70,78,50,60,131,60,58,,26,96,62,107,26,60,34,72,33,33,52,57,43,54,62,45,56,76,37,46,38,73,74,64,42,48,36,31,98,41,44,58,74,49,62,56,58,41,51,60,73,,41,66,108,40,70,42,75,103,47,100,83,101,42,58,64,84,104,57,65,75,90,30,49,74,59,75,55,68,63,50,55,49,68,53,62,60,44,12,85,41,84,133,110,72,64,43,88,78,118,73,139,119,100,71,96,125,23,42,83,34,37,56,28,28,30,80,44,,89,43,89,52,76,46,110,125,79,93,96,93,42,73,86,80,100,75,58,59,74,23,87,78,83,84,26,33,35,77,55,99,48,69,70,44,86,60,88,62,40,45,83,32,60,99,94,108,17,55,59,50,28,70,18,41,68,41,57,111,69,37,27,300,85,48,23,126,124,41,37,37
20150124,8,CO,2.058,2.331,4.394,6.61,0.838,3.491,4.714,1.543,1.395,3.11,4.03,3.851,3.944,1.874,2.821,1.122,1.191,1.654,1.412,1.469,1.855,1.547,1.308,2.221,2.809,1.676,2.901,2.197,1.965,1.567,1.465,1.117,2.08,1.8,1.636,1.731,1.499,2.196,1.245,1.845,0.708,1.784,1.917,1.162,1.908,1.036,1.004,1.256,3.299,1.744,3.363,1.257,1.048,0.937,1.11,1.536,1.393,1.392,1.109,0.797,1.145,1.383,0.782,0.627,1.344,2.015,0.671,1.102,1.111,3.451,1.614,1.938,1.453,3.628,1.448,0.793,3.361,1.077,0.91,1.321,0.902,2.498,3.134,3.288,3.658,2.795,4.936,2.02,2.452,3.442,2.409,2.517,2.148,1.091,1.95,0.989,1.08,0.963,1.022,1.104,0.912,1.187,1.827,1.288,1.087,1.522,2.521,2.97,3.607,4.038,5.124,2.477,1.444,2.054,2.387,1.283,1.487,1.369,2.458,1.102,2.275,2.586,1.138,2.501,6.745,2.602,3.199,1.63,1.876,1.931,1.921,1.831,1.819,3.124,0.466,0.863,0.748,0.721,1.407,1.188,4.192,1.132,1.408,1.383,1.472,1.267,0.479,2.426,3.167,3.298,2.7,2.48,1.914,0.761,1.139,2.042,1.884,4.216,5.066,2.521,2.545,3.964,3.069,1.021,2.534,2.64,3.952,1.009,2.497,2.041,1.459,2.531,1.389,1.602,1.967,1.693,2.057,2.033,2.772,0.881,1.26,1.6,2.155,2.064,,0.521,1.138,2.59,0.851,5.367,2.653,1.546,2.32,5.362,5.477,1.266,1.611,0.382,1.188,2.548,1.115,0.449,0.751,1.418,0.894,1.434,1.862,0.756,0.724,1.995,0.645,1.557,3.597,3.241,1.745,0.699,1.086,1.602,0.714,1.064,1.308,2.097,1.786,1.959,3.281,2.884,,2.234,1.304,1.545,1.548,1.611,1.227,2.753,1.33,2.207,1.766,1.101,1.713,1.153,2.53,2.363,1.605,1.91,0.785,1.566,0.891,0.997,4.595,4.483,2.873,1.563,1.854,1.372,3.202,1.519,1.41,1.081,2.306,2.019,1.751,1.395,1.332,4.046,1.919,0.776,2.266,1.662,3.16,0.461,0.907,1.641,0.787,2.643,1.089,1.375,0.646,1.142,2.294,0.733,0.894,0.657,0.989,2.334,0.663,1.023,1.877,1.617,1.255,1.722,1.794,2.136,1.244,0.414,,1.429,0.989,0.891,3.04,1.619,1.09,0.603,0.563,0.626,1.768,0.367,1.267,0.74,0.729,0.931,0.759,0.307,1.131,0.405,1.655,0.678,1.899,2.16,3.6,1.513,0.361,2.417,3.957,2.561,1.876,1.197,0.734,3.731,1.408,0.769,0.185,2.498,0.593,1.348,4.885,3.315,2.302,0.749,0.829,0.366,0.486,0.629,0.548,0.363,0.32,0.82,2.972,2.038,2.649,0.374,0.996,2.802,1.87,1.619,0.908,1.517,0.784,3.493,0.878,0.653,1.569,2.129,1.116,1.542,2.184,1.856,2.108
20150124,8,CO_24h,3.138,3.472,4.18,3.433,3.658,3.049,6.275,1.383,2.17,3.685,3.338,3.155,4.51,2.22,2.86,1.535,1.197,1.694,1.548,1.13,1.65,1.193,1.211,1.2,1.956,1.538,1.99,2.078,1.874,1.678,1.683,1.403,1.823,1.702,1.407,1.701,1.526,1.694,1.273,1.524,0.653,1.523,1.885,0.993,1.68,1.063,0.826,1.269,2.045,1.253,2.026,1.457,1.282,0.989,1.1,1.482,1.047,1.228,0.964,0.806,0.935,1.112,0.982,0.555,1.294,2.296,0.788,1.048,1.194,3.24,2.569,3.123,1.543,3.372,1.642,1.233,3.311,1.052,1.331,2.37,0.804,1.94,2.445,3.03,2.508,2.962,2.992,1.319,1.311,1.598,2.068,1.897,1.853,0.836,1.975,1.146,0.907,0.865,0.891,1.066,0.791,0.901,1.601,1.351,1.011,1.293,2.202,2.645,2.85,3.923,3.319,1.527,1.891,2.214,2.964,2.469,1.434,1.716,2.196,1.021,2.049,2.066,1.041,2.523,4.229,1.976,2.91,1.44,1.919,1.984,1.518,2.014,1.574,2.98,0.836,0.828,1.068,0.723,1.49,1.179,3.013,1.232,1.467,1.245,1.356,1.054,0.515,2.044,2.614,3.318,2.614,1.999,1.537,0.687,1.4,1.783,1.966,2.389,2.211,2.107,1.725,1.493,1.794,1.234,1.479,1.876,1.783,0.696,1.663,1.589,1.091,2.177,0.985,1.475,1.481,1.403,1.547,1.802,2.265,0.974,1.027,1.761,1.898,1.846,,0.778,1.485,2.366,0.925,3.873,2.098,2.47,2.842,4.721,4.998,1.369,1.012,0.676,1.597,1.607,1.051,0.515,0.884,2.076,1.062,1.411,1.631,1.276,1.241,1.676,0.909,1.355,2.108,2.168,1.756,0.951,1.293,1.097,1.083,0.807,1.244,1.748,1.361,1.566,3.339,2.614,,1.755,1.232,1.331,1.291,1.34,1.599,2.541,1.281,2.271,1.758,1.084,1.559,1.181,1.88,1.394,1.042,2.05,1.108,1.262,0.849,1.015,2.326,2.291,2.201,1.4,1.813,1.704,1.337,1.947,1.644,0.726,2.246,1.802,2.211,1.432,1.453,3.621,1.858,1.198,2.534,1.932,2.984,1.132,0.814,1.974,0.806,3.227,1.364,1.435,0.89,1.268,2.022,0.892,1.263,1.025,1.184,2.499,0.789,1.048,1.805,1.625,1.285,1.625,1.756,1.93,1.269,0.573,,1.092,0.893,0.967,3.132,1.601,1.193,0.79,0.684,0.533,1.301,0.317,1.185,0.808,0.433,0.892,0.799,0.854,1.264,0.397,1.799,1.458,1.962,2.185,4.185,1.307,0.367,2.253,3.467,2.48,1.676,1.837,1.027,1.883,0.749,1.569,0.591,2.767,1.442,1.125,5.074,3.842,2.462,0.67,0.833,0.932,0.613,0.424,0.899,1.29,0.617,1.299,3.225,1.224,2.5,0.384,1.324,2.986,1.796,1.765,1.323,1.084,2.179,2.21,0.934,0.58,1.49,3.228,1.137,1.413,2.756,1.539,2.44
20150124,9,AQI,130,97,263,234,60,338,210,63,68,242,233,307,303,92,85,153,106,245,207,185,213,232,178,178,264,188,218,227,198,205,138,92,226,164,156,191,133,280,198,195,74,189,132,177,221,99,115,102,217,158,312,116,136,85,76,106,92,97,98,86,75,110,56,44,196,230,78,36,52,198,74,119,73,144,127,114,119,71,56,45,87,230,286,300,244,264,250,297,221,259,181,207,214,104,251,82,125,68,86,119,97,82,130,130,78,53,257,83,142,204,195,80,78,120,82,93,178,143,206,158,193,245,85,193,355,285,216,218,161,236,158,99,157,167,57,61,59,53,139,222,105,193,231,210,168,130,36,218,223,115,127,178,147,75,102,67,126,255,245,154,242,195,286,207,206,213,238,104,172,198,217,178,193,237,211,233,232,205,203,157,143,164,171,170,,78,157,209,105,170,235,109,70,130,87,93,191,52,88,99,97,30,70,41,154,160,157,31,85,199,86,168,113,313,174,96,93,160,93,91,108,185,148,264,114,97,,193,158,236,116,175,61,205,104,98,110,110,99,92,167,104,153,81,91,88,76,103,249,245,221,164,148,153,232,172,100,142,106,222,103,98,104,233,235,88,131,81,65,85,163,100,130,89,55,59,72,75,148,83,60,62,96,74,143,198,247,241,172,193,158,184,132,25,,78,117,47,109,131,30,50,58,63,120,45,51,74,76,83,61,42,49,28,22,66,35,37,75,43,36,217,115,156,139,74,110,132,142,85,75,92,98,139,306,182,184,70,91,77,53,65,133,55,82,63,178,87,91,40,68,132,119,89,50,35,53,181,78,75,239,139,117,157,75,287,96
20150124,9,PM2.5,98,72,212,183,37,287,159,32,47,191,182,256,252,68,45,116,79,194,156,139,162,181,134,134,213,141,167,176,148,154,105,68,175,124,118,143,101,229,148,146,53,142,100,133,170,74,86,74,166,120,261,87,103,62,49,79,68,72,73,63,52,82,36,23,147,179,57,20,25,148,29,89,50,110,96,85,89,49,34,31,64,179,235,249,193,213,199,246,170,208,136,156,163,77,200,60,94,44,63,89,72,60,98,98,57,21,206,48,108,153,138,58,57,90,60,69,134,109,155,120,145,194,54,145,304,234,165,167,122,185,120,74,119,126,30,42,30,28,106,171,78,145,180,159,127,98,13,167,172,86,96,134,71,31,49,46,95,204,194,117,191,146,235,156,155,162,187,77,130,148,166,134,145,186,160,182,181,154,152,119,109,124,129,128,,57,119,158,78,128,184,73,50,98,64,61,143,31,65,37,72,19,40,20,117,121,119,20,62,149,63,127,64,262,131,40,69,121,69,57,80,139,113,213,85,72,,145,120,185,87,132,43,154,77,73,82,82,74,68,126,77,116,59,67,65,55,76,198,194,170,124,113,116,181,130,75,108,79,171,76,73,77,182,184,65,99,59,41,62,123,75,98,66,37,37,52,54,113,47,42,39,71,53,109,148,196,190,130,145,120,138,100,17,,57,88,32,81,99,21,35,26,44,90,20,26,45,55,61,38,29,23,,15,47,9,8,37,21,10,166,86,118,106,43,82,100,108,56,42,45,58,106,255,137,138,39,67,34,34,40,60,35,39,30,134,63,67,28,32,100,48,66,26,15,36,136,54,31,188,106,88,119,54,236,71
20150124,9,PM2.5_24h,171,198,195,192,137,236,337,29,86,229,172,220,220,81,62,98,112,133,137,114,151,138,132,118,137,132,148,177,157,174,142,111,130,143,115,138,150,190,129,138,59,134,95,98,131,77,69,80,114,94,172,98,102,60,49,56,53,45,62,64,41,56,62,28,126,197,78,17,32,114,75,105,59,131,95,95,102,35,90,88,62,143,192,210,164,161,130,169,97,140,115,127,136,67,154,52,71,37,46,60,57,47,79,88,42,20,158,59,109,163,103,39,84,85,77,81,96,128,149,99,138,156,51,140,235,151,154,138,141,165,133,83,102,115,88,46,75,36,128,162,61,162,166,130,125,109,14,131,125,86,102,114,39,34,58,41,89,177,112,94,132,86,131,114,105,107,118,64,68,84,128,116,139,170,127,177,172,132,132,155,101,145,128,126,,99,102,126,70,114,123,110,80,150,61,73,92,54,85,54,109,18,37,47,88,94,103,76,82,125,132,89,38,106,134,41,91,117,81,54,118,91,83,131,99,66,,114,140,134,72,105,44,127,77,57,67,59,80,70,118,62,89,69,68,62,60,67,121,128,113,94,96,121,121,93,81,87,89,139,98,81,76,142,174,90,168,81,59,105,117,108,104,83,57,53,69,61,104,73,81,76,91,78,106,130,186,206,134,162,119,119,109,15,,41,90,44,78,123,68,50,37,44,60,13,30,17,50,60,36,31,24,35,18,69,16,23,67,19,7,164,67,107,74,73,70,47,76,105,60,81,93,89,243,127,115,23,59,51,45,32,46,87,71,69,117,55,102,32,41,118,60,64,35,11,90,90,53,26,154,120,68,78,83,51,88
20150124,9,PM10,143,59,329,306,67,447,246,73,83,255,301,394,374,111,117,152,109,222,165,165,238,223,180,171,294,231,221,226,228,197,165,69,261,175,158,192,154,247,188,200,73,184,138,196,219,100,117,152,302,175,322,138,120,90,99,122,110,109,108,90,98,127,60,43,210,278,72,35,52,281,96,137,94,157,170,147,172,90,60,44,85,202,320,328,286,286,357,320,181,321,251,247,212,108,256,88,134,76,90,145,102,100,142,133,81,54,271,113,154,203,338,99,87,163,85,60,170,150,214,143,188,246,117,208,413,269,266,227,166,245,202,135,148,170,61,70,58,54,158,238,154,178,222,239,170,142,29,307,219,134,157,188,242,97,152,81,111,286,295,161,229,200,278,181,204,223,280,106,137,249,218,190,189,257,199,,246,174,199,185,152,184,229,209,,56,198,216,89,196,282,165,88,176,99,133,193,52,123,145,96,29,88,40,112,176,148,19,87,220,120,161,173,350,188,140,111,134,106,130,128,155,185,226,114,110,,233,153,192,126,140,55,172,107,103,65,124,94,99,195,133,156,82,99,97,75,109,250,274,213,150,158,188,222,183,127,148,119,275,129,103,122,254,241,103,173,89,78,81,198,109,142,80,57,65,90,80,149,113,60,72,89,90,163,194,262,278,195,196,200,207,169,22,,102,119,46,144,119,21,48,40,70,122,20,50,96,81,74,69,30,48,12,20,68,34,12,97,42,17,217,148,169,130,96,101,159,181,118,97,131,144,142,382,198,175,88,111,102,53,77,214,57,111,73,136,121,106,20,83,192,185,82,42,34,48,,104,97,234,167,122,139,72,171,75
20150124,9,PM10_24h,211,314,313,279,239,361,472,74,158,303,278,348,324,130,143,133,146,167,180,126,214,164,171,156,198,221,196,220,202,223,201,145,203,185,150,199,211,216,165,191,79,173,137,138,170,103,99,165,212,129,253,148,143,87,97,104,85,71,83,95,85,98,96,52,191,315,100,42,59,233,148,174,120,194,150,151,198,87,119,121,84,175,267,280,229,213,225,226,114,219,193,194,188,92,205,96,107,70,74,105,87,75,120,128,67,42,234,122,157,207,215,95,122,142,94,127,124,160,203,119,190,191,113,224,338,204,258,219,182,246,216,170,141,183,142,72,106,63,186,226,127,207,206,217,174,150,34,207,179,143,159,169,128,170,164,77,112,233,177,137,161,109,161,140,129,141,174,92,80,119,166,171,174,233,166,158,228,154,158,217,130,224,232,192,,115,176,192,90,177,205,176,131,248,97,160,134,81,154,117,136,38,111,113,108,140,132,119,108,180,170,106,118,152,185,79,131,134,117,91,159,112,123,160,135,99,,177,175,139,106,115,59,147,101,98,93,109,114,123,187,119,130,111,110,98,102,102,182,210,165,145,147,229,163,151,144,129,136,224,173,120,127,214,246,156,278,127,121,145,225,189,171,136,89,89,109,91,154,132,108,119,116,152,170,184,242,285,217,218,213,189,182,28,,76,115,69,156,159,103,68,54,76,111,26,60,38,74,80,73,38,76,38,40,123,39,31,125,23,38,201,125,159,107,209,94,82,235,165,176,133,152,122,363,211,175,64,115,103,116,54,176,162,134,116,151,111,153,43,101,224,216,81,55,19,123,114,127,52,206,220,114,85,126,90,120
20150124,9,SO2,40,44,151,219,82,216,121,89,58,65,86,89,205,147,107,160,134,87,188,26,33,39,57,43,75,41,47,58,37,37,17,15,39,26,30,40,41,22,88,20,7,96,46,54,45,8,36,36,128,43,116,53,44,39,10,13,36,29,45,25,12,35,11,4,37,37,26,18,12,90,27,20,245,20,102,52,156,97,62,34,10,131,53,164,104,148,229,93,71,95,70,71,33,26,67,28,44,7,13,19,22,7,43,19,11,22,127,108,113,597,155,206,111,55,126,90,79,70,80,30,43,32,43,119,297,65,136,62,77,40,48,47,41,16,13,4,15,1,22,40,56,41,18,27,11,49,53,52,202,145,54,89,230,27,207,5,11,119,235,135,45,81,71,39,54,20,40,15,48,103,53,24,16,87,54,54,130,30,33,24,27,37,38,54,,138,28,29,33,218,503,136,29,127,225,67,18,13,80,84,27,33,35,54,51,29,71,33,11,37,82,104,72,24,36,20,11,30,35,57,49,54,50,15,41,16,,11,37,68,22,42,11,32,11,41,37,27,13,11,96,100,129,76,66,90,40,179,303,220,68,41,38,51,58,45,68,59,54,79,33,25,17,37,49,47,108,78,15,70,116,55,19,31,5,12,12,69,41,18,6,19,7,48,23,32,61,53,32,13,13,14,62,4,,39,19,44,58,18,5,6,9,30,92,4,12,76,43,24,13,11,12,2,16,9,6,9,48,19,4,43,57,91,59,64,36,55,246,33,3,132,88,59,194,87,25,28,55,19,17,177,13,8,12,23,62,15,7,24,25,34,78,40,14,100,11,8,2,4,35,164,52,45,96,117,78
20150124,9,SO2_24h,58,90,189,123,114,196,191,59,88,95,128,92,206,213,127,147,97,96,166,23,35,27,44,37,54,45,40,54,36,50,25,31,40,32,26,32,57,36,37,17,9,56,41,29,42,11,18,35,87,28,70,60,43,28,12,14,26,13,24,22,12,35,14,4,34,39,23,27,15,85,50,73,157,31,62,49,112,57,65,48,11,122,56,89,75,130,144,54,43,72,84,64,32,23,91,42,21,7,9,16,16,4,38,20,12,22,80,78,90,500,115,68,123,92,100,147,53,82,68,40,31,27,61,125,198,44,145,80,105,45,60,53,52,23,31,5,20,2,21,39,84,60,19,21,11,47,23,80,128,98,51,82,97,31,155,8,16,74,105,72,30,48,51,38,38,31,26,14,25,36,24,35,16,61,32,44,91,39,31,37,24,33,27,40,,149,37,50,26,164,238,216,69,173,154,101,28,27,122,53,17,40,42,82,56,55,67,60,31,90,80,78,53,16,33,30,16,23,48,56,48,42,38,28,89,14,,14,38,72,22,34,23,33,10,53,27,22,13,16,73,82,97,73,59,78,41,131,182,143,49,42,64,53,49,51,80,52,79,82,47,32,20,60,51,44,97,76,30,85,100,61,31,31,7,12,21,97,25,20,11,30,13,70,17,28,58,53,44,42,14,12,50,4,,37,17,47,33,33,6,15,12,26,77,4,11,30,20,10,13,6,12,6,23,10,6,10,39,18,3,33,49,76,27,85,26,62,90,58,25,109,65,31,175,102,60,23,51,34,32,64,17,41,60,45,110,17,20,24,21,51,63,29,23,46,18,28,10,3,43,142,24,24,86,53,92
20150124,9,NO2,71,51,91,81,44,96,83,35,55,68,85,86,97,46,70,59,44,51,81,93,94,94,70,65,61,48,66,79,94,44,36,36,45,74,109,101,78,92,80,56,31,84,50,59,52,54,63,52,110,78,99,73,68,85,44,54,83,60,75,63,56,76,28,27,61,70,46,38,38,61,45,47,61,77,46,37,76,65,28,20,38,83,78,86,97,80,110,61,77,72,74,72,71,51,55,68,56,15,27,53,41,46,89,49,45,22,76,40,49,86,84,45,45,45,73,49,43,38,46,36,23,62,47,78,108,71,85,73,73,50,83,40,39,38,28,15,22,36,45,55,48,51,29,58,25,62,21,53,77,69,62,67,39,53,59,30,57,60,84,39,51,93,53,29,59,47,66,32,52,28,73,90,87,98,106,61,81,71,91,78,83,42,52,97,,30,98,51,41,43,73,42,23,45,33,52,50,33,48,82,51,15,26,18,40,35,52,36,21,56,38,49,33,272,30,26,27,72,22,59,28,87,40,64,56,68,,28,47,48,22,43,31,51,46,40,20,51,23,26,59,59,53,55,32,53,46,57,112,105,74,72,76,31,67,74,51,119,45,61,35,49,42,66,54,72,57,26,34,45,49,81,34,29,11,14,63,26,54,27,14,40,40,43,46,42,67,67,37,41,25,25,44,23,,45,34,21,38,26,10,17,7,38,43,2,23,36,31,30,24,33,24,25,19,28,15,16,29,39,4,49,77,40,56,30,39,50,42,36,47,26,29,60,155,53,51,11,25,24,15,70,6,9,13,19,60,24,52,10,34,29,26,32,22,41,30,67,8,19,60,57,76,60,36,42,36
20150124,9,NO2_24h,107,97,109,102,85,90,109,23,65,102,83,83,107,59,69,72,45,55,99,65,91,81,67,43,57,63,74,82,96,60,40,37,45,92,60,88,82,88,69,49,27,88,58,63,47,51,46,60,79,41,99,85,78,84,36,37,63,34,44,63,32,57,32,14,71,92,30,32,36,71,62,60,49,89,51,57,69,50,47,45,36,74,77,83,77,85,79,52,51,53,66,65,66,30,71,71,32,11,19,49,23,24,93,38,29,18,65,42,58,80,71,26,56,62,83,78,42,45,48,47,22,59,43,90,101,67,83,75,65,64,75,48,44,42,55,14,29,25,61,47,52,43,26,59,33,42,18,74,70,70,62,64,20,34,59,33,52,55,45,35,44,58,44,26,41,44,42,16,25,19,64,76,80,88,96,55,76,59,68,89,53,55,64,87,,41,106,46,42,46,62,58,41,63,34,42,35,35,47,56,31,10,22,32,43,41,42,35,36,60,37,47,28,71,33,33,30,57,29,60,30,60,33,56,67,67,,28,46,43,20,39,38,47,31,56,23,50,20,32,54,57,54,61,54,53,49,57,88,89,72,70,82,41,64,65,67,60,58,65,54,43,32,61,60,64,62,35,49,72,42,79,45,47,15,20,57,25,36,30,23,43,32,62,38,32,65,80,33,55,28,36,39,19,,37,24,23,49,36,11,18,9,24,27,2,21,22,11,15,26,19,32,15,18,26,15,14,31,14,3,57,73,50,34,26,29,33,26,59,37,33,28,34,167,46,65,9,24,26,17,31,9,21,22,29,59,21,68,16,38,39,24,38,30,17,49,65,21,16,69,72,68,37,48,24,45
20150124,9,O3,10,12,6,9,16,10,9,24,14,5,37,5,6,16,10,21,21,26,9,22,4,9,11,14,12,9,10,10,14,14,12,32,6,12,30,7,10,4,24,9,93,7,16,16,13,28,22,7,9,34,12,28,42,12,74,32,8,13,24,46,40,8,81,34,5,8,50,33,24,8,36,24,8,2,33,56,7,7,44,32,54,5,7,5,4,10,7,27,8,17,11,8,6,29,12,17,49,103,82,13,70,60,10,37,10,7,9,18,20,21,21,8,22,18,17,24,30,28,10,42,41,12,35,9,2,10,13,11,22,11,7,66,7,39,90,98,97,63,11,9,5,9,32,4,19,25,66,4,18,11,12,6,36,22,13,46,34,7,10,15,14,10,7,20,6,2,4,43,10,6,12,12,8,5,16,10,15,3,9,10,12,49,44,6,,19,6,13,31,3,26,29,75,26,22,19,29,32,14,4,11,39,59,36,23,24,31,45,53,8,24,11,25,48,22,23,39,47,47,30,27,32,20,3,49,57,,32,40,72,37,31,29,50,36,5,45,11,17,11,16,7,43,18,28,11,32,24,16,5,4,10,5,21,8,2,54,10,50,7,52,41,46,5,2,42,27,62,71,90,31,26,5,60,63,82,32,80,6,63,59,63,45,29,13,19,5,2,20,26,20,26,25,16,,19,23,65,8,54,29,84,97,2,28,81,10,4,25,35,5,59,8,55,34,13,13,51,27,36,52,8,2,20,44,33,63,4,12,48,12,49,31,15,12,11,10,57,11,24,24,21,93,6,43,35,12,20,53,18,8,48,21,48,100,31,35,3,30,4,3,21,17,19,18,14,24
20150124,9,O3_24h,31,32,28,49,29,51,45,69,53,24,66,69,20,26,36,46,65,85,47,99,52,82,74,84,86,66,88,92,83,57,65,84,57,80,115,105,75,83,107,117,122,115,114,118,37,127,114,58,78,96,50,85,93,142,143,117,145,102,137,177,164,142,126,78,48,23,91,80,115,37,92,80,52,19,104,115,40,67,65,36,129,48,66,74,50,58,58,81,80,97,63,40,76,93,87,137,161,139,128,136,156,129,160,186,93,53,80,53,66,60,70,40,56,56,62,42,85,61,54,84,77,60,73,73,34,84,88,112,51,41,42,99,52,91,147,152,155,159,29,94,64,115,63,43,29,87,107,64,72,83,49,57,82,88,67,73,67,90,87,59,93,90,74,75,70,62,61,88,64,80,92,83,79,78,91,102,41,94,96,57,70,79,73,82,,32,121,78,135,43,77,50,90,40,39,75,69,56,72,78,56,62,89,44,53,44,86,79,74,58,74,50,36,142,54,54,70,111,61,72,61,77,60,66,103,90,,46,108,134,51,90,54,101,116,74,119,115,121,49,77,82,110,142,75,85,97,144,43,82,98,83,97,87,92,81,56,65,56,102,65,74,71,57,15,110,74,117,170,149,127,91,67,112,89,146,92,147,128,114,77,110,151,32,47,102,58,50,65,35,33,36,91,58,,113,51,97,72,104,52,114,131,90,106,98,113,49,78,91,103,104,94,59,72,96,27,93,83,86,95,64,46,45,93,58,106,57,82,77,62,96,72,94,92,77,98,92,37,68,104,102,113,22,70,67,61,34,76,19,59,83,51,70,122,74,53,46,784,92,69,31,161,161,49,43,48
20150124,9,O3_8h,17,3,6,7,8,9,10,43,18,5,56,5,6,11,14,25,15,26,11,37,4,11,10,18,10,8,8,9,12,11,8,32,7,9,47,2,10,3,20,6,99,5,13,14,15,41,23,6,8,45,11,29,53,13,81,42,16,17,38,51,63,22,87,36,8,8,75,36,25,8,55,52,14,2,46,49,5,13,28,30,59,3,9,5,3,8,6,24,22,16,9,8,3,43,6,13,67,120,91,11,90,61,14,41,16,16,8,18,20,21,21,17,26,15,25,23,43,34,8,42,47,10,30,10,3,9,18,16,28,11,8,42,9,48,102,108,109,59,5,23,4,29,38,4,17,59,71,5,25,12,6,6,41,33,23,47,38,6,11,15,28,11,10,14,14,2,11,62,25,11,14,18,5,1,22,8,15,7,11,9,23,98,48,3,,13,7,9,25,4,18,25,72,25,20,41,41,40,26,10,29,39,57,35,31,27,33,60,52,21,29,6,26,62,24,21,47,47,47,34,27,32,20,7,47,50,,30,44,83,37,34,25,59,39,4,48,9,36,13,18,5,36,14,10,16,27,18,15,4,2,15,4,30,8,3,49,27,49,7,56,53,55,6,4,64,31,69,49,87,40,23,4,35,69,90,40,67,24,71,67,69,54,15,23,30,5,1,30,14,17,26,35,21,,28,25,79,9,65,33,98,108,12,42,89,16,17,44,57,7,80,6,55,42,12,19,73,31,47,71,8,1,21,69,46,66,14,28,47,20,59,50,31,6,31,30,70,21,25,27,56,99,16,53,34,13,16,44,18,9,39,20,33,98,57,33,2,28,5,4,19,10,27,19,23,15
20150124,9,O3_8h_24h,19,22,18,33,18,36,31,58,35,16,57,49,13,20,24,35,53,71,31,76,37,62,52,73,69,54,62,66,60,37,47,69,42,53,97,81,53,56,81,96,110,93,86,85,28,116,97,45,67,87,33,40,74,105,126,106,112,90,118,134,140,119,116,70,37,15,86,69,80,25,69,64,41,14,77,90,27,52,61,30,113,37,55,58,39,43,46,71,66,77,50,34,61,85,63,105,150,132,120,114,139,119,111,165,86,45,62,41,49,46,49,36,48,42,50,26,74,52,30,65,57,43,62,43,27,63,52,87,35,29,31,69,29,70,121,142,144,160,15,73,41,83,55,30,22,79,96,36,54,55,37,38,75,75,49,63,54,69,52,45,79,77,56,62,58,45,47,80,59,68,68,60,57,56,64,77,34,70,78,50,60,131,60,58,,26,96,62,107,26,60,34,73,33,33,52,57,43,54,62,44,56,76,37,46,38,73,74,64,42,48,36,31,98,41,44,58,74,50,62,56,58,41,51,60,73,,41,66,108,41,70,42,75,103,47,100,89,101,36,58,64,84,104,57,65,75,90,30,49,74,59,75,55,68,63,51,55,49,68,56,62,60,44,12,85,41,85,133,110,72,64,43,88,78,118,73,139,119,100,71,96,125,22,42,83,34,37,56,28,28,29,80,44,,89,43,89,52,76,46,110,125,79,93,96,93,42,73,86,80,100,75,58,59,74,23,87,78,83,84,26,33,35,77,55,99,48,69,70,44,86,60,88,62,40,45,83,32,60,99,94,108,17,55,59,50,28,69,18,41,68,41,57,111,68,38,27,300,85,48,23,126,124,41,37,37
20150124,9,CO,2.1,1.435,4.348,6.022,0.876,3.35,4.953,1.765,1.447,2.497,3.053,5.644,4.057,1.924,3.424,1.403,1.199,1.844,1.696,1.507,2.002,1.691,1.527,2.061,2.796,1.763,2.827,2.412,2.096,1.691,1.447,1.032,1.989,1.825,1.669,1.724,1.607,2.377,1.369,1.944,0.662,1.822,1.936,1.336,2.069,1.077,1.018,1.519,3.911,1.975,3.959,1.318,1.116,1,1.148,1.554,1.534,1.499,1.255,0.839,1.222,1.68,0.811,0.651,1.451,2.387,0.819,1.268,1.278,3.569,1.802,1.904,1.754,3.338,1.481,0.808,4.408,1.453,0.691,1.35,0.865,2.807,3.394,3.398,3.496,2.807,5.181,2.023,3.122,4.21,2.452,2.561,2.347,1.298,1.934,1.169,1.265,0.951,1.096,1.244,1.008,1.309,2.03,1.592,1.352,2.701,2.43,3.735,3.785,3.991,5.509,2.635,1.609,2,2.401,1.556,1.574,1.224,2.899,1.153,2.405,2.497,1.175,2.441,6.334,2.796,3.418,1.56,2.11,2.154,1.896,1.82,1.85,3.273,0.474,0.82,0.781,0.719,1.409,1.396,3.742,1.396,1.537,1.632,1.546,1.366,0.571,2.684,3.063,3.745,2.662,2.315,1.949,0.953,1.381,2.106,1.944,4.273,4.613,3.152,3.475,4.576,3.374,1.668,3.24,3.42,4.666,1.343,2.819,2.267,1.514,2.569,1.53,1.849,2.021,1.742,2.703,2.107,2.675,1.097,1.393,1.642,2.289,2.233,,0.437,1.237,2.574,0.913,5.578,4.121,1.585,2.31,5.295,5.823,1.395,1.371,0.321,1.352,3.867,1.424,0.546,0.779,1.417,0.914,1.691,2.082,0.634,0.605,2.365,0.783,1.613,3.092,3.03,1.962,0.673,1.276,1.766,0.613,1.765,0.847,2.24,1.711,2.12,3.247,3.124,,1.969,1.418,1.612,1.723,1.663,1.29,2.813,1.414,2.134,1.892,1.246,1.885,1.141,2.126,2,1.528,2.247,0.671,1.675,0.769,1.068,4.293,5.168,3.033,1.564,1.849,1.479,2.654,1.567,1.426,1.25,1.874,1.981,1.828,1.479,1.478,4.413,1.976,0.998,2.26,1.725,3.162,0.491,1.077,1.644,1.141,2.807,1.115,1.433,0.798,1.164,2.565,0.846,0.939,0.696,1.054,2.154,0.736,1.109,2.017,1.857,1.454,2.041,1.877,2.345,1.451,0.542,,1.634,1.118,0.914,3.207,1.475,1.07,0.624,0.571,0.802,1.821,0.395,1.312,0.912,1.1,0.978,1.001,0.329,1.349,0.567,1.87,0.822,2.021,2.218,3.406,1.581,0.436,2.769,4.484,2.754,1.996,1.219,0.755,3.848,1.5,0.747,0.291,2.511,1.253,1.658,4.863,3.532,2.939,0.809,1.126,0.273,0.534,0.784,0.416,0.357,0.322,0.874,3.182,2.526,1.95,0.36,1.063,2.345,2.124,1.872,0.871,1.668,0.83,3.732,0.882,0.827,1.629,1.972,1.213,1.792,2.075,2.71,1.827
20150124,9,CO_24h,3.077,3.433,4.157,3.562,3.444,3.121,6.231,1.381,2.131,3.672,3.397,3.323,4.447,2.174,2.847,1.454,1.204,1.7,1.502,1.137,1.65,1.202,1.253,1.246,2.005,1.541,2.013,2.062,1.876,1.678,1.683,1.387,1.841,1.694,1.396,1.687,1.528,1.701,1.24,1.531,0.648,1.534,1.876,1.017,1.685,1.061,0.835,1.304,2.147,1.272,2.076,1.453,1.276,0.974,1.091,1.482,1.035,1.217,0.92,0.797,0.942,1.108,0.965,0.543,1.282,2.277,0.778,1.04,1.186,3.218,2.485,2.967,1.5,3.405,1.639,1.276,3.359,1.056,1.319,2.326,0.804,1.902,2.453,3.075,2.567,2.952,3.074,1.347,1.386,1.709,2.035,1.898,1.866,0.859,1.953,1.134,0.894,0.867,0.887,1.064,0.791,0.888,1.612,1.349,0.994,1.318,2.221,2.65,2.83,3.909,3.373,1.503,1.891,2.172,2.885,2.409,1.389,1.675,2.218,1.014,2.056,2.078,0.998,2.509,4.389,2.019,2.925,1.408,1.924,2.008,1.543,2.008,1.588,3.002,0.808,0.815,1.027,0.706,1.488,1.259,3.072,1.219,1.446,1.252,1.363,1.055,0.488,2.07,2.647,3.341,2.615,2.018,1.551,0.651,1.352,1.805,1.938,2.493,2.317,2.088,1.796,1.63,1.797,1.242,1.452,1.924,1.904,0.684,1.667,1.515,1.102,2.176,1.01,1.491,1.493,1.421,2.277,1.811,2.269,0.961,1.039,1.756,1.904,1.857,,0.729,1.494,2.364,0.922,3.892,2.148,2.358,2.787,4.736,5.012,1.306,1,0.546,1.513,1.663,1.083,0.512,0.867,2,1.051,1.412,1.619,1.147,1.148,1.703,0.901,1.358,2.147,2.108,1.772,0.934,1.234,1.097,1.049,0.851,1.245,1.765,1.377,1.599,3.377,2.639,,1.767,1.247,1.35,1.298,1.356,1.608,2.539,1.277,2.282,1.767,0.997,1.575,1.168,1.873,1.392,1.089,2.061,1.084,1.263,0.847,1.008,2.442,2.422,2.258,1.39,1.827,1.677,1.408,1.775,1.643,0.738,2.221,1.801,2.194,1.435,1.447,3.622,1.878,1.171,2.534,1.902,2.979,1.095,0.826,1.966,0.832,3.223,1.337,1.438,0.869,1.236,2.032,0.88,1.22,0.99,1.159,2.499,0.787,1.033,1.809,1.634,1.285,1.65,1.763,1.961,1.257,0.571,,1.093,0.853,0.965,3.145,1.575,1.157,0.773,0.68,0.54,1.284,0.313,1.182,0.774,0.438,0.885,0.811,0.802,1.262,0.416,1.805,1.467,1.961,2.178,4.156,1.317,0.363,2.289,3.508,2.503,1.685,1.756,0.977,1.886,0.738,1.499,0.564,2.745,1.366,1.162,4.027,3.818,2.431,0.678,0.865,0.923,0.606,0.432,0.899,1.261,0.601,1.233,3.224,1.291,2.513,0.384,1.33,2.974,1.781,1.755,1.311,1.128,2.084,2.295,0.937,0.584,1.479,3.161,1.141,1.408,2.73,1.505,2.403
20150124,10,AQI,126,55,266,188,65,352,216,63,83,200,186,363,339,92,89,184,75,256,192,193,221,246,211,174,258,198,235,256,211,232,130,93,212,171,138,181,115,297,196,189,67,188,157,198,226,99,115,111,235,164,342,113,135,85,73,105,94,114,122,87,80,139,60,54,207,238,83,38,65,193,77,136,91,136,119,105,133,80,55,59,93,247,293,308,241,265,263,284,254,287,189,205,228,110,239,93,110,66,87,115,91,82,141,135,88,56,250,93,146,204,192,105,96,126,77,70,181,122,254,165,199,252,104,195,357,308,237,209,171,239,161,104,165,192,60,62,59,56,143,246,113,213,235,221,168,139,37,218,254,116,119,185,136,77,104,69,128,276,269,198,335,246,304,141,220,261,283,163,148,244,228,185,212,253,223,229,249,232,224,160,170,149,153,153,,82,174,216,104,171,292,114,75,156,94,92,158,53,100,154,115,30,65,50,127,178,182,31,71,219,105,179,122,300,192,58,113,204,71,106,70,195,149,286,124,110,,188,177,249,127,188,67,209,91,116,104,117,103,103,171,110,136,85,82,96,78,106,248,249,245,175,149,171,245,181,98,154,103,233,105,103,106,238,233,91,133,82,70,85,168,104,139,89,60,64,76,74,148,85,64,57,99,67,148,185,243,252,179,199,149,208,139,27,,83,119,54,108,120,23,49,56,70,118,44,45,86,99,86,70,48,57,28,41,92,50,41,164,30,37,221,114,192,147,69,117,122,127,80,73,85,127,150,304,210,154,72,124,104,78,86,142,59,91,63,198,94,82,32,73,133,123,86,51,38,50,186,88,70,236,84,114,132,100,200,85
20150124,10,PM2.5,95,38,215,141,39,301,165,31,53,150,140,298,288,68,46,138,54,205,144,145,170,195,160,131,207,148,184,205,160,181,98,69,161,129,105,136,86,246,147,142,48,141,119,148,175,74,86,83,184,124,291,84,102,62,49,78,70,85,92,64,52,106,39,22,156,187,61,17,38,145,31,103,67,103,89,78,101,53,32,41,69,196,242,257,190,214,212,233,203,236,142,154,177,82,188,69,82,41,64,86,67,60,107,102,65,22,199,63,111,153,144,78,71,95,56,43,136,92,203,125,149,201,63,146,306,257,186,158,129,188,122,77,125,144,31,38,32,30,109,195,84,162,184,170,127,106,17,167,203,87,89,139,76,29,54,46,97,225,218,148,284,195,253,107,169,210,232,123,113,193,177,139,161,202,172,178,198,181,173,121,128,114,116,116,,60,131,165,77,129,241,71,54,118,70,53,120,32,75,37,86,14,40,31,96,134,137,18,51,168,78,135,69,249,144,33,84,153,51,79,50,146,114,235,93,82,,141,133,198,96,141,48,158,67,87,77,88,76,76,129,82,103,62,60,71,57,79,197,198,194,132,114,129,194,136,73,117,76,182,78,76,79,187,182,67,101,60,41,62,127,77,106,66,35,45,55,53,113,51,45,35,74,37,113,139,192,201,135,149,114,157,106,18,,60,89,37,80,90,14,34,29,48,85,15,30,57,60,63,44,33,26,12,19,64,20,24,124,21,18,170,85,144,112,46,88,92,96,54,42,56,94,115,253,159,117,43,93,47,50,63,65,36,56,29,148,70,60,22,36,101,51,63,27,16,35,140,45,30,185,47,85,100,75,150,62
20150124,10,PM2.5_24h,166,193,197,192,134,243,332,28,85,229,173,228,225,79,61,97,111,136,133,115,152,140,129,120,141,133,149,176,157,176,142,110,131,142,113,138,140,192,129,139,55,133,95,101,131,77,70,80,118,96,176,97,102,60,49,58,52,47,62,64,41,56,60,26,126,196,78,17,32,116,73,104,59,132,95,94,103,36,89,86,62,144,190,214,166,163,134,168,102,145,116,128,136,69,156,52,70,37,46,60,57,46,80,89,41,20,159,58,111,162,105,37,84,85,72,77,94,125,151,98,138,158,59,143,242,156,157,137,141,169,134,88,104,117,83,45,72,34,128,164,62,160,164,132,126,110,13,133,129,85,103,116,40,32,57,41,89,181,117,94,139,92,134,99,109,111,123,65,71,84,129,117,140,170,128,179,174,134,134,153,102,144,127,124,,97,105,126,71,113,124,107,78,149,62,70,91,48,81,51,106,17,37,44,88,96,102,67,79,127,129,91,40,104,134,40,87,115,79,55,116,93,85,136,100,67,,116,140,137,73,106,44,130,77,57,68,61,80,72,120,63,90,69,68,63,60,68,125,132,117,96,97,122,125,95,81,89,88,142,98,82,77,146,177,88,166,79,57,103,118,107,106,82,54,51,67,59,103,71,79,63,87,77,107,130,187,206,134,164,119,122,109,15,,40,89,44,79,118,65,49,36,45,59,13,30,18,50,60,36,30,24,35,17,71,16,22,67,19,7,166,67,110,76,70,68,47,77,103,60,79,92,90,233,130,116,24,61,51,44,33,48,82,70,67,117,56,102,32,41,116,57,65,36,12,88,94,52,26,156,117,69,79,84,52,87
20150124,10,PM10,131,52,350,237,78,436,261,74,113,218,232,469,384,114,125,180,80,229,187,162,256,236,212,242,299,262,252,257,267,242,164,82,243,185,141,184,150,293,201,203,68,201,161,194,233,114,116,141,326,193,352,153,137,95,94,129,118,127,128,93,108,157,67,55,225,293,84,37,77,288,102,176,118,151,154,144,195,108,58,61,100,249,336,346,283,268,387,320,230,382,258,235,231,119,244,105,135,77,98,158,98,101,146,148,110,60,278,134,160,200,303,140,108,145,62,88,172,99,263,149,205,245,155,208,412,269,281,232,186,263,201,144,157,201,68,71,66,59,162,267,174,208,228,265,184,161,30,322,260,150,152,196,219,102,155,86,107,327,359,216,355,255,299,136,225,276,362,160,159,284,238,200,209,282,215,,277,192,222,188,165,189,207,186,,46,213,211,92,213,347,175,91,220,109,132,159,53,135,256,121,27,78,49,139,190,169,30,70,247,99,164,191,346,210,64,131,187,75,120,83,169,169,282,129,121,,226,174,198,146,161,62,187,103,111,90,138,126,134,209,145,161,88,89,105,80,115,225,300,226,171,157,204,233,186,130,166,112,273,137,107,129,279,219,123,192,85,88,87,238,141,152,86,68,72,97,80,185,117,68,62,107,82,183,200,256,291,218,221,203,233,183,26,,114,113,48,156,108,22,46,44,88,183,25,44,120,145,79,88,34,61,,40,132,49,40,191,28,36,226,163,187,161,86,106,173,167,108,93,118,202,167,391,244,165,92,151,155,103,108,231,66,130,73,144,127,92,26,93,158,194,82,28,37,45,140,123,87,240,115,127,146,96,222,56
20150124,10,PM10_24h,210,302,315,281,233,370,465,73,156,303,280,359,329,128,142,131,146,169,177,129,216,172,169,160,204,223,198,219,205,226,201,142,205,184,147,199,195,230,166,191,75,174,137,142,172,103,100,165,219,130,254,149,144,87,97,106,84,72,84,94,86,99,92,50,191,313,98,41,60,236,145,173,118,194,150,151,200,88,118,119,85,175,265,285,233,216,232,233,126,225,193,196,188,94,208,97,105,70,74,106,86,74,121,129,66,41,236,120,163,206,222,92,123,142,87,121,120,158,203,118,190,194,127,225,345,207,262,216,184,249,218,172,143,185,138,71,102,61,186,234,129,203,203,220,175,150,33,209,184,144,160,171,133,166,163,78,111,239,185,137,169,115,164,132,135,147,182,91,83,122,168,172,176,234,167,161,233,154,161,213,131,223,231,190,,113,180,192,90,177,209,176,126,249,98,156,132,73,149,120,133,35,111,105,108,143,130,105,103,183,165,108,122,150,184,77,125,132,113,93,157,114,126,164,136,100,,179,175,142,108,116,59,150,101,98,93,115,114,124,188,119,132,111,110,99,102,103,186,214,169,145,149,227,167,151,145,131,136,226,173,120,128,217,249,154,276,125,117,141,226,187,173,134,86,87,107,88,153,132,106,98,112,151,169,184,244,286,218,220,214,193,182,28,,75,115,68,158,152,85,65,54,76,110,26,60,40,75,79,74,35,76,40,39,126,40,29,126,24,33,203,128,162,109,201,89,79,235,162,175,128,153,123,362,213,175,66,118,108,115,56,184,156,133,113,150,113,152,43,101,222,212,81,54,20,121,118,128,52,207,217,115,86,126,80,119
20150124,10,SO2,42,38,163,219,98,215,131,66,53,63,62,106,209,143,88,175,100,87,132,33,39,64,75,59,86,49,65,77,47,38,19,18,40,33,33,43,88,31,81,34,9,89,115,82,47,11,31,55,175,52,115,53,44,44,12,16,40,43,91,23,13,44,13,4,38,36,31,19,13,93,28,28,270,24,66,56,120,92,57,28,11,159,71,126,109,170,251,78,82,123,118,92,36,34,63,30,35,7,12,18,20,7,50,35,14,29,110,124,119,645,181,216,133,65,132,149,80,56,103,37,61,36,77,117,302,71,157,59,67,45,44,42,39,17,11,4,14,1,20,43,67,49,25,35,10,70,36,51,204,171,52,105,204,19,168,5,11,167,305,106,51,109,70,51,54,36,46,26,47,91,53,28,23,111,50,60,137,40,40,30,47,22,35,47,,153,30,29,37,214,440,134,43,127,206,60,15,128,73,62,23,87,36,81,55,46,68,26,16,35,88,122,73,29,46,21,15,33,35,35,51,54,45,57,87,17,,13,39,63,21,50,10,26,10,66,34,39,14,14,109,131,165,94,66,94,51,150,253,204,63,43,37,57,59,43,66,62,39,62,35,25,21,43,59,50,141,84,14,44,136,68,36,31,5,13,25,86,67,20,7,12,13,46,20,39,59,43,30,14,12,14,72,4,,41,24,44,108,23,5,7,13,60,95,5,15,180,47,15,12,13,44,2,14,12,7,16,99,11,5,43,54,120,70,62,29,95,280,26,23,132,85,61,188,98,13,27,53,20,39,150,15,13,21,25,69,12,13,24,28,38,123,40,12,88,9,18,2,6,34,131,63,51,172,224,47
20150124,10,SO2_24h,57,87,187,127,110,199,188,59,88,93,128,94,206,208,125,141,97,96,161,23,35,28,45,38,56,45,41,55,37,49,25,30,41,32,26,32,49,36,39,17,10,56,42,30,41,11,19,37,92,29,71,60,44,28,11,14,26,14,25,21,12,34,15,4,34,39,23,26,15,86,49,72,162,30,60,49,113,59,63,47,11,119,56,90,77,131,150,56,44,74,83,65,32,23,89,42,20,7,9,16,16,4,38,21,12,21,80,77,100,504,113,72,124,88,94,145,53,80,68,39,32,27,70,125,206,45,145,75,104,45,60,49,50,22,30,5,19,2,21,36,85,56,19,22,11,46,23,80,133,102,51,83,101,27,157,8,16,78,114,74,31,50,50,44,38,29,26,14,26,37,25,33,16,62,33,45,95,38,31,36,25,33,27,40,,148,37,49,25,163,239,211,70,170,157,94,25,27,114,52,16,40,41,79,55,55,64,55,30,85,82,77,54,16,33,29,16,23,49,55,49,42,38,29,91,14,,14,38,69,22,35,23,33,10,53,27,23,13,16,73,81,96,73,58,78,41,133,188,144,50,41,63,52,50,49,80,52,77,81,47,32,20,60,50,43,100,75,27,79,96,63,31,31,7,11,21,95,26,20,11,30,12,69,17,29,59,52,44,42,14,12,50,4,,37,17,46,34,34,6,10,11,25,74,4,11,35,21,10,13,7,13,6,23,10,6,10,41,18,3,33,50,79,29,82,25,60,99,55,19,109,63,32,171,101,57,23,49,34,31,63,17,38,58,43,110,17,20,24,22,50,63,30,22,47,18,27,10,3,41,142,26,24,89,62,88
20150124,10,NO2,66,39,92,80,39,98,86,33,51,53,51,95,94,47,67,60,41,54,67,92,98,106,62,57,62,51,80,91,103,45,30,26,49,86,94,96,81,109,80,73,32,89,58,72,54,51,60,51,105,62,100,74,73,83,40,57,79,60,83,54,46,87,28,22,61,77,42,28,35,62,45,50,63,79,48,40,77,65,21,16,41,93,82,89,102,81,130,60,90,82,77,66,67,53,43,72,50,15,27,66,42,40,94,52,52,25,82,43,56,85,76,45,49,43,76,38,39,33,50,36,24,65,59,75,106,73,87,77,74,54,77,39,43,42,30,14,21,36,54,65,54,58,31,62,25,71,15,53,86,76,61,70,47,49,56,30,71,76,90,41,83,105,56,9,64,52,61,51,63,29,77,87,94,97,115,62,85,78,97,83,76,31,60,83,,29,93,53,43,45,77,47,20,50,39,44,37,23,46,64,40,21,23,16,30,34,44,25,31,42,34,52,33,76,32,26,27,69,20,31,25,89,37,46,72,81,,27,45,48,21,53,32,59,48,55,22,60,26,27,62,66,56,63,32,57,38,57,109,100,77,77,77,34,68,67,48,107,40,55,46,41,38,83,54,80,66,30,33,43,56,95,40,30,10,17,57,26,63,28,23,42,49,46,46,49,69,67,37,47,28,30,53,22,,47,36,25,40,31,11,14,11,36,42,3,27,45,35,21,24,31,30,24,18,28,18,28,33,36,7,49,71,44,67,25,46,46,38,40,48,33,30,59,153,57,37,14,22,20,30,62,9,12,14,16,63,30,55,11,35,36,53,38,24,45,50,81,9,24,61,37,82,65,39,48,26
20150124,10,NO2_24h,106,96,109,101,83,91,109,23,65,101,83,85,108,59,69,70,45,55,97,67,92,82,70,45,59,63,75,83,97,60,40,37,45,92,61,89,86,90,69,49,31,89,58,64,49,51,47,58,82,42,100,84,78,83,34,37,62,34,43,62,32,56,30,14,70,92,30,31,35,72,61,60,49,89,51,56,70,51,46,44,36,75,78,84,79,85,82,51,52,54,67,65,67,31,71,72,32,11,20,49,23,23,94,39,29,18,66,42,61,81,72,27,56,62,82,77,41,45,48,47,22,59,50,90,102,68,84,75,66,64,76,45,44,42,53,14,28,25,61,48,53,43,26,59,32,42,17,74,71,71,63,64,20,32,59,32,53,56,48,35,46,60,45,13,43,43,43,16,25,19,65,76,81,90,97,55,78,60,70,89,55,55,64,88,,40,107,46,41,46,62,58,33,63,35,41,35,33,46,56,31,10,21,30,43,40,42,33,35,59,37,48,28,70,32,33,29,58,29,60,30,62,33,55,68,68,,28,46,43,20,40,38,48,37,56,23,54,20,32,55,58,55,61,54,54,49,58,91,90,74,70,83,41,65,65,66,60,56,65,54,43,32,63,61,65,63,34,48,71,42,80,45,46,15,19,56,23,37,30,22,33,32,61,37,32,66,80,32,55,28,35,39,19,,37,24,22,48,35,10,16,9,24,27,2,21,22,12,15,26,18,32,16,18,26,14,14,31,15,3,57,73,50,35,25,29,33,26,58,37,33,27,34,165,47,64,9,23,25,16,31,9,21,22,27,60,22,68,15,38,39,25,38,29,18,49,65,20,16,69,71,69,37,48,23,44
20150124,10,O3,13,23,7,12,23,10,10,28,19,7,9,6,6,18,12,27,29,30,16,36,4,14,18,27,15,12,13,14,17,14,23,48,11,15,45,16,24,6,34,12,97,16,30,24,16,37,36,14,10,53,14,33,42,22,81,43,18,21,35,67,64,10,81,35,6,8,53,44,28,8,38,24,10,3,36,68,7,11,53,35,60,8,11,9,5,13,9,33,9,17,14,15,16,37,21,16,63,105,90,12,70,71,11,51,14,13,8,20,19,21,21,13,21,27,23,32,38,38,13,46,39,13,39,10,3,11,13,11,18,11,8,66,7,40,89,103,102,71,10,12,8,6,33,6,19,18,77,5,14,13,16,6,32,26,19,44,21,9,11,23,17,12,10,44,8,7,16,31,13,7,21,28,13,10,24,17,18,7,14,14,28,102,42,19,,21,9,13,36,3,27,26,67,25,22,32,45,44,14,8,26,35,68,39,37,30,42,58,48,21,30,19,20,39,23,31,43,47,51,28,30,32,25,5,54,62,,33,45,90,45,27,24,60,49,9,53,16,32,17,16,17,77,15,36,12,55,35,15,6,4,9,7,16,7,3,59,10,58,10,45,61,57,5,2,33,23,58,74,88,39,24,8,60,62,81,37,86,18,66,50,61,49,29,15,14,7,2,20,30,25,27,27,20,,24,25,62,11,46,32,85,92,16,41,79,17,7,37,46,6,63,7,55,36,19,10,44,31,41,57,9,6,18,26,38,57,9,17,43,13,45,28,18,21,14,21,53,15,29,16,33,88,14,53,39,10,15,50,18,7,35,19,42,100,25,18,4,22,14,3,28,22,29,20,13,32
20150124,10,O3_24h,31,33,28,49,29,51,45,69,53,24,66,69,20,26,36,46,65,85,47,99,52,82,89,84,86,66,88,92,83,57,65,84,57,80,115,105,68,83,107,117,115,115,114,118,37,127,114,59,78,96,50,85,94,142,143,117,145,102,137,177,164,142,126,78,48,23,91,80,115,37,92,80,52,19,104,115,40,67,64,38,129,48,66,74,50,58,58,79,80,97,63,40,76,93,87,137,161,139,128,136,156,129,160,186,93,53,80,53,68,60,70,40,56,56,62,43,85,61,54,84,77,60,69,73,34,84,68,112,51,41,42,97,52,91,147,152,155,156,29,103,64,115,63,43,29,87,107,64,72,83,50,57,82,88,67,73,67,90,87,59,93,90,74,90,70,62,61,88,64,80,92,83,79,78,91,102,42,94,96,57,70,79,73,82,,32,121,78,135,43,77,50,77,40,39,75,69,56,72,78,56,62,89,44,53,44,86,79,74,58,74,50,36,142,54,54,70,111,61,72,61,79,60,66,103,91,,46,109,135,52,90,54,101,116,74,119,110,121,49,77,82,124,142,75,85,97,144,43,82,98,83,97,87,92,81,59,65,62,102,65,74,71,57,15,110,74,117,170,149,127,91,67,112,89,146,92,147,128,114,77,113,151,33,47,102,58,50,65,38,35,36,91,58,,113,51,97,72,104,52,114,131,90,106,98,113,49,78,91,103,104,94,59,72,96,27,93,83,86,95,64,46,45,93,58,106,57,82,77,62,96,72,94,92,77,48,92,37,68,104,102,113,22,70,67,61,34,76,19,59,83,51,70,122,74,53,46,745,92,69,32,161,161,49,44,48
20150124,10,O3_8h,17,6,6,7,10,9,9,40,18,5,21,5,5,13,13,24,16,26,11,35,4,11,11,17,10,9,9,9,13,12,10,33,7,9,44,4,13,3,21,6,99,6,15,15,15,41,23,10,8,44,13,32,52,15,80,40,15,16,36,50,59,17,86,36,7,8,71,37,25,8,52,49,13,2,44,57,5,12,33,31,58,4,5,5,3,9,6,26,18,16,10,9,5,41,8,13,65,117,90,11,84,56,13,43,15,14,7,18,18,21,21,15,25,16,23,24,41,34,9,42,46,11,26,10,2,9,17,15,27,11,8,43,9,47,98,107,107,60,6,21,5,24,37,4,17,51,72,5,23,12,8,6,40,31,24,47,36,6,11,16,25,11,10,25,11,2,9,56,20,11,14,18,7,3,22,9,15,6,10,10,19,99,48,5,,15,6,11,25,4,19,23,64,25,20,40,40,40,23,9,29,40,58,36,31,26,34,57,50,17,28,8,19,56,24,23,46,45,47,33,26,31,21,6,49,53,,30,40,83,38,32,25,59,40,5,49,6,32,13,16,7,40,15,14,14,31,20,16,5,2,14,5,29,6,2,51,23,49,7,58,54,55,6,3,59,32,69,54,90,40,24,5,42,68,89,39,70,21,70,65,70,56,18,21,27,5,2,26,17,18,26,33,20,,27,24,75,9,58,33,95,105,7,41,87,15,16,43,55,7,76,7,55,41,14,18,68,33,45,68,8,2,21,63,44,63,12,25,49,20,56,47,27,8,28,27,66,21,26,24,51,96,16,53,36,13,14,44,18,9,40,20,36,100,52,34,3,27,6,3,19,11,26,20,20,18
20150124,10,O3_8h_24h,19,22,18,33,19,36,31,58,35,16,57,49,13,20,24,35,53,71,31,76,37,62,56,73,69,54,62,66,60,43,47,69,42,53,97,81,48,56,81,96,107,93,86,85,27,116,97,46,67,87,34,41,74,105,126,106,112,90,118,134,140,119,116,70,37,15,86,69,80,25,69,64,41,14,77,90,27,52,61,31,113,37,55,58,39,43,46,70,66,77,50,34,61,85,63,105,150,132,120,114,139,119,111,165,86,45,62,41,48,46,49,36,48,42,50,26,74,52,30,65,57,43,57,43,27,63,52,87,35,29,31,71,29,70,121,142,144,158,15,80,41,83,55,30,22,79,96,36,54,55,37,38,75,75,49,63,54,69,52,45,79,77,56,80,58,45,47,80,59,68,68,60,57,56,64,77,34,70,78,50,60,131,60,58,,26,96,62,107,26,60,34,65,33,33,52,57,43,54,62,44,56,76,38,46,38,73,74,64,42,48,36,31,98,40,44,58,74,50,62,56,57,41,51,61,73,,40,66,108,42,70,42,75,103,47,100,83,101,36,58,64,84,104,57,65,75,90,30,49,74,59,75,55,68,63,52,55,50,68,58,62,60,44,12,85,41,85,133,110,72,64,43,88,78,118,73,139,119,100,71,100,125,22,42,83,34,37,56,28,28,29,80,44,,89,43,89,52,76,46,110,125,79,93,96,93,42,73,86,80,100,75,58,59,74,23,87,78,83,84,26,33,35,77,55,99,48,69,70,44,86,60,88,62,40,45,83,32,60,99,94,108,17,55,59,50,28,66,18,41,68,41,57,111,68,38,27,300,85,48,23,126,124,41,37,37
20150124,10,CO,1.9,1.085,4.318,4.892,0.811,3.507,4.945,1.855,1.128,1.618,1.824,7.038,4.02,1.901,3.548,1.62,1.08,1.899,1.527,1.512,1.944,1.707,1.457,1.965,2.706,1.769,2.879,2.884,2.236,1.779,1.429,0.961,1.875,1.837,1.546,1.689,1.078,2.512,1.372,2.051,0.701,1.681,1.913,1.335,2.318,1.1,1.006,1.37,3.284,1.638,4.039,1.305,1.106,0.988,1.157,1.542,1.395,1.545,1.316,0.82,1.153,1.608,0.825,0.605,1.516,2.639,0.804,1.154,1.309,3.583,1.955,1.895,1.922,3.299,1.413,0.809,4.226,1.4,0.583,1.458,0.91,2.661,3.188,3.21,3.255,2.779,5.11,2.042,3.122,3.667,2.489,2.517,2.202,1.212,1.934,1.249,1.154,0.944,1.095,1.383,0.963,1.236,1.839,1.753,1.516,2.512,2.648,4.72,3.373,4.249,5.161,2.486,1.861,2.046,2.533,1.264,1.55,1.237,2.668,1.15,2.459,2.351,1.377,2.516,5.667,2.999,4.03,1.602,2.281,2.335,1.884,1.8,1.971,3.483,0.479,0.798,0.778,0.722,1.698,1.393,3.444,1.587,1.573,2.019,1.587,1.84,0.457,2.921,3.307,4.1,2.587,2.312,2.224,0.93,1.516,2.008,2.101,4.41,3.956,2.422,3.301,4.528,3.065,1.015,2.414,2.673,2.363,1.531,2.364,2.178,1.465,2.413,1.571,1.906,2.045,1.779,2.504,1.841,2.717,1.051,1.432,1.436,2.114,1.962,,0.502,1.334,2.559,0.978,5.878,4.641,1.801,2.009,4.197,6.148,1.197,0.766,0.525,1.381,2.458,1.305,0.675,0.673,1.477,0.878,2.133,1.958,0.735,0.918,1.909,0.779,1.668,3.032,3.136,2.572,0.85,1.383,1.341,0.571,0.447,0.801,2.305,1.82,2.151,3.454,3.419,,1.801,1.441,1.67,1.795,1.786,1.336,2.715,1.352,2.969,1.854,1.49,1.694,1.086,2.728,1.61,1.562,2.463,0.601,1.654,0.537,0.993,3.719,5.554,3.235,1.79,1.932,1.584,2.322,1.531,1.431,1.468,1.618,1.872,1.961,1.396,1.399,4.926,2.455,1.109,2.175,1.923,3.186,0.482,1.187,1.63,1.49,2.845,1.118,1.496,0.622,1.101,2.486,0.845,1.033,0.452,1.014,2.111,0.78,1.146,2.016,1.94,1.552,2.746,1.916,2.554,1.655,0.745,,1.645,1.205,0.938,3.407,1.511,1.056,0.615,0.601,0.881,1.674,0.393,1.464,1.505,0.987,0.931,0.8,0.329,1.611,0.666,1.935,1.255,2.285,2.417,4.043,1.721,0.57,2.609,3.584,2.775,2.087,1.227,1.116,3.073,1.429,0.857,0.445,2.883,1.416,1.993,3.491,4.434,1.647,0.889,0.953,0.761,0.8,0.905,0.546,0.514,0.372,0.82,3.465,2.446,2.079,0.365,1.092,2.704,3.208,2.036,0.931,2.158,1.11,4.251,0.904,0.921,1.65,1.536,1.206,1.844,2.229,2.617,1.577
20150124,10,CO_24h,2.997,3.373,4.134,3.671,3.243,3.191,6.198,1.387,2.089,3.605,3.401,3.553,4.388,2.136,2.834,1.394,1.209,1.713,1.446,1.147,1.651,1.214,1.208,1.29,2.052,1.545,2.051,2.074,1.879,1.678,1.679,1.379,1.862,1.688,1.384,1.674,1.404,1.719,1.215,1.549,0.711,1.542,1.869,1.039,1.692,1.06,0.845,1.278,2.228,1.28,2.114,1.445,1.269,0.966,1.084,1.488,1.027,1.22,0.913,0.786,0.945,1.106,0.951,0.533,1.27,2.259,0.77,1.03,1.175,3.21,2.397,2.84,1.465,3.444,1.633,1.262,3.398,1.063,1.298,2.273,0.81,1.895,2.42,3.109,2.617,2.936,3.165,1.357,1.461,1.804,2.013,1.925,1.88,0.878,1.941,1.136,0.887,0.87,0.887,1.065,0.797,0.866,1.62,1.361,0.984,1.313,2.25,2.708,2.882,3.917,3.408,1.52,1.898,2.132,2.809,2.335,1.356,1.643,2.229,1.008,2.072,2.089,1.033,2.499,4.526,2.073,2.964,1.377,1.925,2.043,1.568,1.939,1.609,3.03,0.771,0.804,1.003,0.694,1.497,1.169,3.117,1.213,1.423,1.27,1.372,1.075,0.467,2.098,2.686,3.349,2.612,2.021,1.585,0.619,1.326,1.813,1.912,2.599,2.401,2.101,1.862,1.765,1.826,1.005,1.442,1.939,1.93,0.703,1.689,1.477,1.113,2.177,1.038,1.51,1.507,1.438,2.229,1.817,2.28,0.952,1.058,1.745,1.9,1.86,,0.713,1.507,2.367,0.914,3.838,2.22,2.243,2.355,4.699,5.042,1.219,0.962,0.439,1.439,1.671,1.08,0.521,0.807,1.92,1.044,1.436,1.617,1.039,1.098,1.714,0.893,1.373,2.187,2.077,1.812,0.918,1.2,1.066,1.026,0.84,1.239,1.781,1.397,1.626,3.41,2.674,,1.776,1.261,1.366,1.306,1.373,1.622,2.542,1.28,2.3,1.776,1.09,1.582,1.162,1.913,1.394,1.126,2.075,1.065,1.258,0.842,1.004,2.529,2.573,2.324,1.4,1.844,1.641,1.462,1.656,1.641,0.753,2.187,1.802,2.176,1.434,1.436,3.659,1.921,1.148,2.528,1.897,3.121,1.06,0.842,1.948,0.86,3.23,1.316,1.448,0.84,1.207,2.044,0.867,1.209,0.671,1.131,2.496,0.787,1.02,1.803,1.642,1.278,1.7,1.765,1.989,1.256,0.575,,1.092,0.858,0.965,3.169,1.546,1.129,0.744,0.676,0.55,1.25,0.31,1.183,0.786,0.453,0.88,0.817,0.746,1.261,0.435,1.801,1.484,1.968,2.169,4.158,1.334,0.357,2.311,3.52,2.524,1.693,1.625,0.954,1.897,0.749,1.439,0.548,2.718,1.298,1.206,4.03,3.81,2.302,0.687,0.88,0.926,0.584,0.432,0.898,1.204,0.576,1.186,3.231,1.351,2.51,0.385,1.313,2.953,1.818,1.764,1.265,1.193,1.977,2.385,0.938,0.591,1.481,3.078,1.146,1.409,2.727,1.331,2.369
20150124,11,AQI,135,45,269,178,70,360,262,66,71,124,92,388,320,69,88,184,59,264,211,192,219,258,243,120,258,207,256,291,227,258,127,96,204,165,99,161,121,303,193,164,63,179,168,199,227,94,108,98,236,148,351,111,128,77,71,96,91,114,127,86,76,148,62,57,212,248,81,30,76,178,84,177,88,135,120,108,160,84,60,70,78,231,307,317,246,269,277,282,226,295,202,184,232,126,226,117,88,64,87,114,83,78,146,130,97,54,265,114,157,208,200,126,110,138,91,50,186,100,245,175,199,250,97,195,355,362,266,219,164,250,125,103,186,195,62,64,64,54,147,272,110,230,245,221,179,174,37,218,243,125,119,178,143,81,118,66,120,300,257,172,257,252,331,170,203,243,210,171,175,233,217,172,234,272,209,247,266,255,228,204,185,147,133,161,,55,188,226,115,193,295,119,75,165,106,88,125,49,111,106,128,59,67,58,133,202,198,41,63,226,94,136,114,312,226,77,109,232,59,99,74,203,158,278,135,120,,195,207,258,131,207,74,214,81,121,91,119,100,105,148,113,97,91,76,103,75,106,243,247,263,207,158,181,254,179,98,165,98,230,111,105,109,259,225,91,139,85,76,77,165,117,156,92,56,71,74,82,133,90,71,,84,64,158,202,251,255,188,249,154,174,156,32,,80,121,55,126,104,24,47,53,97,148,43,62,89,81,76,69,46,68,334,50,141,63,86,290,28,49,204,94,192,150,77,131,128,124,84,80,89,118,181,266,259,170,76,105,104,228,72,140,67,99,63,237,98,96,30,75,202,150,91,51,45,54,157,85,86,233,66,116,105,120,109,66
20150124,11,PM2.5,102,25,218,134,40,309,211,34,45,93,68,313,269,48,53,138,41,213,160,144,168,207,192,90,207,156,205,240,176,207,96,71,153,125,74,122,91,252,145,124,44,135,127,149,176,70,80,73,185,113,300,83,97,56,49,71,67,85,96,63,47,113,40,21,161,197,59,14,54,134,35,133,65,102,90,80,121,55,42,50,57,180,256,266,195,218,226,231,175,244,151,138,181,95,175,88,65,38,64,85,61,57,111,98,72,22,214,85,119,157,150,95,82,105,67,18,140,75,194,132,149,199,54,146,304,311,215,168,124,199,94,76,140,146,33,38,35,26,112,221,74,179,194,170,135,131,15,167,192,94,89,134,92,26,53,47,90,250,206,130,206,201,280,128,152,192,159,129,132,182,166,130,183,221,158,196,215,204,177,153,139,112,101,122,,38,141,175,86,145,244,75,54,125,79,55,94,26,83,79,97,24,43,18,101,151,148,27,44,175,70,103,73,261,175,36,81,181,41,74,52,152,120,227,102,90,,146,156,207,99,156,53,163,59,91,67,89,75,78,113,84,72,67,55,76,54,79,192,196,212,156,120,136,203,135,73,125,73,179,83,78,81,208,174,67,106,62,44,56,121,88,118,68,33,43,52,60,101,60,51,,58,35,120,151,200,204,141,198,117,131,118,20,,54,91,38,95,77,11,31,30,72,113,16,35,35,59,55,49,32,28,283,29,107,41,63,239,19,24,153,64,144,115,41,99,66,93,59,43,38,83,136,215,208,128,46,78,61,177,44,62,38,40,28,186,73,71,21,35,151,81,67,29,31,37,119,44,32,182,33,87,78,90,72,47
20150124,11,PM2.5_24h,162,188,199,196,130,249,330,28,83,225,172,236,228,77,59,98,110,141,131,116,152,142,132,120,145,134,151,178,158,176,142,109,134,140,110,137,138,193,129,138,53,133,95,104,133,77,71,81,122,96,179,97,102,59,49,59,52,49,63,63,40,57,58,25,127,194,76,16,32,118,71,104,58,133,95,91,104,36,87,84,63,145,193,218,168,166,138,171,106,150,116,129,138,71,158,54,70,37,46,61,58,46,81,92,41,19,162,58,111,160,107,36,85,85,71,72,96,122,151,99,134,161,55,143,248,163,159,137,140,173,134,83,106,119,78,43,68,33,128,165,61,159,162,134,127,111,13,136,133,86,103,117,42,30,57,42,89,185,123,96,144,96,140,101,111,113,124,67,74,86,131,117,141,171,128,181,178,137,135,153,104,142,126,123,,95,107,128,71,112,125,104,77,147,63,67,87,42,75,49,104,17,38,39,90,99,101,60,77,130,125,92,41,105,134,39,82,114,77,56,113,95,86,141,101,69,,117,140,140,74,107,45,132,77,57,68,62,79,73,120,64,89,69,67,63,60,68,129,135,122,98,99,118,129,97,82,91,87,144,98,82,78,148,179,86,163,78,54,99,118,106,108,81,52,50,64,58,102,70,76,,84,76,107,131,188,206,135,167,120,123,109,15,,39,90,44,80,110,60,46,36,45,58,13,30,18,50,60,37,29,24,47,17,74,16,20,68,19,7,166,66,113,78,67,69,47,77,100,59,77,89,90,222,131,120,25,63,52,45,34,49,79,67,65,120,58,101,32,41,116,54,64,35,12,87,96,52,26,158,114,70,80,85,50,87
20150124,11,PM10,132,44,344,226,87,452,304,80,90,149,129,489,376,85,124,180,62,240,172,166,250,209,254,142,293,267,283,300,268,271,168,84,227,182,98,166,136,292,198,180,62,186,162,198,224,121,102,124,312,166,340,148,156,95,89,120,113,137,139,92,100,174,72,61,234,313,83,29,100,270,116,215,118,165,154,127,226,115,67,76,88,238,345,348,289,268,382,319,242,410,259,245,238,137,220,118,108,76,101,163,90,101,160,139,107,56,305,167,165,228,290,172,120,146,86,49,174,88,243,154,199,254,142,210,414,297,318,244,187,293,171,136,179,211,71,76,75,55,163,285,168,236,248,294,188,207,32,323,276,165,157,205,233,109,183,79,100,352,344,181,249,242,335,140,228,254,242,208,160,282,217,177,239,303,210,,299,246,223,225,184,158,182,190,,,224,218,101,222,373,186,88,205,122,123,136,48,146,135,121,37,82,63,130,209,182,40,65,258,91,137,175,240,264,102,129,212,62,116,95,180,198,269,145,130,,213,190,207,150,191,68,204,106,137,92,150,126,143,229,151,125,104,82,117,82,121,228,290,243,198,162,223,241,182,133,198,115,260,144,108,135,299,222,129,214,88,99,84,278,139,164,88,59,89,95,97,176,128,83,,115,76,191,199,268,294,228,300,218,199,257,31,,108,123,55,177,92,23,43,46,117,162,38,72,126,94,71,82,39,84,,49,215,74,86,320,22,48,182,135,201,145,102,119,204,167,115,107,125,184,191,334,323,164,99,126,156,244,91,228,81,145,73,198,141,62,24,98,263,249,85,31,39,47,141,117,120,221,80,135,112,127,165,46
20150124,11,PM10_24h,217,293,317,283,226,378,460,72,153,299,278,371,333,125,140,132,145,173,171,131,217,173,171,160,209,224,201,221,209,227,201,139,208,183,144,197,193,239,166,190,73,174,136,145,175,103,101,165,225,131,249,150,145,87,96,108,84,75,85,93,85,98,90,49,190,311,97,38,61,239,143,172,116,195,150,148,201,89,116,117,85,177,266,290,236,219,239,238,136,233,194,199,190,97,209,98,104,71,74,107,86,74,122,130,65,39,240,120,162,206,226,90,125,142,86,114,122,154,202,119,188,198,124,224,352,209,264,212,184,254,216,170,145,187,132,70,98,59,186,227,130,200,200,224,176,152,32,210,191,146,162,173,139,165,164,79,111,246,193,139,174,122,172,132,142,149,184,95,87,127,170,172,178,237,169,157,240,155,163,211,134,221,230,189,,113,183,194,90,177,213,175,122,243,99,150,127,66,142,117,130,34,110,100,109,147,130,93,99,187,161,109,124,150,185,75,118,131,109,94,155,116,131,168,137,101,,180,176,144,110,117,60,154,101,98,93,116,113,125,191,119,132,110,109,100,102,104,189,218,174,147,151,235,171,151,145,133,135,227,174,120,128,220,252,151,272,122,112,137,226,186,174,131,84,86,105,86,151,131,103,,109,148,169,183,245,287,218,225,215,196,184,28,,75,115,67,161,142,68,63,54,74,103,27,58,42,75,79,75,35,75,39,37,132,40,27,128,25,28,204,128,165,111,192,91,75,237,159,175,125,152,124,358,214,172,69,120,110,116,56,192,151,133,111,150,114,152,42,101,220,206,80,52,21,118,122,128,54,207,212,115,86,128,90,117
20150124,11,SO2,44,33,143,175,98,199,155,56,47,55,56,123,183,84,106,144,100,115,136,35,42,58,99,42,73,54,84,94,66,43,25,24,46,36,28,42,98,53,61,31,9,64,75,96,62,11,28,51,232,45,93,50,45,38,13,16,39,37,93,21,14,46,15,3,40,38,26,16,17,98,30,49,225,28,67,48,157,87,54,28,9,152,94,99,140,173,316,74,83,106,131,112,32,37,70,28,25,7,10,18,19,7,38,23,24,35,91,155,84,445,136,183,164,79,162,107,83,63,90,43,63,39,53,111,279,82,151,54,60,57,61,33,48,18,11,4,15,1,25,66,81,69,22,38,10,64,24,62,213,168,45,100,204,29,200,6,13,180,311,65,30,126,60,55,38,58,56,46,55,65,58,27,27,131,48,59,148,51,42,38,39,23,36,53,,90,32,33,27,225,573,122,29,124,122,29,15,15,97,90,27,205,11,71,56,69,89,28,14,37,24,118,86,31,51,23,18,29,33,89,54,48,45,37,159,13,,14,44,58,20,34,13,32,10,78,22,65,14,14,112,111,88,80,57,98,30,123,210,198,68,87,38,53,56,53,76,80,45,61,40,33,17,53,44,48,126,84,14,29,137,76,49,30,8,11,12,144,62,19,11,,16,44,18,49,68,45,34,16,11,14,77,4,,38,20,53,121,32,6,7,17,50,43,5,16,71,25,11,12,11,33,2,17,18,8,19,65,18,4,41,51,119,67,19,54,178,158,56,27,93,78,42,214,196,29,26,75,23,72,84,15,12,23,14,95,15,8,24,27,42,110,48,15,90,9,14,3,7,29,151,53,41,176,192,42
20150124,11,SO2_24h,55,85,184,130,107,201,187,58,86,91,127,97,206,199,123,138,98,97,158,23,35,29,47,39,57,45,42,56,38,48,25,29,41,32,25,32,47,35,40,16,10,56,43,31,41,11,19,36,99,29,69,59,44,27,11,13,26,15,27,20,13,33,14,4,34,40,23,24,15,87,47,68,160,31,60,47,113,60,61,46,11,119,57,90,81,132,158,58,46,75,84,67,31,23,87,41,20,7,9,16,15,4,37,17,12,20,81,80,97,502,111,77,124,85,95,140,53,78,66,38,28,27,65,122,212,47,144,73,102,45,62,47,50,22,25,5,18,1,21,39,83,52,19,22,10,45,22,81,136,104,51,84,105,27,159,8,16,82,122,74,31,52,48,44,37,29,27,14,26,36,26,31,17,65,33,46,100,37,31,35,25,33,27,41,,148,38,49,25,162,252,204,63,166,158,82,22,27,104,52,17,47,40,82,53,55,63,47,29,79,77,77,56,15,34,29,15,22,47,57,49,42,39,29,90,14,,14,39,64,21,35,23,32,10,52,27,24,12,16,73,78,95,72,58,77,40,135,189,145,51,41,62,51,51,47,81,53,74,81,47,32,19,59,49,43,100,75,25,74,96,63,31,30,7,11,20,98,27,19,10,,11,67,17,26,59,51,44,41,14,12,50,4,,37,17,46,36,34,6,9,12,22,68,4,11,35,21,10,13,7,14,6,21,11,6,9,40,18,3,34,50,82,30,77,26,58,104,53,19,109,63,32,169,101,54,24,44,33,28,59,17,35,54,41,110,17,20,24,23,51,64,30,22,50,18,26,10,3,40,143,25,25,91,64,86
20150124,11,NO2,66,32,94,67,30,97,85,28,42,37,25,105,89,33,68,55,35,61,67,88,104,107,85,31,61,54,96,107,117,43,29,23,49,87,57,91,66,126,81,69,26,76,66,75,57,55,48,45,109,43,96,75,75,70,38,55,74,62,88,49,34,93,25,15,61,86,32,19,30,64,45,55,62,76,49,41,74,60,20,16,37,89,92,81,111,74,139,57,87,82,82,66,44,51,40,72,37,14,21,60,33,30,91,52,50,22,77,51,58,79,91,50,52,45,86,25,37,32,48,38,29,67,50,75,104,79,67,75,57,57,74,42,46,45,31,12,21,17,62,69,61,61,36,68,24,63,11,60,86,85,59,69,35,44,50,30,61,87,83,24,47,102,48,9,41,48,43,55,75,39,81,77,89,117,128,63,96,93,101,93,70,33,64,47,,16,89,54,22,47,84,45,17,57,46,18,23,22,37,63,31,24,10,13,30,37,36,20,28,36,23,48,31,56,37,26,25,52,19,51,24,73,38,59,82,88,,28,52,49,22,45,32,63,42,66,22,64,24,29,59,71,42,68,37,65,30,55,94,98,82,78,82,39,65,60,54,107,40,60,52,32,36,97,46,83,71,33,27,41,58,90,49,31,12,14,52,28,61,27,31,,38,45,34,53,69,73,37,55,28,32,59,13,,52,27,25,49,30,9,13,11,45,35,3,31,37,18,17,29,24,42,29,22,32,16,25,46,24,9,48,58,45,59,20,38,46,36,54,44,23,26,42,165,58,43,14,23,20,45,38,7,13,11,11,71,27,58,4,37,40,54,50,45,41,48,68,14,31,60,28,81,72,40,34,19
20150124,11,NO2_24h,104,95,109,102,81,93,109,23,64,99,82,88,108,58,69,69,45,56,95,68,93,84,72,45,60,64,77,84,99,60,40,37,46,92,61,89,86,91,70,51,29,90,59,64,50,51,48,58,85,42,98,84,78,83,34,37,62,36,44,61,33,56,29,14,69,92,29,29,35,72,60,59,49,89,51,52,69,51,45,43,36,76,79,85,81,85,86,52,54,56,68,66,66,32,70,73,32,11,20,50,24,23,94,36,29,18,68,43,61,81,73,27,57,61,82,74,40,44,48,47,29,60,47,90,103,70,84,74,66,64,77,47,45,42,51,13,27,25,61,48,53,43,25,59,30,42,16,73,72,72,63,65,21,33,59,32,53,59,50,35,46,63,45,12,42,43,43,18,28,20,65,77,83,92,98,56,80,62,72,90,57,55,65,87,,40,107,47,41,46,63,57,32,63,35,39,33,32,45,56,30,11,20,32,42,40,41,31,34,58,37,48,29,71,32,33,27,57,28,60,30,63,34,56,69,68,,28,47,44,21,39,38,50,38,56,23,54,20,32,55,58,55,61,54,54,49,58,93,91,76,71,84,43,66,64,65,62,54,66,54,42,32,64,61,66,64,34,47,70,43,81,45,45,14,19,56,23,37,29,22,,32,61,37,32,66,80,32,54,28,35,39,19,,38,24,22,48,35,10,13,9,25,25,2,21,22,12,15,26,18,33,16,17,27,14,13,32,16,3,56,73,50,37,24,29,32,27,57,38,32,27,34,165,47,63,9,23,25,16,31,9,20,21,26,60,22,67,15,38,39,25,37,30,19,49,66,20,17,68,69,71,38,48,24,43
20150124,11,O3,15,32,6,25,35,11,10,37,32,14,30,8,8,31,12,37,37,36,22,51,5,24,26,59,22,17,20,19,19,19,33,60,20,23,81,33,43,9,41,45,107,49,40,49,19,50,61,34,13,73,13,36,37,47,85,55,36,33,55,85,90,13,85,46,6,9,63,59,40,9,40,30,16,6,38,58,7,20,60,37,76,15,18,15,6,19,13,43,14,23,15,25,44,42,30,20,84,110,101,34,80,84,16,79,33,25,10,20,19,23,21,18,23,36,22,44,46,46,21,52,38,18,55,11,3,11,14,14,32,11,9,53,8,39,87,108,108,100,9,16,10,7,31,5,19,29,86,4,16,11,15,11,58,33,31,46,35,14,18,52,45,18,26,48,15,18,38,43,18,14,29,50,32,21,36,22,23,11,23,19,45,116,48,40,,27,17,13,69,3,23,32,71,25,23,62,57,48,28,11,41,32,89,42,43,36,59,61,52,37,39,28,22,51,23,40,57,63,52,35,31,30,21,13,53,52,,33,13,88,33,27,25,88,65,20,72,32,54,29,20,25,83,15,51,17,80,56,14,5,4,11,8,15,10,7,59,15,69,11,38,85,66,10,2,28,25,60,85,88,51,35,9,70,56,88,51,89,44,81,42,,70,33,30,12,9,3,23,33,20,24,27,27,,32,27,62,12,42,35,85,93,24,58,82,37,20,66,54,9,73,16,54,40,42,15,53,39,50,63,12,15,24,37,45,58,17,24,33,21,54,39,29,25,28,25,60,23,42,43,60,96,14,58,43,10,17,49,17,8,34,18,33,86,30,20,3,22,38,6,33,30,51,24,20,39
20150124,11,O3_24h,31,35,28,48,35,51,45,69,53,24,66,69,20,31,36,46,66,85,47,99,52,82,89,84,86,66,88,92,83,57,65,84,57,80,115,105,68,83,107,117,118,115,114,118,37,127,114,59,78,96,50,85,94,142,143,117,145,102,137,177,160,142,126,78,48,23,91,79,115,37,92,80,52,19,104,116,40,67,65,39,129,48,66,74,50,58,58,79,80,97,63,40,76,93,87,137,161,139,128,136,156,129,160,198,93,53,80,53,68,60,70,40,56,56,62,48,85,62,54,84,107,60,74,59,34,84,68,112,51,41,49,99,52,91,147,152,155,154,29,94,64,115,63,43,29,87,107,64,72,83,50,57,82,88,67,73,67,90,87,61,93,90,74,90,70,62,61,88,64,80,92,83,79,78,91,102,43,94,96,57,70,79,73,82,,32,121,78,135,43,78,50,78,40,39,75,69,56,72,78,56,62,91,44,52,44,86,79,74,58,74,50,36,142,54,54,70,111,61,72,61,79,60,66,99,91,,46,109,136,52,90,54,101,116,74,119,110,121,55,77,82,134,142,82,85,97,144,43,68,98,83,97,70,92,81,61,65,69,102,65,85,72,57,15,110,74,117,170,149,127,91,67,112,89,146,92,147,128,114,77,,151,36,47,102,58,38,65,40,35,36,91,58,,113,51,97,72,104,52,114,131,90,106,98,113,49,78,91,103,104,94,59,72,96,27,93,83,86,95,64,46,45,93,58,106,57,82,77,62,96,72,94,92,77,48,92,37,68,104,102,113,22,70,67,61,34,76,19,59,83,51,70,122,74,53,46,467,92,69,34,161,161,49,43,48
20150124,11,O3_8h,17,10,5,10,14,10,9,37,19,7,20,6,6,15,13,25,18,27,12,36,4,12,13,21,12,10,10,10,14,13,13,36,9,11,45,7,17,4,23,11,100,12,19,20,16,41,27,13,9,46,12,34,50,19,79,40,16,17,37,52,63,14,86,36,6,8,68,40,26,8,49,42,13,3,43,60,6,13,37,31,59,5,6,7,3,10,7,28,15,16,11,10,10,40,11,15,66,115,91,14,80,54,12,53,16,14,7,18,18,21,21,14,24,17,21,25,40,35,10,43,41,12,34,10,2,10,16,15,28,11,8,51,9,45,95,106,106,65,6,19,6,20,36,4,17,45,73,4,22,12,9,7,42,30,26,47,37,7,12,22,27,10,11,30,10,4,11,54,18,10,16,21,10,6,22,10,17,6,11,11,20,102,48,10,,18,7,12,30,4,20,24,66,25,21,41,40,41,23,9,31,39,63,38,32,26,38,56,48,18,29,10,20,53,23,26,46,48,48,33,27,27,20,5,50,53,,30,38,82,38,31,25,63,43,6,51,10,33,16,16,9,48,15,19,12,38,25,16,5,3,14,5,28,6,2,53,19,52,8,56,57,57,6,3,55,32,68,61,93,42,26,5,50,66,88,40,73,17,71,62,,58,21,22,24,6,2,24,20,19,26,32,21,,27,25,72,9,55,33,93,102,8,41,85,17,17,44,53,7,75,5,55,41,18,17,64,35,45,66,9,3,21,58,43,62,13,22,48,20,54,44,27,11,25,27,63,21,28,26,48,94,16,52,37,13,14,46,18,10,38,20,39,100,47,35,3,27,10,4,21,13,27,21,19,21
20150124,11,O3_8h_24h,19,22,18,32,19,36,31,58,35,16,57,49,13,20,24,35,53,71,31,76,37,62,56,73,69,54,62,66,60,43,47,69,42,53,97,81,48,56,81,96,109,93,86,85,27,116,97,46,67,87,34,42,74,105,126,106,112,90,118,134,139,119,116,70,37,15,86,69,80,25,69,64,41,14,77,92,27,52,61,32,113,37,55,58,39,43,46,70,66,77,50,34,61,85,63,105,150,132,120,114,139,119,111,176,86,45,62,41,48,46,49,36,48,42,50,28,74,52,30,65,57,43,60,43,27,63,52,87,35,29,36,73,29,70,121,142,144,157,15,73,41,83,55,30,22,79,96,36,54,55,37,38,75,75,49,63,54,69,52,45,79,77,56,80,57,45,47,80,59,68,68,60,57,56,64,77,35,70,78,50,60,131,59,58,,26,96,62,107,26,60,34,67,33,33,52,57,44,54,62,44,56,76,39,46,38,73,74,64,42,47,36,31,98,40,44,58,74,51,62,56,58,41,51,62,73,,40,66,109,42,70,42,75,103,47,100,83,101,38,58,64,84,104,57,65,75,90,30,49,74,59,75,54,68,63,53,55,53,68,58,62,60,44,12,85,41,85,133,110,72,64,43,88,78,118,73,139,119,100,71,,125,23,42,83,34,37,56,28,28,29,80,44,,89,43,89,52,76,46,110,125,79,93,96,93,42,73,86,80,100,75,58,59,74,23,87,78,83,84,26,33,35,77,55,99,48,69,70,44,86,60,88,62,40,45,83,32,60,99,94,108,17,55,59,50,28,64,18,41,68,41,57,111,68,39,27,300,85,48,23,126,124,41,37,37
20150124,11,CO,1.875,0.901,4.172,3.806,0.64,3.356,4.476,1.653,0.804,0.94,1.037,4.931,3.75,1.606,2.798,1.634,0.813,1.967,1.574,1.514,1.971,1.539,1.59,0.865,2.689,1.713,2.58,3.15,2.347,1.707,1.52,1.078,1.963,1.681,1.221,1.524,0.916,2.579,1.321,1.532,0.674,1.38,1.887,1.289,2.135,0.999,0.933,1.09,3.492,1.294,3.758,1.194,1.113,0.933,1.154,1.507,1.254,1.519,1.27,0.826,1.031,1.573,0.817,0.543,1.502,2.767,0.68,1.158,1.327,3.511,1.921,2.249,1.857,2.985,1.356,0.823,4.12,1.304,0.617,1.548,0.814,2.113,3.638,3.059,3.709,2.618,4.331,2.085,2.195,2.517,2.467,2.226,1.441,1.135,1.97,1.245,0.881,0.933,1.021,1.264,0.899,1.058,1.754,1.778,1.336,1.802,2.648,5.351,3.249,3.784,4.37,1.995,1.992,2.164,3.161,0.913,1.527,1.21,2.092,1.14,2.324,2.244,1.064,2.477,4.925,3.507,3.868,1.816,2.059,2.246,1.868,1.928,2.013,3.472,0.501,0.791,0.811,0.634,1.727,1.513,2.926,1.543,1.768,2.022,1.425,1.371,0.408,2.98,3.269,4.145,2.453,2.207,1.954,0.85,1.359,1.963,1.954,3.872,3.162,1.563,1.43,4.703,2.155,1.076,1.107,2.152,1.696,1.2,2.511,2.183,1.448,2.423,1.367,1.897,1.954,1.816,2.486,1.933,2.622,1.1,1.345,1.391,1.801,2.008,,0.321,1.269,2.625,0.763,6.022,4.194,1.962,1.978,3.747,4.911,0.855,0.483,0.33,1.148,2.059,0.907,0.993,0.498,1.641,0.923,1.873,1.737,0.857,0.979,1.489,0.585,1.447,2.858,1.499,3.372,0.799,1.232,1.575,0.478,1.062,0.798,2.277,1.696,2.303,3.205,3.444,,1.766,1.385,1.718,1.79,1.818,1.332,2.37,1.203,3.2,1.705,1.497,1.561,1.055,2.945,1.295,1.178,2.495,0.542,1.737,0.475,0.876,3.118,4.807,3.395,2.135,2.002,1.639,2.098,1.424,1.523,1.577,1.697,1.906,2.085,1.369,1.398,4.586,1.93,1.107,2.071,1.989,3.15,0.473,1.281,2.036,1.663,2.789,1.134,1.412,0.691,1.22,2.212,0.874,1.187,,0.943,2.086,0.717,1.158,2.099,1.916,1.695,3.024,1.883,2.166,1.746,0.64,,1.485,0.87,0.983,3.473,1.612,1.064,0.601,0.612,0.767,1.182,0.397,1.44,1.208,0.379,0.883,0.878,0.336,1.635,0.745,2.405,1.769,2.312,2.521,5.058,1.495,0.598,2.224,3.129,2.833,2.157,1.164,0.784,2.227,1.627,1.285,0.609,2.459,1.157,1.206,4.208,3.616,1.503,0.837,0.902,0.671,1.883,0.633,0.486,0.484,0.346,0.79,4.837,1.739,2.141,0.361,1.257,3.557,2.604,2.472,2.523,2.083,1.216,3.973,0.969,0.896,1.666,1.312,1.174,1.751,2.339,2.081,1.379
20150124,11,CO_24h,2.943,3.306,4.097,3.673,3.064,3.254,6.186,1.383,2.034,3.545,3.375,3.694,4.325,2.094,2.809,1.36,1.201,1.736,1.421,1.156,1.662,1.218,1.221,1.294,2.098,1.554,2.077,2.098,1.89,1.676,1.674,1.375,1.882,1.68,1.368,1.653,1.38,1.743,1.2,1.546,0.694,1.54,1.862,1.056,1.706,1.056,0.854,1.274,2.325,1.27,2.092,1.431,1.266,0.964,1.084,1.492,1.025,1.235,0.927,0.774,0.967,1.106,0.941,0.526,1.257,2.237,0.76,1.113,1.171,3.215,2.31,2.76,1.439,3.469,1.629,1.203,3.443,1.068,1.282,2.22,0.816,1.91,2.449,3.142,2.691,2.923,3.248,1.405,1.496,1.86,2.01,1.954,1.869,0.888,1.942,1.147,0.888,0.873,0.89,1.065,0.802,0.867,1.63,1.387,0.984,1.266,2.28,2.806,2.903,3.909,3.436,1.531,1.903,2.117,2.829,2.25,1.361,1.62,2.219,1.003,2.091,2.098,1.049,2.483,4.629,2.154,2.988,1.375,1.919,2.075,1.617,2.009,1.63,3.06,0.726,0.794,0.982,0.684,1.507,1.243,3.117,1.212,1.41,1.288,1.374,1.081,0.45,2.13,2.721,3.385,2.611,2.015,1.613,0.632,1.316,1.819,1.903,2.687,2.455,2.107,1.855,1.918,1.848,1.008,1.38,1.933,1.933,0.725,1.726,1.487,1.122,2.179,1.051,1.527,1.519,1.455,2.217,1.823,2.291,0.95,1.072,1.722,1.894,1.868,,0.698,1.521,2.378,0.906,3.83,2.324,2.201,2.319,4.661,5.04,1.146,0.913,0.425,1.378,1.696,1.069,0.543,0.753,2.102,1.041,1.459,1.609,0.956,1.053,1.707,0.88,1.377,2.244,2.066,1.885,0.894,1.139,1.058,0.992,0.858,1.213,1.798,1.411,1.655,3.412,2.707,,1.783,1.275,1.381,1.317,1.39,1.639,2.541,1.288,2.271,1.781,1.094,1.587,1.168,1.961,1.399,1.133,2.087,1.048,1.266,0.836,0.994,2.617,2.702,2.399,1.418,1.857,1.655,1.505,1.505,1.639,0.782,2.156,1.804,2.156,1.433,1.423,3.682,1.938,1.137,2.51,1.898,3.164,1.024,0.862,1.945,0.883,3.244,1.301,1.461,0.823,1.17,2.047,0.854,1.204,,1.11,2.49,0.779,1.017,1.798,1.644,1.276,1.753,1.769,2.006,1.26,0.578,,1.096,0.86,0.967,3.189,1.517,1.109,0.709,0.672,0.557,1.198,0.31,1.182,0.784,0.45,0.88,0.824,0.704,1.259,0.454,1.793,1.517,1.972,2.14,4.162,1.341,0.354,2.3,3.501,2.542,1.707,1.466,0.948,1.88,0.772,1.404,0.546,2.694,1.26,1.22,4.061,3.805,2.154,0.697,0.844,0.926,0.59,0.42,0.895,1.147,0.556,1.158,3.3,1.373,2.481,0.386,1.291,2.936,1.837,1.784,1.305,1.26,1.877,2.452,0.94,0.602,1.486,2.986,1.15,1.417,2.723,1.462,2.339
20150124,12,AQI,136,41,234,103,69,350,228,70,62,74,87,419,313,70,93,178,48,264,181,203,219,228,245,117,248,213,269,314,242,262,133,96,186,149,74,136,119,281,188,96,56,172,157,182,214,97,97,86,254,128,342,110,125,76,69,88,89,86,120,89,69,157,66,52,218,255,74,30,71,161,80,196,104,128,116,104,182,78,67,82,66,200,291,316,259,261,275,277,207,278,221,154,213,143,229,120,83,66,78,121,75,81,142,131,100,42,276,143,165,206,205,128,141,139,85,25,191,91,196,174,193,236,90,191,360,405,288,220,156,266,146,103,138,193,63,65,64,39,150,264,91,262,264,235,168,154,39,217,231,137,105,186,136,84,106,72,132,325,230,131,182,229,277,189,156,205,195,146,138,239,204,172,228,284,213,256,281,254,218,242,193,143,108,168,,43,195,249,106,207,470,109,74,150,109,65,56,48,100,111,81,58,46,38,137,207,200,40,60,216,52,86,101,111,255,63,100,203,50,82,70,208,156,267,153,119,,195,212,261,126,214,81,179,68,91,76,106,98,104,198,113,80,99,71,108,66,99,245,238,341,231,172,161,262,168,98,174,98,235,114,103,109,266,233,93,131,91,75,75,195,100,182,93,59,70,69,78,112,93,71,,75,61,153,220,248,257,214,284,165,217,165,26,,58,117,58,136,92,22,46,51,93,96,48,79,41,51,60,82,43,75,55,47,137,61,61,195,48,42,217,94,220,161,79,130,108,125,94,89,73,109,126,312,241,178,83,93,136,215,70,154,67,86,62,199,99,106,35,81,239,171,96,80,53,49,205,82,74,237,57,115,91,126,72,63
20150124,12,PM2.5,103,21,183,76,33,296,177,34,29,51,26,335,262,50,54,134,31,213,136,152,168,177,194,88,197,162,218,263,191,211,101,71,140,114,53,103,89,230,141,71,39,130,119,137,163,72,72,60,203,97,291,82,94,55,47,65,66,63,90,66,42,119,41,19,167,204,53,13,44,122,35,147,69,95,87,77,137,53,48,60,47,150,240,265,208,210,224,226,156,227,170,117,162,109,178,90,61,37,57,91,54,56,108,99,75,16,225,109,125,155,154,97,107,106,62,14,143,67,147,131,145,185,49,143,309,356,237,169,118,215,111,76,105,145,38,43,38,20,115,213,47,211,213,184,127,117,18,166,180,104,78,140,91,36,44,51,100,274,179,99,137,178,226,142,118,154,146,111,105,188,153,130,177,233,162,205,230,203,167,191,145,109,80,127,,30,146,198,79,156,454,81,53,115,81,46,35,27,75,83,59,40,32,15,104,156,150,26,42,165,35,46,60,83,204,44,75,152,32,60,49,157,118,216,116,89,,146,161,210,95,163,59,135,46,67,55,79,73,77,148,84,55,74,51,80,47,74,194,187,290,180,130,122,211,127,73,131,73,184,85,76,81,215,182,67,96,67,37,54,146,75,137,69,34,41,45,53,75,69,51,,54,41,116,169,197,206,163,233,125,166,125,18,,34,88,40,103,68,11,30,29,69,71,19,49,7,33,42,60,30,30,12,26,104,37,43,146,28,11,166,55,169,122,40,98,70,94,65,49,29,77,95,261,190,134,41,69,90,164,50,55,32,28,28,149,74,79,24,36,188,129,71,58,36,34,154,48,38,186,29,86,67,95,22,44
20150124,12,PM2.5_24h,159,183,199,194,127,254,328,27,80,220,168,244,231,74,58,100,109,146,129,117,153,143,134,120,149,135,153,181,159,177,140,106,135,138,107,136,136,193,130,135,51,133,95,105,135,76,72,81,128,97,184,97,102,59,49,60,52,50,65,62,40,60,56,24,127,193,75,16,32,118,69,102,57,134,95,91,105,37,86,83,63,147,196,221,171,168,144,174,109,156,119,129,139,73,159,55,70,37,46,62,57,48,83,94,42,18,165,59,111,158,109,35,87,85,71,67,99,119,149,100,134,163,55,143,253,172,162,137,139,177,134,83,106,120,74,42,65,31,128,166,58,157,162,136,128,111,12,138,138,87,104,119,44,31,56,43,89,191,126,96,145,101,145,102,113,115,125,69,77,91,132,117,142,173,129,183,182,139,136,155,106,140,124,123,,93,110,132,71,112,137,101,75,144,64,63,82,41,71,50,100,18,37,34,92,104,101,52,73,132,120,92,42,105,136,38,78,113,75,56,111,98,88,146,100,70,,119,137,143,75,110,45,134,76,57,69,62,77,74,121,65,89,68,67,64,60,68,132,138,131,101,101,118,134,98,82,92,86,148,98,82,78,151,181,85,160,77,53,96,120,105,110,80,50,49,63,58,99,68,73,,81,75,107,131,189,206,136,171,121,126,109,16,,39,90,44,82,102,56,45,36,44,55,13,31,17,49,60,38,29,23,47,17,76,16,16,66,20,8,167,66,116,80,64,71,47,78,98,58,75,88,90,218,131,126,26,60,53,45,34,51,75,63,63,121,58,100,31,40,115,55,64,36,14,84,99,52,26,160,111,71,80,87,47,85
20150124,12,PM10,120,40,292,153,85,459,310,88,72,96,121,518,357,82,133,169,47,265,219,176,253,175,260,107,298,274,296,338,282,273,162,103,214,171,71,143,129,270,192,94,54,166,161,190,195,116,97,120,359,133,318,143,135,94,85,112,106,113,134,97,85,171,79,51,244,328,78,29,90,246,108,238,156,203,168,129,265,104,69,101,74,199,353,325,319,255,338,323,235,365,275,219,210,147,225,130,102,80,94,145,82,110,145,157,117,41,297,203,171,211,311,176,158,162,104,24,178,97,200,154,205,236,127,205,411,355,337,244,169,308,185,146,164,228,74,77,76,38,168,292,129,280,275,327,178,174,37,301,272,201,123,199,220,116,159,92,108,385,299,127,157,216,257,191,165,215,222,162,151,251,206,175,226,329,213,,320,283,211,263,192,165,142,195,,,231,268,101,243,400,161,85,186,133,67,59,47,135,162,75,58,45,37,136,212,183,39,61,244,51,120,150,146,326,74,114,177,49,90,87,174,185,243,153,125,,221,201,236,142,196,67,174,84,117,85,140,120,134,241,153,107,118,79,127,80,119,216,270,,236,175,233,251,170,138,224,117,261,150,116,140,318,212,134,209,98,97,72,282,147,193,98,65,87,86,103,171,133,90,,84,69,180,236,265,299,267,365,226,251,247,25,,63,114,61,200,84,21,41,44,130,121,47,105,40,50,64,100,41,97,57,46,175,69,50,212,47,41,153,135,228,158,105,106,164,161,135,126,94,166,148,415,301,194,113,118,219,239,85,256,81,119,72,216,137,152,34,109,301,257,93,94,48,44,181,112,95,211,62,135,103,132,91,45
20150124,12,PM10_24h,205,283,317,282,220,386,457,72,148,294,275,383,336,122,138,133,143,178,170,133,219,174,175,161,215,227,204,225,214,229,201,137,211,182,141,194,190,241,167,187,71,174,136,147,176,103,102,164,232,131,250,150,145,87,95,109,84,77,87,92,85,99,88,49,190,308,96,38,61,240,141,171,115,198,151,147,202,90,115,116,85,180,270,295,241,221,245,243,141,240,197,202,192,99,211,99,104,71,75,109,86,76,123,131,66,36,243,121,160,205,228,87,128,142,88,105,126,151,198,119,188,201,124,219,357,214,265,210,183,260,216,169,146,189,126,70,95,58,185,228,126,199,199,229,177,153,32,220,196,148,161,174,144,163,164,80,111,254,199,140,176,124,176,133,145,152,185,97,92,133,171,171,180,240,170,157,246,157,165,213,137,217,228,189,,113,187,196,89,177,215,171,119,238,101,138,121,64,130,119,127,34,110,89,111,151,129,81,96,191,156,110,126,151,190,74,113,128,106,95,153,118,135,170,136,102,,182,177,146,112,118,60,156,101,98,93,117,109,127,193,119,132,109,108,101,101,104,192,221,176,150,153,234,175,150,146,136,134,230,174,120,129,224,254,150,269,121,108,134,229,185,175,128,81,86,103,86,151,130,100,,105,146,168,184,247,287,220,231,216,199,186,28,,74,116,67,164,131,51,61,53,74,98,27,58,41,74,79,77,33,74,40,33,136,40,23,127,26,26,203,128,168,113,185,92,71,239,157,176,123,153,123,352,214,169,72,115,116,114,56,200,145,131,109,154,114,152,42,99,217,206,80,54,22,114,126,127,55,206,206,117,87,128,85,115
20150124,12,SO2,49,30,120,89,60,175,143,79,39,45,60,149,155,66,160,133,70,151,130,37,50,60,93,33,71,56,93,105,73,50,38,30,69,37,22,35,106,71,55,25,9,53,65,82,61,12,18,44,250,36,92,46,44,28,10,13,34,21,75,22,15,49,13,3,40,41,23,11,69,102,32,49,358,32,54,51,197,90,43,43,8,160,77,137,206,146,258,76,61,88,125,113,50,34,72,31,22,7,7,19,18,9,32,24,26,10,81,198,69,177,78,189,196,86,158,62,91,48,67,41,29,43,41,103,254,91,231,54,48,57,50,29,47,20,12,4,15,1,30,84,88,92,40,47,9,56,24,89,180,125,40,93,108,66,137,7,23,174,254,47,20,88,76,58,31,70,55,50,59,67,62,82,22,110,49,59,138,62,50,47,40,36,32,49,,21,34,35,26,188,514,117,28,123,98,19,8,17,43,106,20,35,7,87,63,60,65,27,14,40,19,55,47,27,85,26,19,21,33,46,43,44,44,38,181,11,,13,46,74,21,39,16,32,9,61,19,56,14,13,127,100,68,79,32,88,47,101,328,215,80,88,44,42,57,70,80,100,61,61,46,38,17,51,31,41,95,76,14,20,152,67,45,29,9,8,16,86,43,14,13,,14,43,13,50,69,42,28,20,13,14,71,4,,38,18,59,64,41,6,7,14,33,32,5,15,21,17,12,13,9,23,2,29,11,6,10,77,24,4,59,46,119,73,42,68,175,103,28,34,102,103,38,134,295,26,29,70,15,95,47,14,12,18,14,77,35,15,24,21,44,274,55,15,97,12,13,4,3,27,135,43,27,142,72,47
20150124,12,SO2_24h,54,81,181,130,104,203,183,57,84,88,126,99,203,190,122,136,99,101,156,23,35,30,48,38,57,45,44,58,39,46,26,28,41,32,24,32,45,36,40,17,9,57,43,31,42,11,20,35,107,29,69,58,44,27,11,13,26,15,30,19,13,31,14,4,33,40,22,24,17,88,44,62,166,31,60,47,116,62,59,45,10,121,57,93,87,134,166,59,46,76,85,69,32,23,85,37,20,7,8,16,15,4,36,18,12,18,82,86,96,496,108,83,126,83,97,133,55,76,64,36,28,27,64,120,213,49,146,72,99,45,61,46,48,21,23,5,17,1,21,40,80,49,19,22,10,45,22,79,140,103,51,85,106,27,159,9,16,87,127,73,31,54,49,44,36,29,28,16,27,37,27,33,17,67,33,46,103,36,31,34,25,33,27,41,,145,37,48,24,161,265,195,57,162,157,69,20,27,98,53,16,46,38,76,52,55,61,40,26,75,76,75,56,16,36,28,15,22,47,58,49,42,39,29,88,14,,14,39,63,21,36,22,32,10,49,27,25,12,16,75,78,94,71,57,77,41,135,193,147,53,42,62,50,51,47,81,53,72,79,47,32,19,57,48,42,100,75,25,67,98,62,31,29,7,11,20,93,28,18,10,,11,66,17,27,60,46,41,40,13,12,50,4,,36,16,46,37,36,6,7,11,22,63,4,11,35,21,10,13,7,14,5,19,11,6,8,41,18,3,34,49,84,32,74,28,56,107,51,19,111,65,32,160,101,50,24,43,30,29,56,17,34,49,38,108,18,19,24,23,50,71,31,22,52,17,26,10,3,38,144,25,25,93,65,84
20150124,12,NO2,65,28,96,47,24,100,76,27,33,21,29,117,88,32,70,52,32,65,65,88,110,115,87,24,65,53,107,121,126,48,31,17,52,87,30,74,61,127,70,24,24,63,69,66,53,58,39,43,119,30,95,74,63,58,29,53,72,44,84,49,30,101,22,7,64,96,25,16,27,62,44,55,62,67,49,41,85,51,16,19,31,73,76,85,133,63,134,54,71,58,91,67,26,40,41,76,36,14,14,61,29,31,88,62,48,9,75,59,58,47,94,48,58,42,79,20,38,26,39,34,25,66,43,76,103,88,79,73,46,59,72,38,45,49,33,10,20,7,71,67,53,58,38,77,24,54,11,66,78,68,50,54,21,34,36,29,56,83,68,14,19,87,37,9,36,44,39,28,48,34,84,91,82,109,132,66,101,100,110,103,70,43,58,104,,9,97,57,24,45,87,46,18,54,46,16,16,20,28,70,25,6,7,12,32,38,28,16,28,31,17,20,17,36,42,25,30,45,19,43,21,69,36,70,79,99,,33,53,56,20,39,32,58,35,57,16,54,22,28,63,80,29,66,41,68,22,48,99,98,87,88,82,41,68,65,50,91,43,61,54,28,38,101,45,80,62,36,24,39,55,103,54,24,15,14,46,18,44,27,30,,21,44,28,59,72,81,40,61,31,38,57,11,,35,23,26,61,29,7,12,9,34,35,3,28,11,11,16,30,21,37,32,17,9,12,9,18,25,3,56,51,58,46,22,40,51,38,30,57,18,27,39,148,58,28,17,28,7,28,26,6,12,7,11,60,20,58,5,33,36,86,51,40,33,40,76,15,16,60,23,74,62,36,17,19
20150124,12,NO2_24h,102,93,109,101,79,94,108,23,63,97,81,91,108,57,68,68,45,57,93,69,95,85,73,45,62,64,79,87,101,60,40,37,47,92,60,89,85,93,71,50,28,90,60,65,49,51,49,57,89,43,99,84,78,82,33,38,61,36,45,59,33,57,29,14,67,91,29,29,34,72,57,59,49,89,51,51,70,52,45,42,36,77,80,87,85,86,90,54,56,57,70,67,66,33,69,74,33,11,20,51,24,24,94,37,30,16,69,44,60,81,74,28,57,60,83,71,40,43,47,46,29,61,47,90,104,72,84,74,66,64,77,47,44,42,49,13,26,25,62,48,52,43,25,60,29,42,16,72,73,73,63,64,21,34,59,31,53,61,51,35,46,66,46,12,42,43,43,18,29,20,67,78,83,95,100,57,83,64,74,91,59,55,65,88,,39,108,48,41,46,65,56,30,63,36,37,32,32,45,56,30,11,19,29,41,41,40,28,32,56,36,47,28,71,33,32,26,57,28,61,30,64,34,57,69,68,,28,47,44,21,39,38,51,38,55,23,55,21,33,55,60,55,61,55,55,48,59,95,93,78,71,85,43,67,64,64,63,53,66,54,42,33,67,61,67,64,34,47,69,43,81,44,44,14,19,55,24,38,29,22,,31,60,36,33,67,81,32,55,28,35,39,18,,37,24,22,48,34,9,12,9,25,24,2,22,22,12,15,27,18,33,17,17,27,13,12,31,17,3,57,73,50,37,23,30,32,27,56,39,32,28,34,162,48,61,9,22,24,16,30,9,20,20,25,60,22,66,14,38,39,27,37,30,20,49,66,20,17,68,66,72,39,49,24,43
20150124,12,O3,19,38,6,44,39,11,10,41,45,26,33,17,9,35,14,45,43,48,32,64,7,30,41,75,29,21,26,22,20,24,44,83,32,36,106,48,54,20,63,93,114,79,53,74,18,55,72,45,14,89,14,40,49,71,94,66,52,57,71,106,103,16,87,56,5,11,73,67,50,11,45,45,25,14,40,64,8,34,68,39,91,29,34,19,5,27,22,55,29,41,12,32,69,53,36,22,92,115,107,49,90,82,28,94,44,42,12,22,20,33,25,20,27,48,25,50,53,53,38,61,41,22,63,13,3,12,16,22,41,11,10,58,7,39,86,112,112,111,7,23,24,10,30,6,19,50,91,6,24,17,24,26,74,48,45,51,43,23,29,66,73,37,52,61,18,34,49,71,45,37,40,50,44,29,44,29,28,18,30,27,65,136,43,47,,32,23,15,82,5,25,34,64,26,24,66,66,53,43,11,52,47,94,44,48,48,76,65,55,48,46,56,28,49,22,49,62,72,54,45,36,35,30,23,85,54,,45,19,98,57,34,42,79,80,53,93,68,65,44,23,26,110,22,55,28,104,77,72,7,6,11,16,15,11,9,67,15,73,14,40,99,62,18,3,32,36,63,92,89,64,41,9,81,50,91,53,99,84,77,43,,99,38,38,10,16,6,21,35,17,25,33,32,,57,31,66,14,45,39,85,97,51,68,83,67,37,82,60,22,81,35,55,48,62,21,74,59,56,74,13,19,21,50,45,58,26,39,59,27,61,48,49,40,53,42,69,33,74,67,80,102,18,66,46,18,25,53,18,12,42,28,34,95,42,31,5,22,76,7,38,53,62,33,31,41
20150124,12,O3_24h,32,39,28,49,39,51,45,69,55,28,66,69,20,36,36,48,66,85,48,99,52,82,74,84,86,66,88,92,83,57,65,86,57,80,115,105,68,83,107,117,121,115,114,118,37,127,114,59,78,97,50,87,94,142,143,117,145,102,137,177,160,142,126,78,48,23,91,79,115,37,92,80,52,22,104,116,40,67,68,40,129,48,66,74,50,58,57,79,80,97,63,40,76,93,87,137,161,139,128,136,156,129,160,198,93,53,80,53,68,60,70,40,56,57,62,50,85,63,54,84,107,60,75,59,34,84,68,112,53,41,49,99,34,91,147,152,155,153,29,94,64,115,63,43,29,87,107,64,72,83,50,57,82,88,67,73,67,90,87,66,93,90,74,90,70,62,61,88,64,80,92,83,79,78,91,102,44,94,96,57,70,79,73,82,,32,121,78,135,43,79,50,78,40,39,75,70,56,72,78,56,62,94,45,52,48,86,79,74,58,49,56,36,142,54,54,72,112,62,72,61,79,60,66,111,91,,47,109,136,70,90,60,101,116,74,119,110,121,59,77,82,134,142,87,85,109,144,86,68,98,83,97,70,92,81,67,65,74,102,65,99,72,59,15,110,74,117,162,149,127,91,67,112,89,146,92,147,128,114,77,,151,40,47,102,58,38,65,41,35,38,91,58,,113,51,97,72,104,52,114,131,90,106,98,113,49,82,91,103,104,94,59,72,96,27,93,83,86,95,32,46,45,93,56,106,57,82,77,62,96,72,94,92,77,48,92,37,74,104,102,113,24,71,67,61,34,76,19,59,83,50,70,122,74,53,46,467,92,69,38,161,161,49,43,49
20150124,12,O3_8h,16,14,6,15,18,10,9,35,21,9,21,7,6,18,13,27,22,29,15,38,4,14,17,27,14,11,13,12,15,14,18,43,12,15,51,13,22,6,29,22,102,21,24,27,15,42,33,17,10,52,14,31,49,26,79,43,20,22,40,58,65,11,85,39,5,9,67,45,31,8,47,39,14,4,42,60,6,16,43,33,63,9,11,9,3,13,9,32,14,20,11,13,18,42,15,16,68,114,93,19,80,57,14,58,20,17,8,19,18,23,21,13,24,21,20,29,41,36,14,44,40,14,39,11,3,10,15,15,29,11,8,57,8,43,94,105,105,71,7,18,8,18,35,4,18,41,76,4,22,13,11,9,44,33,29,48,38,9,14,28,32,14,16,36,10,9,15,53,19,14,18,24,15,10,23,13,18,7,13,13,25,106,49,16,,21,9,12,35,3,21,25,66,25,21,42,42,41,25,9,33,40,67,39,35,28,43,56,48,21,30,16,21,48,23,29,48,50,49,34,28,28,21,7,55,55,,32,39,81,40,31,28,62,47,12,57,18,36,20,17,12,56,16,25,14,48,32,23,5,3,12,7,26,7,3,55,17,55,8,54,63,57,7,3,51,32,67,68,93,45,30,6,58,63,88,41,78,24,71,58,,63,24,23,22,7,3,23,23,19,25,30,22,,30,25,70,10,53,33,90,100,13,43,84,23,19,48,52,9,74,9,55,41,25,17,64,38,48,65,9,6,21,54,41,59,13,22,48,20,53,44,28,15,27,28,62,21,34,31,47,94,16,52,39,13,17,47,18,10,38,21,41,100,44,35,3,26,19,4,23,19,30,21,19,25
20150124,12,O3_8h_24h,20,22,18,32,19,36,31,58,35,16,57,49,13,20,24,35,53,71,31,76,37,62,56,73,69,54,62,66,60,43,47,69,42,53,97,81,48,56,81,96,110,93,86,85,28,116,97,46,67,87,34,43,74,105,126,106,112,90,118,134,139,119,116,70,37,15,86,69,80,25,69,64,41,14,77,92,27,52,61,33,113,37,55,58,39,43,46,70,66,77,50,34,61,85,63,105,150,132,120,114,139,119,111,176,86,45,62,41,48,46,49,36,48,42,50,30,74,52,30,65,57,43,60,43,27,63,52,87,35,29,36,77,29,70,121,142,144,156,15,73,41,83,55,30,22,79,96,36,54,55,37,38,75,75,49,63,54,69,52,45,79,77,56,80,57,45,47,80,59,68,68,60,57,56,64,77,35,70,78,50,60,131,59,58,,26,96,62,107,26,60,34,67,33,33,52,57,44,54,62,44,56,76,39,46,38,73,74,64,42,47,36,31,98,40,44,58,74,52,62,56,58,41,51,64,73,,40,66,109,42,70,43,75,103,47,100,83,101,40,58,64,84,104,58,65,75,90,30,49,74,59,75,54,68,63,55,55,55,68,58,63,60,44,12,85,41,85,133,110,72,64,43,88,78,118,73,139,119,100,71,,125,24,42,83,34,29,56,29,28,29,80,44,,89,43,89,52,76,46,110,125,79,93,96,93,42,73,86,80,100,75,58,59,74,23,87,78,83,84,26,33,35,77,55,99,48,69,70,44,86,60,88,62,40,45,83,32,60,99,94,108,18,55,59,50,28,64,18,41,68,41,57,111,68,39,27,300,85,48,24,126,124,41,37,38
20150124,12,CO,1.9,0.859,3.792,2.206,0.487,3.39,3.622,1.374,0.596,0.624,1.222,4.41,3.16,1.479,2.42,1.607,0.653,1.937,1.287,1.513,2.006,1.504,1.598,0.77,2.842,1.714,2.475,3.057,2.225,1.732,1.658,0.982,2.23,1.52,1.048,1.341,0.844,2.33,1.114,0.784,0.638,1.281,1.809,1.22,2.14,0.915,0.783,1.038,3.938,1.201,3.75,1.132,1.011,0.896,1.139,1.574,1.198,1.38,1.208,0.851,0.966,1.563,0.813,0.444,1.508,2.768,0.622,1.111,1.002,3.416,1.95,2.123,1.51,2.406,1.319,0.833,4.44,1.194,0.638,1.732,0.692,1.846,4.002,2.694,4.927,2.428,3.594,2.081,1.648,1.926,2.566,2.036,1.152,1.083,2.052,1.277,0.858,0.937,0.962,1.361,0.853,1.082,1.646,1.888,1.314,0.981,2.521,4.336,3.126,2.849,3.69,1.758,2.185,2.265,3.32,0.786,1.529,0.972,1.666,1.092,2.162,2.134,0.836,2.422,4.958,4,4.086,1.538,1.828,2.327,1.795,1.873,1.938,3.401,0.408,0.762,0.815,0.553,1.735,1.499,2.44,1.499,1.813,1.826,1.348,1.142,0.419,2.736,2.926,3.636,2.277,1.672,1.578,0.667,0.963,1.971,1.967,3.434,2.489,1.314,1.069,2.065,1.539,1.119,0.938,1.773,1.659,0.741,1.995,1.735,1.472,2.416,1.149,1.828,1.853,1.719,2.502,1.998,2.653,1.177,1.346,1.418,1.359,1.468,,0.316,1.26,2.795,0.787,6.514,3.709,2.108,2.022,4.327,4.665,0.727,0.369,0.319,0.96,1.869,0.729,0.313,0.447,1.567,0.954,1.597,1.611,0.931,1.18,1.234,0.321,1.006,2.244,1.215,5.062,0.691,1.111,1.202,0.445,1.105,0.639,2.295,1.662,2.299,3.148,3.457,,1.866,1.467,1.847,1.929,1.805,1.35,2.348,1.007,1.933,1.608,1.364,1.523,1.087,3.362,1.468,1.274,2.206,0.52,1.57,0.376,0.799,3.113,4.033,4.252,2.826,2.04,1.637,2.102,1.459,1.491,1.414,1.951,1.971,2.305,1.328,1.484,4.095,1.882,1.062,1.917,1.827,2.306,0.451,1.236,1.943,1.676,2.796,1.207,1.369,1.088,1.139,1.864,0.816,1.202,,0.879,2.081,0.822,1.271,1.927,1.671,1.872,3.171,1.813,2.475,1.671,0.441,,1.14,0.782,1.042,3.505,1.615,1.076,0.58,0.623,0.641,1.13,0.401,1.288,0.915,0.233,0.825,0.934,0.33,1.385,0.844,2.703,0.998,2.069,2.212,4.393,1.622,0.372,2.939,2.906,3.087,2.147,1.192,0.957,2.212,1.499,0.87,1.326,2.209,1.056,2.62,2.574,2.591,1.035,0.82,1.139,0.268,0.956,0.482,0.411,0.465,0.262,0.766,3.981,1.166,2.463,0.35,1.196,3.004,4.283,2.9,1.719,1.821,0.967,4.227,0.942,0.583,1.687,1.273,1.175,1.449,2.324,1.407,1.322
20150124,12,CO_24h,2.899,3.257,4.071,3.678,2.913,3.3,6.146,1.362,1.956,3.455,3.359,3.78,4.264,2.043,2.793,1.353,1.19,1.763,1.404,1.166,1.685,1.225,1.228,1.291,2.148,1.566,2.1,2.13,1.901,1.677,1.671,1.358,1.909,1.671,1.349,1.63,1.36,1.76,1.186,1.52,0.683,1.542,1.855,1.071,1.732,1.051,0.859,1.272,2.441,1.271,2.124,1.416,1.261,0.964,1.088,1.497,1.035,1.246,0.944,0.766,0.969,1.117,0.931,0.519,1.25,2.214,0.751,1.108,1.155,3.233,2.218,2.682,1.423,3.476,1.624,1.193,3.504,1.08,1.269,2.175,0.82,1.922,2.522,3.179,2.814,2.912,3.316,1.458,1.521,1.893,2.027,1.98,1.862,0.894,1.956,1.147,0.892,0.877,0.893,1.075,0.807,0.886,1.645,1.415,0.997,1.178,2.308,2.897,2.934,3.877,3.466,1.538,1.919,2.113,2.848,2.156,1.38,1.589,2.194,1.003,2.103,2.105,1.042,2.477,4.717,2.251,3.014,1.389,1.905,2.114,1.63,2.008,1.645,3.093,0.692,0.786,0.971,0.674,1.52,1.253,3.008,1.215,1.409,1.314,1.374,1.08,0.447,2.146,2.748,3.422,2.605,1.982,1.619,0.603,1.288,1.828,1.897,2.776,2.487,2.096,1.845,1.966,1.856,1.013,1.314,1.913,1.937,0.734,1.743,1.504,1.132,2.183,1.049,1.538,1.525,1.469,2.231,1.826,2.303,0.957,1.079,1.705,1.881,1.859,,0.687,1.545,2.401,0.905,3.867,2.434,2.129,2.296,4.675,5.046,1.082,0.863,0.416,1.349,1.715,1.056,0.535,0.747,1.998,1.036,1.473,1.6,0.89,1.025,1.685,0.855,1.369,2.275,2.052,2.047,0.868,1.108,1.048,0.964,0.884,1.182,1.82,1.425,1.684,3.39,2.736,,1.796,1.292,1.393,1.338,1.412,1.657,2.544,1.286,2.174,1.784,1.1,1.586,1.182,2.018,1.415,1.134,2.089,1.036,1.272,0.827,0.984,2.72,2.802,2.51,1.478,1.871,1.652,1.55,1.445,1.625,0.813,2.139,1.813,2.14,1.43,1.425,3.657,1.942,1.132,2.488,1.902,3.19,0.979,0.892,1.929,0.902,3.268,1.291,1.464,0.811,1.164,2.042,0.843,1.199,,1.093,2.484,0.778,1.001,1.786,1.642,1.281,1.81,1.773,2.036,1.26,0.577,,1.091,0.86,0.973,3.207,1.494,1.106,0.684,0.666,0.565,1.181,0.311,1.179,0.783,0.446,0.878,0.834,0.323,1.255,0.479,1.789,1.518,1.975,2.123,4.15,1.362,0.353,2.321,3.474,2.558,1.724,1.386,0.94,1.889,0.812,1.372,0.579,2.678,1.24,1.296,3.999,3.816,1.994,0.7,0.846,0.873,0.599,0.416,0.895,1.088,0.531,1.142,3.334,1.375,2.466,0.386,1.293,2.896,1.922,1.827,1.314,1.312,1.741,2.521,0.941,0.601,1.49,2.884,1.165,1.42,2.718,1.421,2.307
20150124,13,AQI,135,44,227,85,62,346,188,69,55,61,90,421,292,87,91,171,48,258,158,191,220,222,242,108,238,216,271,317,252,257,139,108,178,139,63,106,122,261,141,74,55,160,131,164,195,81,81,91,271,124,332,110,117,78,67,82,88,67,114,86,72,165,66,48,223,244,71,26,69,147,77,167,99,108,113,105,188,82,92,85,60,170,266,310,314,249,275,272,193,251,237,160,182,137,242,111,75,62,71,119,70,77,124,143,94,25,287,168,172,182,199,125,130,136,81,30,192,85,148,177,177,205,81,195,367,370,298,215,156,270,149,108,165,193,66,59,64,39,158,268,60,285,285,247,160,135,40,231,218,136,94,182,121,82,96,69,131,367,221,115,141,184,227,175,142,189,181,115,124,171,202,161,202,275,202,280,272,262,222,266,198,122,100,181,,43,206,265,113,242,368,122,76,143,98,57,38,46,85,102,67,57,42,37,144,175,178,42,63,186,53,65,78,117,350,72,97,161,47,99,51,206,138,254,184,119,,196,179,259,126,228,81,153,59,74,71,79,96,104,198,111,72,104,69,113,65,93,399,225,364,247,185,168,267,179,105,160,99,234,115,99,111,251,236,95,100,92,78,69,186,111,196,92,53,66,62,64,90,94,71,,76,63,138,223,242,257,229,321,165,227,170,20,,35,121,59,156,97,23,45,50,89,84,43,68,16,48,54,81,39,69,244,33,73,53,33,277,58,33,215,96,233,163,85,120,119,115,76,123,68,97,111,186,196,138,91,104,171,71,54,148,66,58,61,117,91,131,50,76,198,262,110,71,42,55,227,87,48,258,54,98,68,132,44,59
20150124,13,PM2.5,102,18,176,43,26,295,141,24,21,32,26,331,241,64,52,129,31,207,120,143,169,171,191,80,187,165,220,266,201,206,106,80,134,106,44,79,92,210,107,53,31,121,99,124,146,59,59,56,220,93,281,81,88,57,46,60,65,47,85,63,42,125,38,21,172,193,51,11,36,112,37,126,60,80,84,78,141,60,68,62,42,128,215,259,263,198,224,221,145,200,186,121,137,104,191,83,54,35,51,89,50,56,93,109,70,13,236,127,130,137,149,94,98,103,59,18,144,62,113,133,133,154,41,146,316,319,247,164,118,219,114,80,125,145,44,40,39,19,120,217,24,234,234,196,121,102,12,180,167,103,70,137,62,28,49,49,99,316,170,86,107,138,176,132,108,142,136,86,93,129,151,122,151,224,151,229,221,211,171,215,148,92,75,136,,30,155,214,84,191,312,92,55,109,73,35,26,25,62,74,38,36,29,16,110,132,134,24,44,140,36,34,36,88,299,52,72,122,28,74,27,155,105,203,138,89,,147,135,208,95,177,59,116,38,53,48,51,71,77,148,83,38,77,49,84,41,69,348,174,313,196,139,127,216,135,78,121,74,183,86,74,83,200,185,68,60,68,37,49,140,83,147,68,27,36,37,35,64,70,51,,55,33,105,172,191,206,178,270,125,176,128,14,,18,91,41,118,72,15,28,20,66,55,12,41,8,27,37,56,27,24,193,16,46,19,10,226,39,4,164,45,182,123,38,90,71,86,45,87,26,72,83,140,147,105,36,71,60,49,25,51,30,23,25,88,67,99,35,48,148,211,82,51,29,38,176,44,33,207,27,73,47,100,16,41
20150124,13,PM2.5_24h,157,177,200,189,122,259,323,27,77,212,164,252,233,73,57,102,107,152,130,118,155,144,136,120,153,137,156,185,161,178,139,104,137,137,104,133,143,193,129,131,50,134,95,107,136,76,72,80,134,97,187,96,102,59,49,60,53,51,67,61,40,63,54,24,128,190,74,16,32,118,66,103,57,134,95,91,106,38,85,81,63,148,198,226,176,170,149,182,112,160,122,131,141,74,162,56,69,37,46,63,57,49,84,95,44,17,169,62,110,157,112,35,87,86,71,62,103,117,146,101,134,164,52,143,258,180,165,139,138,182,134,82,108,122,71,41,63,30,128,169,56,158,163,140,128,111,12,140,141,88,104,119,45,30,56,43,89,200,130,97,147,104,148,103,113,116,125,71,78,93,132,117,141,175,129,185,185,142,138,158,108,137,123,123,,91,114,137,71,114,146,98,74,142,65,58,78,40,69,51,96,19,37,32,94,106,101,45,69,133,116,91,42,107,144,38,75,111,73,59,107,101,90,150,99,70,,121,134,146,77,113,46,134,75,56,69,62,77,76,122,65,87,68,66,65,60,69,142,140,140,106,103,119,138,101,82,94,86,151,98,82,79,154,184,84,154,76,51,96,121,105,111,79,48,47,60,56,97,67,71,,79,73,106,134,190,206,137,176,121,129,109,16,,38,91,44,84,98,52,43,35,45,54,13,31,17,49,59,39,28,22,34,15,75,16,14,74,21,8,169,65,119,82,62,72,47,79,95,60,74,88,89,218,132,130,27,58,53,46,33,52,71,60,62,121,58,99,32,41,111,61,65,37,15,81,102,52,27,162,108,72,79,88,47,83
20150124,13,PM10,126,43,268,118,71,443,260,86,58,69,128,520,345,107,129,165,47,265,170,168,258,185,256,103,284,273,299,342,290,262,168,123,217,150,63,109,134,235,158,66,44,148,137,174,169,86,94,130,381,143,293,167,121,89,81,95,108,81,107,103,91,177,80,47,253,315,74,25,86,223,101,196,145,119,152,126,282,108,87,106,65,149,292,327,386,249,303,305,193,308,311,205,210,147,238,134,89,71,85,142,82,101,117,174,99,24,302,238,173,175,298,166,140,158,110,29,176,80,158,156,179,177,110,200,413,381,372,235,149,312,194,148,164,225,79,66,76,34,178,311,67,305,302,344,164,148,29,297,253,206,103,190,189,112,139,76,124,418,266,112,125,159,202,189,157,202,207,129,125,158,212,169,199,314,220,,309,255,216,286,193,184,141,211,,,221,271,94,278,473,156,84,206,115,62,31,45,116,151,81,61,40,36,143,209,165,41,71,202,47,78,104,156,247,85,105,150,46,110,50,167,184,219,166,126,,219,179,225,135,208,71,142,65,95,89,105,127,132,250,150,91,125,78,133,78,110,206,258,350,244,190,224,254,189,137,256,118,267,163,116,153,314,216,138,147,101,103,65,284,135,228,96,53,79,72,75,127,135,86,,79,73,165,242,255,285,311,416,222,258,228,16,,34,120,64,215,90,22,39,42,112,115,38,84,15,47,55,110,29,85,,32,93,54,17,312,63,27,196,140,264,167,117,115,186,161,100,194,83,135,137,269,265,153,129,155,290,90,55,244,79,63,70,153,115,164,44,99,250,278,100,,35,41,252,121,45,229,56,122,84,140,43,43
20150124,13,PM10_24h,199,275,317,278,212,393,452,70,142,287,273,396,338,120,137,135,141,185,168,133,223,175,179,160,221,230,208,231,220,232,200,135,213,180,137,190,202,240,167,183,68,175,135,145,177,103,102,163,240,132,247,151,145,87,94,106,85,78,89,91,85,102,87,48,190,303,95,38,61,240,138,171,115,197,151,147,204,91,114,115,85,181,274,300,249,223,251,247,145,245,202,204,195,101,214,99,104,71,75,111,86,79,123,134,68,32,247,126,159,204,232,88,130,143,89,98,131,147,193,121,188,202,125,218,364,222,269,212,181,265,215,169,148,192,121,69,93,57,185,239,120,199,202,234,177,152,31,234,200,151,161,174,148,159,162,80,109,266,204,140,177,127,180,134,148,153,187,99,94,135,173,170,180,244,171,157,251,160,167,217,140,215,226,190,,115,192,202,88,179,224,168,116,236,102,129,117,64,127,121,123,35,110,80,112,156,130,71,93,192,152,109,125,153,190,72,108,125,104,98,148,121,139,172,133,103,,184,179,147,113,120,61,157,100,96,93,117,108,129,196,119,131,108,107,103,101,105,194,225,184,155,156,234,179,152,146,141,132,233,174,120,130,227,255,149,261,120,108,129,230,183,176,126,79,85,94,84,149,129,99,,103,143,167,184,248,286,221,240,216,203,186,28,,73,117,66,168,126,38,59,53,76,98,28,59,40,73,77,79,33,72,40,30,135,40,21,137,27,25,203,129,172,115,180,93,69,241,154,179,122,155,124,343,217,164,75,113,122,115,55,207,140,126,108,154,114,151,43,101,212,206,81,53,23,108,132,127,54,207,199,118,88,129,75,113
20150124,13,SO2,49,29,119,76,36,165,101,88,32,28,43,135,213,59,131,127,64,118,112,34,58,58,81,29,74,56,97,104,62,67,41,28,55,37,18,30,82,70,45,17,8,42,53,68,67,9,19,34,274,31,102,47,48,29,9,13,30,13,49,21,14,58,12,4,41,45,20,9,14,105,29,45,230,40,52,48,217,115,41,45,8,129,63,160,249,157,228,69,47,82,111,111,19,39,68,41,21,7,6,19,16,13,32,23,25,5,95,100,67,143,57,175,188,79,132,43,97,39,66,35,45,41,39,103,221,100,185,59,44,60,43,36,47,22,12,4,13,1,24,73,92,88,28,64,8,46,20,114,146,118,43,93,66,154,127,6,38,103,235,40,18,87,64,65,26,61,46,40,50,51,49,54,21,98,42,56,105,75,49,49,41,36,28,64,,19,33,38,20,100,285,114,27,118,94,12,9,16,68,90,12,21,6,96,68,53,60,19,19,37,14,41,57,29,44,28,27,18,30,46,43,46,41,37,111,17,,13,48,76,22,35,31,41,8,56,18,27,14,11,143,82,46,55,29,72,15,77,161,183,88,86,44,39,60,91,75,89,81,57,63,31,16,61,26,35,49,77,14,18,140,66,43,25,5,8,23,30,27,18,16,,7,47,13,38,70,37,39,25,12,13,59,4,,34,19,59,53,103,6,6,12,14,30,4,11,15,14,10,14,8,32,2,25,14,5,7,55,15,3,68,47,123,49,56,25,126,114,26,22,58,54,36,74,67,14,28,49,15,14,26,24,10,14,11,49,55,27,22,23,39,89,46,12,114,17,12,6,3,26,129,30,20,196,70,42
20150124,13,SO2_24h,54,79,177,129,100,205,180,58,78,84,125,102,203,179,119,134,99,103,155,23,36,31,49,38,58,44,46,59,39,46,26,28,41,31,23,31,54,35,40,16,9,56,44,32,44,10,20,35,116,29,67,58,44,27,11,13,26,15,31,19,13,31,14,4,32,40,22,23,17,89,41,57,167,31,59,48,119,64,58,44,10,122,56,98,96,135,171,58,47,78,86,71,31,23,83,35,20,7,8,16,15,4,35,18,12,17,83,87,94,491,106,88,127,82,99,127,57,74,63,36,29,28,67,119,213,51,147,73,95,46,58,45,47,21,21,5,17,1,21,38,76,47,19,24,9,45,22,79,142,103,50,84,105,30,157,8,17,89,134,73,31,55,49,44,36,30,28,16,28,38,28,34,17,69,33,47,101,37,31,33,25,33,27,42,,143,38,47,24,157,271,183,53,157,152,56,19,27,95,54,16,46,37,66,50,53,59,33,25,71,69,73,56,16,36,28,15,22,46,58,49,42,40,29,80,14,,15,39,62,21,35,23,32,10,47,27,25,12,16,77,77,93,68,56,75,37,135,189,149,55,44,62,48,52,49,81,54,71,78,47,32,19,57,47,42,98,75,25,89,99,60,30,29,7,11,20,92,28,18,11,,11,65,17,28,60,39,40,39,13,12,50,4,,35,16,46,37,39,6,7,11,21,62,4,11,35,21,10,13,7,15,5,17,11,6,8,42,19,3,34,48,85,33,73,28,60,111,50,19,110,66,32,155,94,44,24,43,28,28,56,18,31,45,36,106,20,18,24,24,49,72,31,21,55,18,25,10,3,37,145,26,25,97,72,82
20150124,13,NO2,62,25,109,37,22,101,60,36,28,15,25,125,96,38,71,52,31,62,62,76,111,104,83,21,61,52,110,126,119,57,28,17,46,83,25,65,62,125,55,16,24,57,56,58,49,38,41,42,137,24,94,74,60,52,22,53,72,35,69,40,26,103,19,7,63,112,25,12,27,54,37,47,46,65,45,38,93,49,17,20,27,65,54,91,128,56,110,57,61,55,96,72,32,40,37,77,31,12,11,63,26,28,72,62,38,4,78,53,58,56,84,50,56,35,69,20,43,20,36,31,29,58,32,76,103,93,94,76,46,60,70,34,42,49,37,10,21,8,73,64,40,53,39,82,24,35,9,79,64,54,46,44,11,43,38,23,50,57,74,12,16,81,26,8,33,30,36,20,31,22,70,81,86,108,117,68,93,116,107,121,70,36,56,127,,10,104,60,14,43,79,48,19,60,45,12,14,16,29,65,15,2,7,11,35,32,26,15,29,27,15,11,19,44,35,22,40,45,18,41,22,72,31,59,76,89,,32,52,52,13,38,34,49,28,51,13,36,22,14,66,65,20,62,35,66,19,42,95,102,94,92,89,42,72,68,54,83,55,60,65,29,33,103,45,73,35,35,23,30,43,90,59,21,11,12,39,9,29,28,27,,14,34,23,61,75,80,40,59,27,51,49,11,,20,19,21,66,34,7,9,9,8,21,2,22,8,4,12,31,19,31,9,14,2,7,6,3,14,2,61,32,61,32,21,34,42,35,35,41,14,15,30,115,31,19,13,25,8,8,17,10,11,5,9,38,12,56,4,31,25,32,45,17,27,28,79,16,9,60,21,58,55,40,15,17
20150124,13,NO2_24h,101,92,109,99,77,96,107,24,62,93,80,94,108,55,69,68,45,58,92,70,97,86,75,45,63,65,81,90,102,60,40,36,47,92,60,89,82,94,71,50,27,90,61,65,50,51,50,57,93,42,97,85,78,82,33,39,62,37,47,58,33,59,28,14,66,91,29,29,34,72,55,58,50,89,51,52,72,53,44,41,37,78,80,89,88,86,92,57,57,58,72,68,66,34,69,75,33,11,20,52,24,25,93,39,31,15,71,45,60,80,75,30,58,60,83,67,41,42,46,46,30,62,46,91,104,74,85,76,65,65,76,48,45,43,47,13,26,25,62,48,51,43,26,61,29,41,16,72,73,73,63,63,21,34,59,31,54,62,54,34,45,68,47,12,42,43,43,19,29,20,67,78,84,97,101,58,84,66,76,93,60,55,66,91,,38,109,50,41,46,66,55,29,62,36,35,31,32,44,57,30,10,19,24,41,40,40,25,31,55,35,46,28,72,34,32,26,56,28,61,30,65,35,57,69,69,,29,48,44,21,40,38,52,38,54,23,54,21,33,56,61,54,61,55,55,47,59,97,95,80,73,87,42,68,65,63,63,53,66,54,41,33,69,60,68,62,35,46,63,43,81,44,44,14,19,54,23,38,30,22,,31,60,35,33,67,83,31,55,28,36,38,19,,36,24,22,49,33,9,12,9,25,25,2,22,21,12,15,27,18,33,17,16,27,13,12,31,17,3,57,71,50,38,22,30,33,29,55,39,31,28,34,158,47,59,10,22,23,16,30,10,19,19,25,60,22,65,14,38,38,27,37,29,20,48,68,20,17,68,64,73,41,49,23,42
20150124,13,O3,28,43,6,53,42,10,15,38,54,32,38,13,9,28,15,52,45,68,44,81,11,51,52,85,45,31,35,30,23,28,60,103,46,54,113,66,69,32,92,102,118,104,81,95,23,87,76,55,12,99,13,45,58,90,102,65,61,60,88,139,111,27,93,59,6,12,76,72,56,19,59,69,37,19,45,65,10,43,78,43,104,35,53,23,5,37,30,65,43,57,11,30,69,57,45,24,101,114,111,59,96,88,53,108,61,50,13,30,20,29,27,21,33,58,34,53,59,56,46,69,39,31,77,16,3,12,17,19,41,11,9,66,8,40,86,113,112,109,6,34,44,21,37,7,21,74,98,10,40,29,30,36,76,56,48,61,52,44,31,72,81,52,71,83,19,59,55,81,68,62,65,66,58,39,67,38,37,27,42,31,66,76,51,66,,32,28,15,114,4,30,36,60,26,25,76,71,58,57,12,64,58,95,46,56,68,87,69,57,59,48,66,36,43,32,56,61,79,57,59,39,32,36,37,95,68,,54,21,107,22,34,43,72,91,75,107,88,73,70,29,28,125,43,69,32,116,97,14,7,4,14,16,18,14,9,67,17,69,14,37,104,69,23,2,39,62,66,98,91,71,50,11,91,56,94,59,109,103,75,45,,116,54,48,15,27,19,21,35,21,13,52,40,,84,32,77,22,45,41,88,101,75,82,86,91,38,91,74,54,91,56,58,50,73,23,83,95,66,78,14,35,19,63,48,64,52,53,62,46,66,62,59,67,87,71,87,39,79,96,96,106,22,74,52,37,31,62,13,22,57,26,36,111,50,40,9,34,88,8,39,89,64,38,32,44
20150124,13,O3_24h,38,44,28,53,43,51,45,69,59,34,66,69,20,36,36,53,67,86,52,101,50,82,74,85,86,66,88,92,83,57,65,103,57,81,117,105,76,83,107,117,123,117,114,118,36,127,114,60,78,103,50,88,94,142,142,117,145,102,137,172,160,142,126,76,48,23,91,79,115,38,92,80,52,25,104,116,40,67,78,43,129,48,66,74,50,58,57,82,80,97,63,40,77,93,87,137,161,139,127,136,156,129,160,198,93,53,80,53,68,60,70,40,56,61,62,53,84,64,55,87,107,60,80,59,34,84,68,112,53,41,49,99,34,91,147,152,155,153,24,103,64,115,63,43,29,87,107,64,72,83,50,57,82,88,67,73,67,90,71,72,93,90,73,90,66,62,62,87,68,80,92,83,79,78,91,102,46,94,96,57,70,79,73,82,,32,121,78,135,43,79,50,78,40,39,78,72,58,72,78,64,62,95,47,58,68,90,79,74,60,50,66,36,142,53,58,77,114,62,78,60,78,60,66,123,91,,56,109,136,70,90,60,101,116,79,119,110,121,70,77,82,140,142,92,85,116,104,86,68,98,83,97,70,92,81,69,65,75,102,65,104,73,60,15,110,78,117,140,149,116,91,67,112,89,146,92,147,128,114,77,,151,54,48,102,58,38,65,44,35,38,91,58,,113,51,97,72,104,52,114,131,90,106,98,113,49,91,91,103,104,94,59,72,96,27,93,95,86,95,32,46,45,93,56,106,57,82,77,63,96,72,94,92,87,71,92,39,79,104,102,113,25,75,67,61,34,76,19,59,83,50,70,122,74,53,46,467,92,69,39,161,161,49,42,50
20150124,13,O3_8h,17,19,6,20,23,10,10,33,26,12,24,8,7,20,13,30,27,34,19,42,5,19,22,35,19,14,16,15,16,16,24,52,17,20,60,21,26,10,37,34,104,34,32,38,16,45,40,24,10,58,13,33,50,36,81,46,25,27,45,69,71,13,86,41,5,9,66,50,33,10,46,41,16,6,41,60,7,20,49,34,68,13,17,11,4,16,12,35,16,25,11,16,27,41,20,17,70,113,95,26,80,62,18,67,25,21,9,20,19,24,22,14,24,27,21,32,42,38,18,48,40,17,46,11,3,11,14,16,31,11,8,62,7,41,92,105,105,76,7,20,13,17,35,4,18,42,79,5,23,15,14,13,47,36,31,49,38,14,16,36,38,20,23,44,10,16,21,55,25,19,24,29,21,14,28,17,21,11,17,16,31,113,49,24,,23,12,10,54,3,23,28,66,26,21,45,45,43,29,10,36,42,72,39,37,33,49,58,49,26,32,24,22,45,23,33,49,54,50,36,29,30,23,11,61,57,,35,41,83,40,31,30,61,54,21,64,28,39,28,18,14,67,20,33,16,58,42,22,6,3,12,8,24,8,4,58,16,57,9,50,69,59,9,2,47,35,66,76,86,48,33,7,66,61,87,43,85,34,72,55,,68,30,26,20,10,4,22,26,19,23,32,24,,37,26,70,11,51,34,89,98,22,48,84,33,20,52,53,14,75,16,55,41,33,17,65,45,49,65,10,10,20,53,42,59,14,26,50,22,53,43,31,24,33,31,64,23,40,40,49,94,17,54,41,17,20,50,17,12,40,22,41,102,41,36,4,27,29,4,25,29,33,23,18,29
20150124,13,O3_8h_24h,21,23,18,32,23,36,31,58,35,16,57,49,13,21,24,35,53,71,32,76,37,62,56,73,69,54,62,66,60,43,47,69,42,53,97,81,53,56,81,96,112,93,86,85,28,116,97,46,67,87,34,44,74,105,126,106,112,90,118,134,139,119,116,70,37,15,86,69,80,25,69,64,41,14,77,92,27,52,61,34,113,37,55,58,39,43,46,71,66,77,50,34,61,85,63,105,150,132,120,114,139,119,111,176,86,45,62,41,48,46,49,36,48,42,50,33,74,52,30,64,57,43,58,43,27,63,52,87,35,29,36,80,29,70,121,142,144,155,15,80,41,83,55,30,22,79,96,36,54,55,37,38,75,75,49,63,54,69,52,46,79,77,56,80,57,45,47,80,59,68,68,60,57,56,64,77,36,70,78,50,60,131,59,58,,26,96,62,107,26,60,34,67,33,33,53,57,44,54,62,44,56,76,40,46,38,73,74,64,42,47,36,31,98,40,44,58,74,53,62,56,58,41,51,65,71,,40,66,109,42,70,43,75,103,47,100,83,101,42,58,64,84,104,61,65,75,90,30,49,74,59,75,54,68,63,58,55,57,68,58,69,61,44,11,85,41,85,133,114,72,64,43,88,78,118,73,139,119,100,71,,125,30,42,83,34,26,56,30,28,30,80,44,,89,43,89,52,76,46,110,125,79,93,96,93,42,73,86,80,100,75,58,59,74,23,87,78,83,84,26,33,35,77,55,99,48,69,70,44,86,60,88,62,40,45,83,32,60,99,94,108,18,55,59,50,28,64,18,41,68,41,57,111,68,39,27,300,85,48,25,126,124,41,37,39
20150124,13,CO,1.967,0.83,3.764,1.672,0.396,3.256,2.927,1.512,0.515,0.431,1.237,4.286,3.352,1.656,2.22,1.596,0.627,1.804,1.074,1.355,2.049,1.376,1.578,0.731,2.623,1.667,2.438,2.953,2.108,2.142,1.601,1.03,1.667,1.343,0.988,1.077,0.965,2.27,0.986,0.583,0.579,1.264,1.702,1.123,1.768,0.804,0.715,0.898,4.515,1.138,3.951,1.13,0.984,0.902,1.125,1.611,1.141,1.291,1.087,0.834,0.97,1.539,0.809,0.468,1.476,2.47,0.6,1.08,0.897,3.119,1.672,1.999,1.1,2.211,1.331,0.84,5.099,1.228,0.802,1.782,0.573,1.621,3.193,2.737,6.044,2.369,2.914,1.885,1.421,2.166,2.618,2.251,1.215,1.042,1.996,1.215,0.78,0.923,0.905,1.341,0.812,1.163,1.48,2.182,1.246,0.722,2.554,2.008,3.219,3.108,3.115,1.57,2.04,2.248,2.771,0.799,1.507,0.846,1.502,1.02,2.492,1.886,0.739,2.731,4.825,3.799,4.602,1.599,1.845,2.181,1.777,1.828,1.849,3.358,0.463,0.73,0.844,0.524,1.344,1.399,1.821,1.463,1.862,1.823,1.433,0.985,0.401,2.524,2.745,3.041,2.225,1.56,1.444,1.782,1.015,1.898,1.9,2.655,2.332,1.175,1.051,1.491,1.405,1.122,0.896,1.375,1.603,0.654,1.749,1.241,1.326,2.296,1.1,1.803,1.685,1.723,1.915,2.126,2.684,1.255,1.314,1.332,1.327,1.827,,0.32,1.314,2.899,0.785,6.759,2.362,2.109,2.042,4.529,4.658,0.606,0.316,0.563,0.922,1.95,0.476,0.207,0.458,1.345,0.999,1.257,1.479,1.025,1.215,1.127,0.458,0.88,2.62,1.316,1.934,0.668,1.12,1.135,0.424,1.036,0.769,2.214,1.643,2.077,3.112,3.178,,1.869,1.469,1.664,1.898,1.838,1.315,2.254,0.863,1.63,1.527,0.995,1.479,0.916,3.297,1.58,1.406,1.835,0.459,1.33,0.356,0.779,4.306,3.639,4.448,3.073,2.069,1.616,2.064,1.392,1.42,1.316,2.059,2,1.992,1.342,1.394,3.963,1.576,1.001,1.52,1.786,1.536,0.465,1.078,1.623,1.48,2.736,1.178,1.378,0.88,0.886,1.701,0.903,1.195,,0.862,2.158,0.805,1.295,1.818,1.448,1.726,3.113,1.778,2.428,1.437,0.438,,0.809,0.844,1.058,3.466,1.684,1.103,0.563,0.655,0.445,1.099,0.371,1.16,0.888,0.24,0.752,0.886,0.324,1.208,0.562,2.908,0.664,1.949,2.111,5.409,1.43,0.345,2.991,2.588,3.118,1.971,1.125,0.814,1.804,0.925,0.988,0.825,2.2,0.539,1.444,1.659,2.263,0.498,0.766,1.031,0.385,0.513,0.287,0.492,0.545,0.237,0.717,2.367,0.853,2.586,0.267,1.132,1.528,2.278,2.692,0.451,1.583,0.852,4.015,0.937,0.494,1.714,1.337,1.021,1.3,2.408,1.122,1.308
20150124,13,CO_24h,2.86,3.201,4.071,3.667,2.768,3.346,6.089,1.366,1.852,3.352,3.347,3.878,4.216,1.99,2.787,1.353,1.177,1.786,1.408,1.173,1.719,1.227,1.232,1.288,2.19,1.578,2.124,2.166,1.912,1.697,1.666,1.34,1.909,1.658,1.331,1.601,1.471,1.778,1.169,1.489,0.672,1.548,1.848,1.084,1.746,1.041,0.861,1.261,2.56,1.274,2.166,1.402,1.256,0.966,1.092,1.504,1.044,1.254,0.962,0.763,0.972,1.134,0.922,0.516,1.247,2.176,0.743,1.324,1.146,3.247,2.133,2.62,1.408,3.469,1.616,1.191,3.602,1.102,1.258,2.127,0.818,1.936,2.562,3.219,2.986,2.921,3.339,1.511,1.534,1.943,2.051,2.018,1.864,0.902,1.973,1.146,0.895,0.882,0.898,1.087,0.809,0.911,1.655,1.46,1.017,1.115,2.341,2.898,2.981,3.865,3.512,1.55,1.934,2.117,2.868,2.067,1.409,1.562,2.176,1.003,2.132,2.107,0.986,2.502,4.799,2.346,3.076,1.414,1.897,2.14,1.639,2.014,1.664,3.13,0.667,0.78,0.963,0.667,1.517,1.185,2.906,1.224,1.414,1.344,1.377,1.079,0.444,2.166,2.773,3.455,2.6,1.961,1.609,0.631,1.271,1.839,1.894,2.836,2.398,2.08,1.832,1.986,1.872,1.023,1.249,1.889,1.945,0.738,1.753,1.499,1.134,2.189,1.049,1.547,1.526,1.485,2.169,1.828,2.319,0.971,1.08,1.687,1.873,1.865,,0.68,1.574,2.435,0.9,3.972,2.491,2.08,2.279,4.716,5.052,1.017,0.817,0.413,1.337,1.725,1.037,0.522,0.746,1.678,1.026,1.474,1.59,0.791,1.018,1.663,0.834,1.359,2.309,2.046,2.088,0.842,1.097,1.046,0.943,0.907,1.168,1.85,1.439,1.71,3.28,2.766,,1.812,1.308,1.407,1.359,1.437,1.676,2.546,1.279,2.082,1.786,1.09,1.583,1.187,2.072,1.439,1.132,2.081,1.025,1.276,0.818,0.974,2.834,2.894,2.631,1.56,1.891,1.65,1.582,1.449,1.61,0.838,2.117,1.821,2.115,1.427,1.427,3.647,1.932,1.127,2.446,1.903,2.993,0.917,0.907,1.889,0.921,3.289,1.28,1.46,0.794,1.149,2.031,0.847,1.194,,1.079,2.48,0.778,1.004,1.787,1.644,1.291,1.869,1.781,2.057,1.251,0.577,,1.074,0.863,0.979,3.23,1.497,1.104,0.669,0.665,0.568,1.185,0.315,1.178,0.793,0.438,0.873,0.843,0.322,1.256,0.494,1.817,1.511,1.98,2.119,4.243,1.375,0.354,2.351,3.442,2.579,1.729,1.352,0.937,1.902,0.834,1.351,0.595,2.658,1.205,1.327,3.951,3.824,1.843,0.704,0.844,0.826,0.591,0.417,0.896,1.028,0.507,1.13,3.331,1.367,2.465,0.383,1.304,2.817,1.94,1.871,1.267,1.358,1.602,2.625,0.946,0.603,1.503,2.791,1.176,1.421,2.716,1.271,2.274
20150124,14,AQI,139,65,231,72,58,330,121,84,45,60,85,408,318,106,89,163,51,246,150,168,221,203,238,91,222,222,258,308,263,259,133,104,150,135,56,91,136,243,128,67,56,149,110,139,156,75,81,89,313,121,326,115,108,91,66,82,87,64,120,82,69,150,76,53,222,218,66,27,58,141,66,149,74,114,111,105,202,88,120,83,45,181,236,302,333,251,269,269,186,243,209,171,181,137,237,113,72,62,64,111,66,79,128,136,86,20,327,165,171,147,178,104,153,139,108,35,198,74,138,149,182,179,88,212,369,352,305,227,184,271,157,109,156,206,67,58,62,42,157,275,48,288,283,253,171,111,42,216,216,147,93,175,100,116,98,67,121,327,227,109,141,130,196,160,124,157,175,110,130,127,175,146,191,267,177,286,250,276,221,266,198,110,78,149,,54,221,284,91,278,255,128,78,181,80,52,34,40,75,106,54,49,39,38,146,200,160,35,61,160,50,63,64,120,226,74,111,157,43,88,50,198,127,235,161,93,,203,191,231,116,220,82,147,55,74,69,64,81,100,199,110,52,96,63,113,63,87,421,240,329,266,203,168,265,184,106,184,105,233,122,94,111,237,231,97,76,93,71,64,184,106,200,93,53,62,59,55,78,94,66,,71,62,130,226,236,248,239,319,171,210,154,25,,30,124,56,157,96,63,44,50,73,77,43,59,14,46,46,72,39,61,38,36,41,38,34,59,27,40,217,93,239,198,87,109,104,85,70,107,62,75,100,128,115,126,92,98,140,45,55,137,52,52,57,119,80,132,63,108,128,200,136,53,54,78,215,91,43,273,55,81,63,147,37,58
20150124,14,PM2.5,106,16,180,39,27,261,91,31,18,24,26,332,267,79,49,123,33,195,115,127,170,152,187,67,171,171,207,257,212,208,101,77,115,102,39,67,103,192,97,48,26,114,82,106,118,54,59,57,248,91,275,86,80,67,44,57,64,45,90,60,40,115,34,25,171,167,47,10,27,107,32,114,48,85,83,78,151,65,90,61,30,136,185,251,282,200,218,218,140,192,158,129,136,104,186,84,52,32,45,83,47,56,97,103,63,12,276,125,129,112,134,77,116,106,80,23,148,53,105,114,137,135,41,161,318,301,254,176,138,220,119,81,118,155,45,37,41,16,119,224,17,237,232,202,129,83,15,165,165,112,69,132,34,59,47,48,91,276,176,81,107,98,147,121,93,119,132,82,98,96,132,111,143,216,133,235,199,225,170,215,148,75,54,114,,37,170,233,67,227,177,97,57,118,58,22,23,26,54,79,31,29,22,15,111,150,121,17,39,121,35,35,28,83,175,53,83,119,26,65,29,148,96,184,122,69,,152,143,180,87,169,60,112,35,53,49,37,59,75,149,82,17,71,43,84,36,64,380,189,278,215,152,127,214,138,79,138,78,182,74,70,83,186,180,64,48,69,36,45,138,79,150,69,26,31,35,32,57,70,47,,51,33,98,175,185,197,188,268,129,159,117,17,,11,93,33,119,71,22,29,20,48,52,10,36,6,19,27,42,23,21,5,15,17,9,9,39,12,3,166,44,188,148,39,81,44,61,46,61,21,50,75,97,86,95,27,67,51,27,36,51,24,19,23,89,58,100,44,33,97,150,103,28,25,57,164,45,30,222,32,59,44,112,13,40
20150124,14,PM2.5_24h,153,171,202,183,118,263,318,26,72,204,162,259,237,73,55,103,104,156,131,117,158,144,138,119,157,141,158,188,164,180,139,100,138,135,102,130,141,192,128,128,48,135,95,108,137,75,72,79,141,98,192,96,102,59,49,61,53,51,69,61,41,66,52,24,129,186,73,16,30,118,62,103,57,134,95,91,107,40,86,79,61,149,200,231,181,173,154,182,115,164,124,131,144,76,166,58,69,36,47,64,57,51,84,96,45,17,175,65,110,155,114,36,89,88,71,59,108,114,143,102,139,165,54,144,264,189,169,142,138,187,134,82,109,125,69,40,62,28,128,170,55,161,165,144,128,110,12,141,144,90,104,120,45,31,55,44,88,208,133,97,147,106,151,105,114,117,126,72,80,94,132,117,141,177,129,189,185,145,139,161,110,134,121,122,,89,118,144,71,118,151,95,72,139,65,54,75,39,68,51,94,19,38,27,95,110,101,38,64,134,112,90,42,108,148,38,73,110,71,60,102,105,91,154,96,71,,123,135,149,78,110,47,135,73,56,69,62,75,77,125,66,85,66,65,67,59,69,154,143,149,112,106,119,143,105,82,96,85,154,97,82,80,157,186,83,148,76,50,92,122,103,112,78,46,46,59,55,95,66,68,,78,71,106,135,191,206,138,180,121,131,108,16,,37,91,43,85,97,42,42,34,44,55,13,31,16,48,59,39,28,21,33,14,75,15,13,75,19,8,169,65,122,86,60,73,48,79,93,61,72,87,90,217,132,129,28,57,52,45,33,53,66,57,61,119,58,99,32,41,106,64,66,36,15,78,105,51,27,166,104,73,79,89,44,82
20150124,14,PM10,118,77,273,91,63,443,189,116,44,68,117,507,376,130,126,158,50,244,156,133,257,183,246,97,265,275,292,330,317,286,168,121,178,159,57,96,136,205,134,59,36,143,114,152,131,72,99,126,429,132,285,161,112,94,79,112,103,68,123,93,85,171,99,53,250,281,66,19,64,201,80,182,96,153,128,125,303,117,108,92,44,134,251,333,361,253,314,320,171,280,283,214,171,149,234,133,84,71,76,133,77,105,134,155,97,19,340,236,175,149,266,137,165,151,108,34,177,75,130,136,200,144,123,217,410,342,373,243,160,305,194,155,162,224,81,64,71,30,171,327,47,321,288,351,173,123,32,257,237,159,99,173,149,179,143,80,122,365,277,102,130,122,168,166,140,172,198,116,117,115,183,164,199,304,202,,273,272,217,286,194,167,103,172,,53,228,321,83,361,387,157,82,309,101,51,33,39,95,149,56,48,33,37,154,228,148,34,70,171,46,73,76,187,233,78,118,147,42,90,49,162,140,198,146,101,,225,174,186,125,,82,134,57,96,78,75,105,132,239,139,51,117,73,134,74,101,,276,349,262,202,211,280,187,140,252,124,258,192,113,155,297,202,142,100,111,90,47,245,131,250,94,53,72,66,58,104,133,80,,73,72,154,235,247,272,320,395,229,229,205,10,,23,129,60,217,89,73,39,37,93,101,36,66,12,45,45,91,26,69,37,35,40,37,15,65,25,39,213,133,257,163,122,111,156,117,87,162,72,97,117,202,174,133,131,144,227,44,57,221,51,51,62,116,89,148,54,164,170,248,115,34,55,69,236,129,36,227,58,107,68,136,36,42
20150124,14,PM10_24h,196,267,320,273,203,399,444,71,133,278,270,406,343,120,135,136,138,191,169,133,228,176,181,160,226,233,212,237,226,234,200,132,215,179,134,185,200,239,166,180,65,175,135,147,176,102,102,162,250,134,248,152,143,88,91,114,87,78,91,90,85,105,86,47,190,298,93,38,60,239,134,173,114,198,151,146,207,94,113,113,84,182,274,306,256,228,258,255,147,250,208,206,196,104,218,101,103,72,76,113,85,82,123,134,70,31,253,131,158,202,236,87,132,144,90,93,136,145,187,121,193,201,127,219,371,230,275,216,180,270,214,169,149,195,118,68,92,56,184,241,118,201,205,240,177,151,31,244,203,152,160,174,150,157,161,81,109,275,210,139,176,129,183,136,148,154,188,101,97,136,173,170,180,247,171,157,251,165,170,221,143,212,223,189,,113,198,208,88,186,236,165,114,238,103,119,112,62,124,121,120,36,109,69,113,161,129,60,87,192,146,109,125,157,195,71,107,124,101,100,143,124,142,175,129,103,,188,180,150,115,104,62,159,97,95,94,116,107,133,199,119,128,106,105,105,101,105,195,229,194,162,159,234,182,155,146,145,132,235,174,120,132,231,256,149,251,119,107,123,229,180,178,127,77,84,100,83,147,129,97,,101,140,166,186,249,286,222,247,217,205,184,28,,71,118,66,171,124,77,57,52,76,100,28,59,39,72,76,79,33,70,40,28,134,40,21,133,27,25,204,130,175,117,176,95,70,242,151,179,121,155,125,336,217,162,79,113,128,114,56,214,134,122,107,152,113,150,44,105,202,207,82,52,25,103,136,127,55,208,193,120,88,130,71,112
20150124,14,SO2,44,25,114,108,39,144,89,62,50,23,37,141,208,61,93,128,47,91,104,27,59,47,62,26,68,63,77,105,55,65,38,24,45,39,18,27,69,69,39,13,9,39,62,56,58,8,20,27,279,28,112,46,43,31,9,13,25,13,51,18,13,57,11,5,42,42,18,9,11,103,29,48,185,56,53,47,184,148,52,40,6,119,47,153,208,179,212,62,43,76,85,112,20,38,73,46,22,7,6,18,15,13,44,20,22,4,90,54,76,103,49,257,195,70,91,42,86,42,63,33,46,35,35,96,191,100,213,61,48,60,46,34,46,17,12,4,13,2,17,64,34,75,25,58,9,44,18,102,138,86,43,90,77,152,103,7,57,83,222,34,16,72,56,72,23,50,47,39,55,45,38,79,24,79,42,58,108,85,47,54,48,19,22,66,,137,32,42,29,77,199,122,24,72,94,9,9,17,51,72,21,19,5,98,70,44,58,18,12,34,18,43,60,28,36,29,27,16,29,44,52,49,36,33,159,18,,14,48,56,22,17,31,38,8,83,18,18,12,9,110,108,13,47,18,66,15,55,133,129,85,106,46,37,63,104,62,87,94,50,63,40,15,70,25,41,26,72,15,30,101,63,50,25,6,9,36,23,22,21,12,,3,47,13,31,70,33,45,43,11,13,52,4,,32,19,55,40,42,4,5,11,10,32,4,8,17,11,5,14,7,15,2,26,10,5,6,23,14,3,73,61,122,34,76,42,71,119,17,21,32,34,24,41,23,13,23,37,14,14,3,47,5,14,9,66,142,38,28,27,43,31,47,17,146,22,20,18,3,25,144,20,14,182,45,37
20150124,14,SO2_24h,52,76,173,129,97,206,179,59,73,80,125,104,202,169,115,134,98,104,154,23,37,31,49,38,58,45,47,61,39,46,26,27,40,31,23,30,53,36,40,15,9,56,44,33,44,10,20,34,125,29,67,57,43,28,11,13,26,15,32,19,12,32,14,4,32,40,21,22,17,90,38,54,167,32,59,48,121,68,56,42,10,123,54,102,103,135,177,61,47,79,88,74,31,24,83,32,20,7,8,16,15,5,35,18,13,16,85,86,93,485,106,99,129,82,99,123,60,72,62,34,36,28,62,119,213,53,150,73,92,46,56,44,46,21,20,4,17,1,21,39,71,47,18,25,9,45,22,78,144,103,50,83,100,32,154,8,18,90,139,73,30,56,50,45,34,30,29,17,29,38,28,35,17,70,34,47,98,38,31,33,26,33,27,43,,145,38,47,24,153,274,175,51,150,141,47,18,27,91,54,16,46,37,68,48,51,58,33,20,66,64,69,57,17,36,27,15,22,46,58,50,43,40,29,74,14,,15,39,62,21,29,23,32,10,46,27,26,12,15,78,79,89,67,54,74,36,135,188,150,57,47,63,47,53,51,80,55,70,76,48,32,19,58,45,42,94,75,25,87,97,60,29,29,7,11,21,91,29,18,11,,10,64,16,28,60,37,39,39,13,12,50,4,,33,16,46,37,37,4,7,11,21,62,4,11,34,21,10,13,6,15,5,17,11,6,8,43,19,3,34,49,86,32,73,29,63,115,49,20,109,66,32,151,90,40,24,43,26,26,55,19,29,43,35,103,25,18,24,24,48,71,31,20,59,18,25,11,3,36,146,26,25,101,71,80
20150124,14,NO2,62,25,107,37,18,103,57,35,29,16,24,129,100,39,49,55,31,59,60,61,122,93,74,22,55,59,104,131,117,54,24,17,38,83,25,68,63,128,51,16,23,54,43,55,44,32,35,41,154,25,93,84,56,61,21,57,64,38,71,31,22,100,15,9,62,107,22,12,25,50,36,52,45,68,44,36,85,49,25,19,24,74,47,100,121,57,122,59,62,41,87,81,20,43,35,77,35,11,11,54,26,26,94,41,26,4,71,36,57,62,71,56,65,33,62,21,43,24,36,30,22,54,27,80,101,87,98,79,59,64,64,41,41,42,36,10,24,10,57,69,31,49,41,67,31,29,9,67,61,36,50,46,12,58,35,23,57,35,99,10,14,56,23,8,30,25,38,20,33,13,68,82,100,105,139,78,91,126,122,118,76,24,39,67,,22,115,56,16,41,73,54,18,59,44,9,14,17,27,62,20,3,7,15,37,30,25,19,27,28,15,12,19,44,38,20,42,47,16,32,23,66,28,65,68,74,,27,59,51,10,25,33,26,25,54,13,33,20,10,60,83,11,52,19,70,20,33,87,95,94,99,100,40,74,61,66,75,65,54,64,40,32,108,48,64,26,42,23,33,40,66,66,19,10,12,38,11,22,27,18,,13,29,20,53,68,59,41,59,29,60,42,12,,16,16,22,68,31,7,14,9,5,26,2,16,8,2,9,24,17,20,1,13,2,6,5,1,4,1,59,30,70,33,19,33,25,37,24,37,11,11,29,93,16,16,7,26,8,8,8,27,11,4,8,34,12,43,5,31,21,9,43,15,28,44,83,15,6,62,21,39,48,42,12,16
20150124,14,NO2_24h,99,90,110,97,74,97,106,24,60,89,80,97,108,54,68,67,45,58,91,71,100,87,76,45,64,65,83,93,104,60,39,36,47,92,59,89,82,96,71,49,27,90,61,65,50,51,51,57,98,43,97,85,78,82,34,41,63,37,49,57,32,62,28,14,64,91,28,28,34,71,52,57,50,89,50,52,74,54,43,39,37,79,79,91,92,86,95,56,58,59,74,70,66,35,69,76,34,11,20,53,24,26,93,40,32,14,72,45,60,81,77,31,59,59,82,65,41,42,46,45,23,63,46,92,105,76,86,77,65,64,75,48,44,43,47,13,26,25,61,48,50,43,27,61,28,40,16,71,74,73,63,62,20,36,58,31,55,63,57,33,44,69,47,12,42,42,43,19,29,20,68,79,85,98,104,59,84,68,78,94,61,54,66,90,,37,112,51,41,46,68,55,28,63,37,33,31,32,44,58,30,10,19,25,40,39,38,24,30,53,34,44,27,72,34,31,26,56,28,61,30,67,35,58,68,69,,29,48,45,21,28,38,52,38,54,23,55,21,33,56,63,53,61,55,56,47,58,99,97,83,76,90,42,69,66,63,64,53,66,54,41,33,72,59,69,60,35,46,62,43,80,45,44,14,19,54,24,38,30,22,,30,58,35,34,68,83,32,54,28,36,38,19,,36,23,22,50,33,8,12,9,24,25,2,22,21,12,15,28,18,33,17,15,27,13,12,31,17,3,56,70,51,38,22,30,33,30,54,40,30,28,34,156,46,56,9,23,21,15,30,11,19,19,25,59,22,64,13,38,37,27,38,29,21,48,70,21,17,68,62,73,41,49,22,41
20150124,14,O3,32,45,5,50,41,9,19,46,55,35,39,10,9,27,28,56,45,81,54,98,13,75,61,86,61,37,47,36,26,32,72,103,57,68,116,82,77,42,107,98,121,126,110,112,33,104,84,60,12,101,14,38,60,101,103,63,70,58,94,155,119,41,106,65,5,24,82,72,68,26,66,80,44,22,46,67,13,50,80,45,106,30,57,21,4,41,25,63,34,84,14,25,86,53,50,28,101,111,113,69,98,92,42,124,72,49,17,42,20,25,33,21,35,67,44,56,68,57,48,73,55,38,89,16,3,11,32,19,30,11,10,56,10,34,87,114,110,107,16,41,58,33,37,21,20,84,99,25,47,53,31,38,77,41,56,62,55,70,27,71,85,79,85,85,25,76,56,84,68,89,82,69,52,54,45,42,45,36,49,44,56,78,75,117,,24,22,19,119,4,34,29,55,26,24,83,71,59,67,16,63,59,96,45,66,79,95,73,60,65,48,68,37,45,34,62,65,78,60,74,38,38,48,43,70,79,,43,28,102,33,30,36,80,98,75,119,84,81,73,33,25,116,74,77,33,112,119,14,6,3,11,13,22,15,13,65,19,61,17,38,95,70,23,3,48,71,62,106,84,56,59,16,98,60,94,66,110,111,79,53,,111,65,54,27,43,44,21,41,21,9,64,39,,94,36,81,24,54,69,84,103,79,72,89,101,42,91,85,82,97,84,59,49,79,26,85,83,74,81,16,45,16,61,50,75,76,60,79,54,75,77,68,88,86,87,103,49,86,96,107,91,24,70,56,44,34,70,16,32,70,36,39,117,52,39,13,52,91,7,41,109,69,45,33,45
20150124,14,O3_24h,40,46,28,54,43,51,45,69,60,36,65,69,19,36,36,57,64,89,56,105,45,84,68,86,86,66,88,92,83,53,72,105,59,83,118,105,78,83,109,116,125,128,114,122,40,124,114,64,77,105,49,88,94,141,140,117,144,102,137,164,162,142,124,75,47,29,92,79,115,39,92,85,52,26,104,116,40,67,80,45,128,48,66,74,50,58,57,80,79,95,63,40,86,89,87,137,161,139,124,136,156,129,160,197,93,53,80,53,67,60,70,40,55,67,64,56,83,64,56,79,77,60,91,57,34,84,69,112,53,41,49,98,34,86,147,152,155,150,28,100,65,115,63,43,29,90,107,64,71,83,50,57,81,88,68,73,67,90,71,72,93,90,85,90,57,76,62,87,69,89,92,83,79,67,91,102,48,94,96,57,70,81,75,117,,32,121,78,135,43,78,50,78,40,39,83,72,59,72,78,65,60,96,46,67,79,95,79,74,65,50,68,38,141,48,62,79,103,63,81,58,78,62,66,107,88,,56,109,136,70,72,60,101,116,81,121,110,120,75,77,82,141,142,93,85,117,120,86,68,98,83,97,70,92,81,71,65,75,102,65,104,74,64,14,108,79,117,137,149,104,91,67,112,89,144,88,147,127,111,77,,151,65,55,102,58,54,65,45,35,38,91,56,,113,51,97,72,104,72,114,131,88,106,98,113,47,91,91,101,104,94,59,62,96,26,93,95,86,95,31,49,45,93,56,106,57,82,79,66,96,77,94,100,87,87,103,49,86,104,107,113,25,76,67,61,34,78,19,59,83,50,70,122,74,53,46,79,92,69,42,161,161,48,42,50
20150124,14,O3_8h,18,24,6,24,28,10,11,33,30,16,27,9,7,22,15,34,31,41,24,50,6,27,29,45,25,18,21,19,18,19,32,61,23,28,69,32,37,15,49,46,106,49,45,50,19,52,48,31,10,65,13,34,49,46,85,50,32,32,51,83,72,16,88,44,5,11,66,53,39,12,47,48,20,9,40,62,8,25,56,36,74,16,23,13,4,21,15,41,19,33,12,18,37,42,26,19,75,111,97,34,82,67,22,77,32,25,10,23,19,24,24,15,25,34,24,37,45,41,24,52,48,20,55,12,3,10,17,16,31,11,8,64,8,41,89,106,105,83,9,21,19,17,34,6,19,45,82,8,26,19,17,17,52,36,34,51,40,22,18,42,45,28,33,51,12,27,28,59,30,27,33,36,27,20,32,21,25,15,23,20,36,61,51,38,,24,14,11,72,3,25,30,64,26,22,49,49,45,34,10,39,44,77,41,41,40,56,60,52,32,34,32,25,44,25,37,51,59,51,41,31,31,27,16,64,60,,37,43,86,39,36,32,63,61,30,72,39,45,35,21,17,77,28,42,19,68,55,22,6,3,11,9,21,9,5,59,15,59,10,46,73,61,11,2,44,40,64,83,78,50,37,8,72,60,87,46,91,47,72,53,,74,37,30,19,15,10,21,30,20,22,35,26,,45,28,70,13,50,64,87,98,32,53,84,43,21,58,55,24,76,26,56,42,41,18,66,50,52,66,11,16,19,51,43,62,17,30,53,26,55,47,36,35,40,36,69,26,46,48,56,94,18,56,43,20,22,54,17,15,45,24,42,102,40,36,6,30,40,5,28,42,38,26,20,32
20150124,14,O3_8h_24h,22,26,18,33,28,36,31,58,37,18,57,49,13,22,24,36,54,71,33,76,37,62,56,73,69,54,62,66,60,43,47,69,42,53,97,81,53,56,81,96,113,93,86,85,28,116,97,46,67,87,34,44,74,105,126,106,112,90,118,134,140,119,116,70,37,16,86,69,80,25,69,64,41,14,77,92,27,52,61,36,113,37,55,58,39,43,46,70,66,77,50,34,61,85,63,105,150,132,120,114,139,119,111,176,86,45,62,41,48,46,49,36,48,42,50,37,74,52,31,64,57,43,62,43,27,63,52,87,35,29,36,81,29,70,121,142,144,153,15,76,41,83,55,30,22,79,96,36,54,55,37,38,75,75,49,63,54,69,52,48,79,77,56,80,56,45,47,80,59,68,68,60,57,56,64,77,37,70,78,50,60,66,59,58,,26,96,62,107,26,60,34,67,33,33,54,57,46,54,62,44,56,77,41,46,40,73,74,64,42,45,37,31,98,40,44,58,74,53,62,56,58,41,51,66,70,,40,66,109,42,61,43,75,103,47,100,83,101,43,58,64,87,104,63,65,77,90,30,49,74,59,75,54,68,63,60,55,59,68,58,73,62,44,11,85,43,85,133,114,72,64,43,88,78,118,73,139,119,100,71,,125,37,42,83,34,25,56,33,28,30,80,44,,89,43,89,52,76,69,110,125,79,93,96,93,42,73,86,80,100,75,58,59,74,23,87,78,83,84,26,33,35,77,55,99,48,69,70,44,86,60,88,62,40,45,83,32,60,99,94,108,19,57,59,50,28,64,18,41,68,41,57,111,68,39,27,300,85,48,28,126,124,41,37,39
20150124,14,CO,1.975,0.844,3.411,1.84,0.378,3.114,2.731,1.529,0.476,0.412,0.959,4.062,3.456,1.805,1.62,1.548,0.671,1.722,0.952,1.201,2.126,1.308,1.514,0.699,2.23,1.717,2.259,2.797,2.14,2.171,1.472,0.973,1.446,1.268,0.898,0.963,0.915,2.012,0.965,0.535,0.525,1.273,1.746,1.064,1.615,0.741,0.663,0.854,5.17,1.095,3.691,1.222,0.927,0.941,1.107,1.566,1.129,1.298,1.111,0.808,0.938,1.446,0.764,0.522,1.433,1.923,0.573,1.065,1.012,2.89,1.684,2.079,1.087,2.106,1.32,0.799,4.128,1.233,1.113,1.752,0.443,1.67,2.176,2.838,5.639,2.395,3.273,1.947,1.402,1.635,2.339,2.486,1.071,1.04,1.935,1.193,0.784,0.914,0.854,1.329,0.774,1.09,1.71,1.524,1.094,0.659,2.611,1.32,3.299,3.26,2.723,1.881,2.097,2.261,2.634,0.834,1.629,0.823,1.406,0.966,2.323,1.756,0.753,3.04,4.587,3.461,4.841,1.669,2.112,2.146,1.74,1.913,1.743,3.336,0.457,0.741,0.859,0.477,0.988,1.631,1.096,1.37,1.817,1.254,1.499,1.005,0.379,2.004,2.665,2.408,2.233,1.555,1.433,3.449,0.94,1.912,2.194,1.874,2.447,1.035,1.019,1.038,1.352,0.98,0.827,1.247,1.626,0.593,1.753,0.986,1.191,2.17,1.236,1.517,1.829,1.853,1.607,2.16,2.714,1.338,1.757,1.121,1.058,1.451,,0.403,1.389,3.385,0.738,5.467,2,2.397,1.913,3.614,4.808,0.6,0.297,0.587,0.851,1.709,0.797,0.214,0.373,1.602,1.017,1.058,1.428,0.996,1.031,1.091,0.468,0.866,2.024,1.211,1.58,0.645,1.113,0.849,0.383,0.915,0.793,2.07,1.49,1.869,2.864,3.3,,1.849,1.45,1.461,1.595,2.001,1.082,2.362,0.839,2.55,1.531,0.835,1.314,0.727,2.407,1.808,1.062,1.764,0.368,1.23,0.526,0.814,2.223,3.643,4.044,3.264,2.394,1.551,2.101,1.356,1.418,1.221,2.366,1.846,3.387,1.453,1.335,3.976,1.581,1.019,1.354,1.829,1.689,0.448,1.064,1.26,1.585,2.698,1.119,1.654,0.786,0.873,1.623,0.845,1.053,,0.854,1.984,0.772,1.263,1.733,1.127,1.645,3.088,1.703,2.139,1.229,0.395,,0.617,0.725,1.148,3.453,1.574,1.824,0.56,0.681,0.443,0.969,0.347,1.022,0.878,0.212,0.685,0.749,0.306,1.057,0.403,3.426,0.483,1.876,2.078,3.308,1.38,0.329,2.997,2.518,3.052,1.997,1.132,0.846,1.35,0.74,0.82,0.611,2.232,0.904,0.975,1.235,1.538,0.397,0.798,1.05,0.549,0.499,0.041,0.772,0.519,0.216,0.689,2.248,0.797,1.719,0.121,1.164,1.065,1.487,2.555,0.459,1.651,1.375,3.611,1.508,0.438,1.773,1.431,0.854,1.218,2.563,0.985,1.317
20150124,14,CO_24h,2.83,3.138,4.056,3.773,2.625,3.397,6.027,1.373,1.751,3.262,3.329,3.958,4.175,1.955,2.77,1.355,1.166,1.804,1.42,1.176,1.756,1.225,1.24,1.283,2.218,1.591,2.147,2.203,1.927,1.721,1.659,1.316,1.899,1.647,1.312,1.565,1.455,1.792,1.154,1.456,0.665,1.556,1.845,1.094,1.759,1.028,0.861,1.259,2.727,1.277,2.252,1.399,1.248,0.974,1.096,1.508,1.058,1.262,0.982,0.764,0.956,1.156,0.911,0.516,1.242,2.128,0.733,1.316,1.145,3.255,2.078,2.575,1.4,3.465,1.604,1.181,3.68,1.122,1.255,2.077,0.81,1.954,2.55,3.262,3.149,2.93,3.405,1.54,1.553,1.973,2.068,2.067,1.859,0.914,1.993,1.149,0.9,0.889,0.903,1.103,0.809,0.934,1.677,1.476,1.034,1.088,2.38,2.879,3.045,3.868,3.572,1.586,1.952,2.129,2.866,1.991,1.447,1.539,2.179,1,2.15,2.114,1.037,2.557,4.884,2.432,3.161,1.444,1.905,2.16,1.648,2.022,1.68,3.168,0.657,0.776,0.958,0.659,1.501,1.365,2.853,1.233,1.424,1.352,1.382,1.078,0.442,2.168,2.798,3.482,2.597,1.945,1.601,0.74,1.256,1.854,1.912,2.866,2.444,2.077,1.808,1.993,1.885,1.037,1.189,1.868,1.956,0.742,1.764,1.493,1.133,2.193,1.058,1.545,1.544,1.511,2.093,1.832,2.34,0.986,1.103,1.664,1.856,1.856,,0.676,1.608,2.495,0.897,4.061,2.539,2.066,2.26,4.736,5.061,0.947,0.781,0.413,1.331,1.757,1.031,0.504,0.743,1.833,1.02,1.465,1.58,0.812,1.007,1.641,0.812,1.349,2.329,2.042,2.108,0.817,1.099,1.044,0.924,0.922,1.156,1.879,1.456,1.732,3.158,2.817,,1.837,1.327,1.421,1.373,1.503,1.658,2.551,1.269,2.026,1.789,1.095,1.569,1.172,2.097,1.485,1.111,2.079,1.007,1.282,0.81,0.968,2.884,2.994,2.738,1.659,1.928,1.651,1.631,1.438,1.592,0.863,2.1,1.831,2.154,1.429,1.428,3.684,1.925,1.125,2.399,1.904,2.998,0.893,0.917,1.853,0.959,3.308,1.268,1.466,0.779,1.142,2.021,0.854,1.183,,1.066,2.471,0.775,1.012,1.797,1.636,1.307,1.936,1.789,2.08,1.247,0.579,,1.055,0.862,0.99,3.255,1.494,1.82,0.658,0.66,0.572,1.19,0.319,1.176,0.8,0.431,0.87,0.849,0.321,1.257,0.502,1.865,1.504,1.984,2.117,4.276,1.385,0.355,2.358,3.43,2.601,1.742,1.305,0.936,1.904,0.852,1.33,0.6,2.651,1.173,1.318,3.922,3.802,1.727,0.706,0.845,0.77,0.585,0.409,0.91,0.969,0.483,1.121,3.311,1.357,2.445,0.373,1.317,2.769,1.936,1.916,1.259,1.412,1.532,2.72,0.978,0.604,1.523,2.69,1.182,1.419,2.722,1.242,2.248
20150124,15,AQI,124,58,211,73,63,332,115,95,46,55,67,390,328,116,88,158,50,228,137,147,225,186,237,72,216,236,225,304,276,247,117,93,135,137,54,86,138,235,105,65,59,122,86,109,135,72,72,92,360,119,321,117,105,103,65,78,87,65,130,82,66,141,76,57,220,212,61,29,46,138,70,147,80,128,111,108,189,94,135,82,67,193,182,313,312,257,269,268,181,198,210,158,150,139,223,110,71,60,59,108,66,79,117,124,87,17,311,124,164,132,149,89,179,132,122,44,210,61,135,153,170,174,96,228,344,334,317,235,185,277,156,100,158,203,65,58,64,45,143,271,52,281,286,185,179,109,44,188,222,146,92,170,89,156,94,70,133,274,247,92,138,108,160,178,122,138,175,108,133,111,158,144,210,224,181,271,234,253,226,269,216,96,73,160,,58,234,307,82,256,183,139,81,256,76,43,41,36,66,95,52,28,42,53,165,210,141,36,61,147,49,64,65,120,208,74,113,122,38,83,57,191,120,232,133,86,,200,198,216,109,230,70,157,60,77,78,64,64,96,182,111,51,87,59,113,60,80,374,236,309,273,221,163,275,181,111,203,111,232,130,99,111,240,221,100,71,91,71,60,182,80,208,93,57,57,79,61,74,94,60,69,60,59,125,222,192,225,240,290,167,223,138,23,,30,115,54,148,108,61,43,50,64,90,43,55,14,44,42,57,40,55,36,30,40,32,35,30,29,35,211,89,255,231,110,106,81,89,64,106,59,71,103,118,68,115,83,105,129,52,36,128,39,50,56,114,77,111,48,86,86,143,128,54,53,89,178,80,30,279,59,83,70,163,49,55
20150124,15,PM2.5,93,16,160,33,24,216,86,39,18,23,26,321,277,87,51,120,31,177,104,112,174,140,186,52,165,185,174,253,225,196,88,69,102,104,37,63,105,184,78,46,23,92,63,81,102,52,52,68,291,89,270,88,78,76,43,57,64,46,98,60,37,107,34,29,169,161,43,9,25,105,32,112,46,97,83,80,142,70,102,60,39,145,137,262,261,206,218,217,136,148,159,120,115,106,172,82,51,29,33,80,47,55,88,93,64,11,260,93,124,100,114,66,135,100,92,29,159,43,102,116,128,131,39,177,293,283,266,184,139,226,118,69,120,152,45,34,43,16,109,220,15,230,235,139,135,81,11,141,171,111,68,128,35,86,45,47,101,223,196,68,105,80,121,134,92,105,132,80,101,83,120,110,159,173,136,220,183,202,175,218,165,64,48,121,,40,183,256,60,205,133,106,59,117,55,15,25,19,44,62,24,13,22,16,125,159,107,20,39,112,29,40,33,85,157,53,84,92,21,61,35,143,90,181,101,63,,150,148,165,81,179,50,119,38,44,56,37,45,71,137,83,15,64,39,84,33,58,323,185,258,222,170,123,224,136,83,152,83,181,96,74,83,189,170,63,40,67,36,42,137,58,157,69,24,26,38,43,53,70,42,40,39,27,94,171,144,174,189,239,126,172,105,16,,8,86,34,113,80,20,28,20,36,62,12,31,4,18,19,33,19,18,5,16,13,6,8,8,10,3,160,45,204,180,37,79,23,66,38,74,18,44,76,87,33,86,29,70,51,20,18,47,21,19,20,85,56,83,33,34,33,67,97,19,24,66,134,58,21,228,41,61,50,123,16,38
20150124,15,PM2.5_24h,149,165,203,178,113,265,313,27,68,196,158,266,240,74,55,103,102,160,131,117,161,143,139,118,161,144,160,192,167,182,138,97,139,134,99,127,140,192,126,124,46,135,94,109,136,74,72,80,150,99,197,96,101,61,49,61,55,51,72,60,41,77,51,24,130,182,71,15,29,119,60,104,57,133,95,91,109,42,86,77,61,151,200,236,187,177,160,187,119,166,127,132,144,78,169,59,69,36,47,66,56,52,84,97,47,16,181,67,110,154,117,37,93,89,73,57,113,112,143,103,136,167,54,147,270,196,174,146,139,191,134,82,110,129,67,39,60,28,127,171,54,163,169,145,129,109,12,141,147,92,104,121,44,33,55,45,89,213,139,97,148,107,153,108,114,117,128,74,81,95,131,116,142,177,129,193,183,147,141,164,112,131,118,122,,88,124,151,71,122,154,93,72,138,65,50,72,39,67,51,90,20,38,26,96,114,101,35,60,133,106,89,43,110,151,39,72,109,69,62,98,109,92,158,92,71,,127,137,153,78,120,48,136,72,56,69,59,74,78,126,68,82,65,65,67,59,68,164,147,156,118,111,120,148,108,82,99,85,157,97,82,81,161,187,84,142,76,50,90,122,101,114,77,44,44,58,55,93,66,66,69,76,69,106,138,190,205,139,183,122,134,107,16,,36,91,43,87,97,41,41,33,43,57,13,32,16,47,58,38,27,20,33,13,75,15,13,76,19,7,170,65,125,91,58,74,48,80,91,62,70,86,90,216,129,127,28,59,51,45,33,54,63,54,59,118,58,97,32,41,102,66,68,35,16,77,106,51,28,170,100,74,79,92,41,81
20150124,15,PM10,105,64,253,93,74,444,176,137,45,58,82,491,388,139,124,155,49,225,145,123,271,191,232,73,250,288,263,326,330,270,155,113,158,171,53,89,136,241,114,57,33,127,85,124,134,83,84,119,467,128,290,165,124,101,78,93,96,69,125,94,79,152,100,61,244,260,62,21,45,200,87,189,107,154,140,120,283,118,120,84,81,157,194,344,335,255,349,313,168,228,271,226,144,146,219,126,88,64,65,131,80,106,167,139,89,16,342,190,167,151,229,115,190,153,118,43,189,57,139,125,191,141,140,239,367,342,374,243,173,308,200,147,155,219,78,63,75,30,153,302,52,302,289,243,188,116,21,230,241,142,102,172,125,260,135,88,141,279,303,104,125,108,158,176,135,150,197,112,122,98,172,169,218,254,218,219,277,264,226,290,217,139,94,182,,60,248,321,82,293,314,183,81,388,88,42,40,35,80,137,51,27,30,53,168,216,129,35,69,159,48,75,77,187,212,78,129,112,37,94,62,158,154,199,125,87,,224,175,168,116,215,65,165,67,102,104,76,70,118,213,150,50,105,66,130,68,89,202,242,317,263,223,198,287,182,140,245,136,252,207,112,152,298,189,147,90,98,89,55,252,108,251,99,61,62,106,63,96,131,61,85,68,65,145,219,193,228,316,332,227,247,179,16,,19,114,55,222,96,70,39,35,75,127,33,57,9,43,41,62,,58,35,23,39,31,9,9,27,30,225,126,261,174,168,115,109,115,75,159,65,90,107,183,84,123,113,157,206,51,35,204,38,49,60,121,100,118,39,119,120,233,114,30,54,80,220,102,28,253,65,92,69,155,48,41
20150124,15,PM10_24h,190,259,321,268,196,407,436,73,125,269,266,415,347,121,135,137,135,195,170,132,233,177,182,158,230,237,215,242,231,236,200,130,215,178,130,180,198,240,165,176,63,176,134,149,177,100,102,161,263,135,252,153,143,89,90,106,88,78,93,89,86,105,86,48,191,292,91,37,60,239,131,175,114,198,151,146,210,96,113,111,83,185,275,311,262,233,267,262,150,253,214,209,197,106,221,103,103,72,76,115,85,85,124,135,71,31,260,135,157,201,239,86,141,145,91,89,142,142,187,122,191,200,129,221,377,240,280,220,181,275,214,168,150,198,115,68,91,55,183,232,117,204,209,242,178,149,31,244,207,155,158,174,151,159,161,82,110,282,217,139,178,131,185,140,149,156,190,103,99,136,172,169,182,248,173,162,252,170,173,225,145,208,218,190,,107,204,217,88,192,245,164,112,244,104,111,107,62,123,122,116,36,109,65,115,165,129,57,83,191,140,108,124,162,200,69,106,122,99,103,138,128,145,179,123,104,,193,182,155,116,124,63,160,95,95,94,108,104,134,201,125,125,103,104,106,100,105,195,233,204,169,164,234,188,158,146,150,132,238,175,120,133,237,255,155,242,119,107,120,229,177,180,126,75,81,100,83,145,129,94,109,99,136,164,188,249,284,223,252,219,209,183,28,,69,117,65,175,124,75,55,51,76,103,29,60,39,70,75,80,34,70,40,26,134,40,21,130,28,44,204,132,179,119,175,95,69,239,149,178,118,155,125,332,213,159,83,115,131,114,55,220,129,117,104,151,113,148,43,107,197,209,83,51,27,102,141,127,56,212,186,121,87,131,74,111
20150124,15,SO2,38,24,106,98,33,97,86,66,33,22,31,130,141,68,78,127,58,92,93,25,63,38,50,24,64,64,60,97,64,59,33,20,36,46,17,27,59,68,31,12,8,32,42,40,51,8,18,23,297,25,125,47,45,29,9,14,26,13,62,16,12,53,10,5,42,34,17,9,8,98,32,42,153,62,55,47,135,145,62,35,9,131,43,137,139,120,187,51,39,69,92,103,15,33,62,69,22,6,6,17,15,9,37,22,21,4,85,48,65,125,33,174,246,63,104,69,77,41,75,32,22,32,36,87,145,94,148,63,49,60,47,27,45,15,11,4,14,2,16,57,24,71,28,40,15,44,16,90,127,85,44,86,59,283,94,8,73,81,222,32,15,56,50,64,25,50,45,38,50,40,35,43,24,79,87,58,73,89,50,55,48,19,16,60,,99,32,44,19,81,122,109,20,52,92,9,8,20,13,67,21,19,4,105,66,46,49,20,14,33,24,48,55,21,42,29,25,17,30,44,54,52,34,22,83,16,,22,48,45,21,32,23,40,8,80,18,19,10,10,91,143,12,35,17,57,8,41,147,105,74,100,55,33,73,102,59,101,103,40,75,44,13,51,19,38,21,74,16,25,108,60,72,27,9,7,19,23,22,20,10,10,3,44,20,39,44,33,42,54,12,13,48,4,,21,20,59,37,49,8,5,8,9,24,36,8,16,11,4,14,6,21,2,16,8,4,7,21,11,3,61,52,146,35,71,104,49,47,24,41,20,37,21,56,14,19,20,28,13,14,2,32,4,15,10,47,195,62,26,24,34,24,43,20,110,12,29,18,2,27,134,17,15,175,44,35
20150124,15,SO2_24h,50,73,168,130,94,204,177,58,67,76,123,105,199,160,112,134,97,105,153,23,38,31,49,38,59,45,48,63,40,47,25,26,39,30,22,30,53,37,40,15,9,56,41,34,45,9,20,33,135,29,70,57,43,28,11,13,26,15,34,18,12,33,14,4,31,39,21,22,17,91,37,52,166,33,60,48,123,69,56,41,10,126,52,106,107,135,182,62,47,80,89,76,30,24,82,32,21,7,8,16,15,5,34,18,13,16,87,86,91,483,105,105,145,80,99,119,61,71,63,33,29,29,61,119,214,55,149,74,89,47,54,43,46,20,19,4,17,1,21,42,66,48,19,26,10,45,22,77,145,102,49,82,100,42,153,8,20,92,145,72,30,56,50,46,34,30,29,18,30,39,28,37,17,71,36,47,94,40,32,33,26,32,26,44,,139,38,47,24,152,275,169,49,141,137,40,16,27,89,55,16,45,37,62,48,48,57,33,17,57,61,66,58,17,37,27,15,21,45,59,50,44,40,28,70,14,,15,40,61,21,36,21,32,9,46,27,24,11,15,79,82,87,66,52,73,35,134,189,149,58,50,63,47,54,53,78,56,70,75,48,32,19,58,43,42,89,75,25,87,98,59,30,29,7,10,21,91,29,19,11,23,10,61,15,29,59,36,37,40,13,12,50,5,,32,16,46,37,38,6,6,10,21,61,5,11,34,21,10,13,6,15,2,17,11,5,8,43,19,3,34,49,89,32,69,32,63,117,48,21,107,67,33,149,86,38,24,44,25,27,54,20,26,40,34,97,32,18,24,24,48,70,32,19,61,17,25,11,3,35,146,26,25,105,63,79
20150124,15,NO2,58,26,104,48,21,99,56,35,32,18,26,133,105,42,43,58,30,58,60,57,127,85,64,20,58,64,92,129,126,48,19,21,33,85,27,55,65,131,43,17,23,47,36,44,40,35,28,42,164,24,101,100,63,68,26,54,64,46,83,33,24,102,15,10,64,101,24,12,19,51,38,52,41,72,45,41,71,54,33,19,32,96,35,107,105,56,131,58,55,43,87,87,16,46,35,79,38,13,13,56,29,24,84,38,26,5,79,38,57,77,67,56,78,32,64,27,45,27,43,31,23,59,21,89,92,81,70,81,54,65,56,52,41,45,38,12,28,15,45,71,28,48,43,52,29,38,9,56,67,38,53,46,15,57,37,20,50,53,125,9,17,29,17,11,28,26,36,19,33,13,75,84,100,116,171,85,87,116,138,125,64,23,50,90,,24,108,55,20,41,57,58,20,55,44,9,15,18,15,32,20,3,6,22,37,31,23,19,30,32,20,15,20,36,40,22,44,46,17,30,25,72,29,58,66,47,,32,63,56,12,45,31,31,29,52,14,31,15,9,68,105,14,31,24,75,14,24,76,89,92,100,110,40,74,66,88,62,74,49,82,49,55,107,47,71,20,40,25,36,40,70,79,26,12,12,34,12,22,25,15,37,10,23,24,54,45,38,42,58,29,69,37,8,,16,13,24,71,42,6,16,9,5,22,3,12,7,4,8,14,16,22,1,14,2,2,4,4,1,1,52,31,74,45,18,31,19,24,26,38,9,15,33,93,11,16,5,26,9,8,7,18,10,5,7,29,13,39,13,22,19,13,42,21,25,34,73,15,6,65,23,36,42,54,17,17
20150124,15,NO2_24h,96,88,109,96,72,99,104,25,58,86,79,101,107,52,67,67,45,59,90,71,102,88,74,45,66,64,84,96,107,60,39,35,48,92,58,88,82,99,71,49,27,90,61,66,51,50,51,57,103,42,98,86,79,83,34,42,64,38,51,55,32,64,27,14,63,90,28,28,34,70,50,57,50,89,51,52,76,56,43,37,37,82,78,94,94,86,99,57,59,59,76,72,65,36,69,77,34,11,20,55,24,26,92,40,33,14,74,45,60,82,78,33,62,59,82,61,42,41,46,44,30,65,46,93,106,77,86,79,65,65,74,49,44,44,47,13,27,25,60,49,49,44,28,62,28,39,15,69,74,73,63,62,20,37,58,30,56,65,61,33,44,69,47,13,41,42,44,20,30,20,68,81,87,101,108,61,84,71,82,96,60,54,66,92,,37,113,52,41,46,69,55,28,62,37,31,30,32,43,59,30,10,19,21,39,38,38,24,29,51,32,42,27,73,35,30,26,56,27,61,30,68,35,59,67,69,,29,49,46,20,40,39,53,38,53,23,49,21,32,57,66,52,61,55,57,46,58,100,98,86,78,93,43,71,67,63,64,53,66,55,42,34,75,58,74,58,36,47,61,43,80,47,44,13,18,53,24,38,30,22,43,30,57,34,36,68,82,31,54,28,37,38,19,,35,23,22,51,34,8,12,9,24,26,2,22,21,12,15,28,18,33,17,15,27,12,11,30,17,3,55,69,51,39,21,30,33,31,53,41,30,28,35,154,45,54,9,23,21,15,30,11,18,18,24,59,22,63,12,38,36,28,38,29,22,48,70,21,17,68,59,74,42,50,22,41
20150124,15,O3,34,43,5,45,43,9,19,46,52,35,38,9,7,24,31,56,39,83,60,101,18,86,60,86,62,37,58,42,30,40,84,96,62,80,117,99,78,47,127,102,120,137,112,127,42,109,100,57,11,102,16,25,52,111,101,71,75,45,88,149,117,49,110,70,5,35,85,72,74,31,64,86,49,22,44,66,21,49,80,45,105,18,78,15,6,41,18,62,41,85,13,22,92,49,49,49,102,111,112,73,96,89,50,132,67,49,13,41,20,22,32,22,30,69,50,53,73,53,39,75,45,36,94,11,5,12,18,18,34,11,12,40,10,35,84,114,105,98,29,49,65,44,41,40,20,79,100,40,47,42,30,36,80,43,59,67,65,53,24,72,85,104,102,78,30,79,60,91,76,89,78,79,65,55,22,46,52,49,46,47,74,78,53,110,,22,24,25,117,4,49,26,52,27,24,88,71,58,82,56,64,61,97,41,75,83,101,76,60,65,46,68,35,46,29,63,59,74,59,72,35,53,49,34,56,66,,45,30,102,37,40,38,84,101,78,130,88,96,71,27,17,107,94,68,33,111,128,13,5,3,10,13,20,16,15,47,26,53,17,22,87,44,25,3,43,76,58,113,97,51,55,17,91,60,95,75,120,110,81,54,71,109,78,53,37,75,73,22,41,22,8,71,50,,95,44,83,23,47,80,83,103,80,79,89,105,43,90,82,106,100,84,57,48,81,32,88,83,78,82,19,54,26,45,55,84,80,83,79,53,82,84,88,101,86,110,113,50,89,95,106,108,25,70,58,56,38,75,17,48,75,41,46,115,58,40,24,54,91,6,43,108,71,42,31,46
20150124,15,O3_24h,43,46,27,52,44,50,41,69,60,36,64,64,17,36,37,58,61,89,60,103,41,87,67,87,82,63,81,90,83,49,84,105,63,87,118,104,79,79,127,110,125,137,115,127,44,123,111,64,73,106,49,86,93,130,134,115,128,102,137,157,155,142,122,75,47,38,92,79,93,40,92,87,54,26,104,115,38,64,81,45,125,47,78,74,50,58,52,79,68,89,63,40,92,88,82,127,160,139,120,135,156,129,160,197,93,53,80,52,61,60,66,40,44,70,63,57,84,61,53,77,65,59,97,56,34,83,62,111,53,39,47,98,33,75,147,152,151,149,33,91,69,115,63,50,25,90,107,62,69,80,49,57,81,88,69,74,70,88,49,73,93,104,102,85,50,79,62,91,76,89,90,83,79,65,91,102,52,94,96,57,74,80,75,117,,32,121,78,123,42,69,46,78,38,36,88,73,59,82,78,68,61,97,46,75,83,101,81,74,66,49,69,40,137,42,65,79,86,61,76,54,77,64,65,107,91,,56,109,133,70,90,58,101,114,83,130,113,120,76,77,79,137,127,92,85,117,128,86,60,98,83,97,67,92,79,71,65,75,102,65,104,73,66,13,107,83,117,133,147,87,90,60,105,89,143,84,144,112,111,77,105,127,78,55,102,75,76,65,45,34,38,91,54,,113,51,97,61,103,82,114,131,88,98,98,108,47,91,91,106,104,94,59,62,96,32,93,95,86,95,31,55,45,84,56,106,59,83,79,66,95,84,97,101,87,110,113,50,89,104,107,113,26,76,67,61,38,80,19,59,83,50,70,122,74,53,46,79,92,66,43,161,147,46,41,50
20150124,15,O3_8h,20,30,6,29,31,10,13,35,35,20,30,9,7,24,17,39,34,49,30,59,8,37,36,56,32,22,27,23,20,23,42,69,30,37,79,44,47,20,64,58,109,65,57,64,21,61,59,37,11,73,14,34,49,58,88,54,41,37,59,97,82,21,91,49,5,14,68,57,45,15,49,53,25,11,40,63,10,28,63,38,81,18,33,14,5,25,16,46,23,40,12,20,48,43,31,24,80,110,100,41,84,74,27,89,39,30,11,26,19,24,25,16,25,42,29,42,50,44,28,57,40,23,63,12,3,10,17,16,31,11,9,60,8,31,88,108,106,89,12,23,25,18,35,11,19,49,86,12,28,22,20,20,58,37,36,53,43,28,20,49,52,40,45,58,16,35,35,62,38,38,42,45,35,27,33,26,30,19,27,25,44,64,51,51,,24,17,13,89,3,29,31,62,26,22,55,54,48,41,16,43,46,82,41,46,48,64,62,54,39,37,40,27,46,26,43,53,62,53,47,33,34,30,20,65,63,,40,46,88,39,32,33,63,69,40,83,52,54,41,22,19,86,37,49,22,79,69,22,6,4,11,10,20,11,7,59,16,60,12,41,77,59,14,2,35,45,62,89,83,50,41,10,76,59,88,51,96,60,74,51,64,82,43,34,20,23,18,21,33,21,19,41,30,,54,30,71,15,49,70,85,98,42,58,84,55,24,64,59,36,79,36,56,43,48,20,68,56,56,69,13,22,20,49,43,64,22,38,57,30,59,51,44,48,47,47,75,30,55,58,66,95,19,60,46,25,24,58,17,19,50,27,41,103,40,34,8,33,50,5,32,54,46,29,23,36
20150124,15,O3_8h_24h,25,31,18,33,31,36,31,58,39,21,57,49,13,24,24,40,54,72,35,76,37,62,56,73,69,54,62,66,60,43,47,71,42,53,97,81,53,56,81,96,113,93,86,85,26,116,97,46,67,87,35,45,74,105,126,106,112,90,118,134,140,119,116,70,36,18,86,69,80,25,69,64,41,15,77,92,27,52,64,38,113,37,55,58,39,43,46,70,65,77,50,34,61,85,63,105,150,132,120,114,139,119,111,176,86,45,62,41,48,46,49,36,42,45,50,42,74,53,32,66,56,43,65,43,27,63,52,87,35,29,36,81,29,70,121,142,144,152,16,69,41,83,55,30,22,79,96,36,54,55,37,38,75,75,49,63,54,69,52,50,79,77,56,80,55,45,47,80,59,68,68,60,57,56,64,77,38,70,78,50,60,66,59,58,,26,96,62,111,26,60,35,67,33,33,57,57,48,54,62,44,56,82,41,47,48,73,74,64,42,44,42,32,98,39,45,58,74,54,63,56,58,41,51,68,69,,41,66,109,42,70,41,75,103,47,100,89,101,45,58,64,91,104,66,65,80,90,30,49,74,59,75,54,68,63,61,55,60,68,58,77,63,45,11,85,46,85,133,114,72,64,43,88,78,118,73,139,119,100,71,96,125,43,42,83,34,28,56,34,28,30,80,44,,89,43,89,52,76,74,110,125,79,93,96,93,42,73,86,80,100,75,58,59,74,23,87,78,83,84,26,33,35,77,55,99,48,69,70,44,86,60,88,62,47,47,83,32,60,99,94,108,19,60,59,50,28,65,18,41,68,41,57,111,68,39,27,300,85,48,32,126,124,41,37,41
20150124,15,CO,1.808,0.848,3.199,2.015,0.344,2.747,2.515,1.636,0.499,0.511,1.044,5.683,3.427,1.918,1.53,1.494,0.644,1.597,0.848,1.125,2.143,1.232,1.435,0.625,2.138,1.741,1.979,2.337,2.3,2.202,1.377,0.911,1.372,1.208,0.856,0.875,0.864,1.697,0.858,0.522,0.502,1.128,1.596,0.932,1.519,0.734,0.651,0.816,5.213,1.066,3.722,1.392,0.946,0.995,1.109,1.552,1.13,1.322,1.168,0.804,0.932,1.468,0.752,0.584,1.416,1.776,0.556,1.064,0.856,2.796,1.763,1.966,0.953,2.019,1.387,0.841,2.932,1.256,1.332,1.75,0.533,1.831,1.337,2.892,4.047,2.456,4.279,1.667,1.387,1.608,2.296,2.456,1.006,1.065,1.868,1.388,0.808,0.89,0.82,1.306,0.803,1.055,1.536,1.517,1.008,0.634,2.968,1.345,3.047,3.472,2.626,1.622,2.25,2.168,2.732,1.008,1.707,0.852,1.512,0.869,1.95,1.744,0.691,3.493,3.889,3.22,4.849,1.762,1.969,1.943,1.654,2.124,1.712,3.379,0.448,0.789,0.882,0.499,0.902,1.706,1.065,1.344,1.757,1.016,1.599,0.957,0.367,1.805,2.704,2.403,2.24,1.62,1.45,2.551,0.885,1.915,1.969,2.18,2.692,0.998,0.988,0.802,1.069,1.133,0.845,1.218,1.565,0.558,1.734,0.936,1.173,2.082,1.148,1.756,2.273,2.063,1.417,2.205,2.686,1.356,1.684,0.961,0.952,1.309,,0.445,1.327,3.364,0.68,6.084,1.481,2.428,1.635,3.235,4.871,0.62,0.293,0.299,0.954,1.103,0.826,0.207,0.324,1.438,1.013,0.877,1.348,1.127,1.154,1.071,0.372,0.873,1.844,1.195,1.596,0.704,1.193,0.728,0.387,0.704,0.407,2.027,1.39,1.88,2.88,2.948,,1.842,1.473,1.483,1.446,2.013,1.003,2.375,0.861,2.497,1.607,0.841,1.081,0.659,2.308,2.174,0.636,1.462,0.394,1.146,0.436,0.791,1.876,3.157,3.761,3.107,2.79,1.527,2.072,1.38,1.473,1.005,2.353,1.772,2.626,1.518,1.66,4.113,1.52,1.079,1.279,1.809,1.731,0.445,1.047,1.381,2.01,2.762,1.115,1.547,0.699,0.922,1.539,0.795,0.98,1.29,0.778,1.92,0.766,1.205,1.386,0.884,1.566,2.578,1.587,2.246,1.124,0.362,,0.508,0.648,1.162,3.423,1.605,1.532,0.553,0.698,0.427,1.54,1.095,0.946,0.866,0.231,0.658,0.58,0.305,1.059,0.394,2.91,0.482,1.792,2.031,2.866,1.341,0.307,2.481,2.452,2.958,2.112,1.09,0.772,1.042,0.542,0.805,0.583,1.978,0.51,0.808,1.244,1.331,0.426,0.862,0.975,0.158,0.479,,0.715,0.447,0.21,0.669,2.208,0.778,1.668,0.15,0.71,1.005,1.352,2.432,0.78,1.704,1.083,2.817,1.064,0.431,1.785,1.391,0.871,1.184,2.686,1.044,1.282
20150124,15,CO_24h,2.791,3.072,4.037,3.783,2.485,3.427,5.954,1.383,1.65,3.195,3.312,4.109,4.142,1.937,2.764,1.36,1.154,1.812,1.426,1.178,1.793,1.223,1.239,1.276,2.243,1.607,2.158,2.216,1.959,1.749,1.653,1.288,1.889,1.636,1.293,1.546,1.443,1.8,1.134,1.424,0.658,1.564,1.83,1.105,1.754,1.013,0.859,1.258,2.894,1.278,2.356,1.406,1.24,0.987,1.101,1.514,1.072,1.272,1.006,0.765,0.962,1.183,0.9,0.519,1.238,2.085,0.724,1.312,1.147,3.246,2.039,2.51,1.391,3.449,1.591,1.172,3.737,1.148,1.261,2.026,0.803,1.983,2.516,3.304,3.247,2.945,3.52,1.573,1.571,1.997,2.085,2.118,1.848,0.922,2.012,1.179,0.906,0.891,0.905,1.12,0.807,0.956,1.686,1.489,1.046,1.081,2.433,2.867,3.103,3.893,3.633,1.616,2.15,2.136,2.86,1.901,1.487,1.522,2.199,0.996,2.169,2.121,1.033,2.631,4.958,2.506,3.247,1.477,1.914,2.18,1.654,2.036,1.692,3.208,0.649,0.773,0.954,0.653,1.489,1.435,2.8,1.244,1.44,1.354,1.392,1.077,0.442,2.171,2.823,3.515,2.595,1.942,1.605,0.82,1.242,1.873,1.928,2.91,2.424,2.076,1.792,1.994,1.885,1.058,1.192,1.844,1.966,0.746,1.772,1.497,1.137,2.193,1.068,1.557,1.584,1.55,2.026,1.844,2.358,1,1.118,1.639,1.834,1.846,,0.673,1.638,2.555,0.891,4.208,2.57,2.072,2.233,4.735,5.064,0.89,0.756,0.413,1.321,1.774,1.032,0.483,0.739,1.553,1.011,1.443,1.575,0.839,1,1.616,0.786,1.343,2.346,2.035,2.12,0.8,1.108,1.053,0.906,0.933,1.126,1.905,1.466,1.756,3.067,2.862,,1.867,1.351,1.439,1.381,1.5,1.574,2.56,1.258,2.015,1.792,0.995,1.545,1.165,2.115,1.549,1.084,2.07,0.99,1.282,0.797,0.961,2.832,3.077,2.832,1.752,1.984,1.632,1.68,1.44,1.57,0.882,2.083,1.842,2.172,1.433,1.443,3.733,1.914,1.176,2.355,1.905,3.007,0.88,0.94,1.84,1.017,3.331,1.255,1.467,0.767,1.138,2.009,0.857,1.171,0.986,1.051,2.453,0.772,1.027,1.797,1.621,1.318,1.98,1.787,2.108,1.248,0.581,,1.035,0.858,1,3.278,1.512,1.674,0.646,0.655,0.575,1.222,0.355,1.174,0.811,0.423,0.866,0.854,0.321,1.262,0.508,1.915,1.501,1.971,2.114,4.295,1.4,0.356,2.364,3.422,2.619,1.768,1.257,0.93,1.898,0.866,1.309,0.597,2.635,1.142,1.299,3.909,3.76,1.641,0.713,0.848,0.715,0.585,0.399,0.914,0.917,0.463,1.109,3.302,1.363,2.432,0.362,1.317,2.726,1.929,1.965,1.269,1.47,1.47,2.782,0.99,0.606,1.545,2.581,1.189,1.416,2.734,1.323,2.234
20150124,17,AQI,97,57,208,81,53,352,105,118,48,56,64,415,278,131,82,168,52,274,182,122,254,165,222,71,214,232,177,258,296,219,109,92,126,184,58,58,170,208,131,61,59,120,97,65,116,70,75,105,418,105,339,149,108,108,70,80,86,66,121,74,63,143,65,61,227,150,61,34,36,144,78,110,73,170,126,117,119,84,174,114,74,120,200,308,338,239,257,229,185,174,228,130,137,142,196,120,77,64,61,116,78,89,105,125,103,21,369,73,182,177,167,63,213,143,150,65,232,56,167,114,160,219,86,255,349,339,295,217,221,282,163,110,144,206,116,62,79,50,122,255,44,256,293,161,219,156,48,130,244,161,80,172,77,97,90,59,150,270,296,98,130,96,115,163,137,133,170,104,122,91,158,172,216,234,168,304,209,181,233,271,148,126,109,154,,75,230,324,70,362,96,156,91,106,91,37,41,48,55,80,52,26,46,57,175,174,121,45,60,154,54,86,78,138,221,67,148,146,44,85,52,191,99,242,115,58,,211,214,192,104,239,69,148,68,70,71,58,63,78,193,119,73,67,55,110,55,56,304,179,281,264,267,161,280,222,113,196,110,218,171,110,117,227,208,111,68,133,73,67,195,76,230,91,58,56,72,65,73,98,68,70,60,54,130,204,175,207,240,258,138,232,119,21,,37,124,50,160,120,38,43,50,49,105,48,40,21,41,47,39,45,55,35,25,33,19,39,36,33,38,228,77,300,246,142,96,70,81,65,105,59,72,93,132,68,138,61,118,146,64,44,115,36,65,54,125,68,108,30,65,80,125,119,57,62,75,103,78,37,247,70,89,86,214,48,65
20150124,17,PM2.5,72,19,157,41,19,301,71,46,19,24,25,328,227,99,57,127,32,223,137,92,203,125,171,51,163,181,133,207,245,168,81,68,95,138,40,40,128,157,99,43,24,90,72,44,87,41,54,63,329,78,288,111,80,80,44,58,63,47,91,53,37,108,36,30,176,115,43,8,11,110,40,82,35,128,95,88,89,53,131,85,45,90,150,257,287,188,206,178,139,131,177,98,104,108,147,90,53,37,33,87,57,66,78,94,76,10,318,45,137,133,126,44,162,109,115,46,181,33,126,85,121,168,41,204,298,288,244,166,170,231,123,75,110,155,87,24,55,15,92,204,16,205,242,122,168,118,5,98,193,122,56,130,32,45,50,41,115,219,245,73,98,71,86,123,104,101,128,77,92,67,120,130,165,183,127,253,158,136,182,220,113,95,81,117,,54,179,273,50,311,59,118,67,79,67,11,24,25,20,47,30,14,25,21,132,131,91,31,42,117,31,63,27,105,170,48,113,111,24,62,25,143,74,191,86,40,,160,163,144,77,188,49,113,47,45,50,34,44,57,145,89,29,48,32,82,29,39,253,135,230,213,216,122,229,171,84,147,82,167,118,82,86,176,157,70,41,101,40,48,146,55,179,67,25,24,50,46,48,73,48,50,34,27,98,153,132,156,189,207,105,181,89,11,,9,93,27,121,90,1,27,21,25,78,10,24,8,18,28,16,18,15,3,13,15,7,11,2,12,20,177,44,249,195,39,71,21,59,34,66,19,43,69,100,22,105,20,67,111,20,8,37,20,23,18,94,44,80,19,46,44,34,89,15,36,54,76,37,12,196,50,66,63,163,22,46
20150124,17,PM2.5_24h,139,152,204,168,102,276,298,28,59,182,151,279,243,77,56,104,98,170,132,114,168,142,140,115,169,152,159,197,176,183,136,91,140,132,94,122,139,192,123,117,49,135,93,108,136,71,70,79,170,99,209,96,101,64,49,62,58,53,77,60,42,82,47,24,133,174,68,15,29,121,55,104,56,132,96,92,111,45,88,73,59,153,203,245,198,186,171,194,124,168,133,133,145,81,173,64,69,37,47,69,56,56,83,98,51,16,197,69,112,156,124,40,97,90,77,51,123,108,147,103,142,172,54,153,282,213,182,153,141,200,132,82,111,132,66,37,58,25,125,179,53,169,178,147,131,109,12,143,152,97,103,123,45,35,56,46,92,226,152,98,148,108,152,114,113,119,130,75,83,95,131,117,143,178,130,204,180,148,145,167,111,125,113,122,,84,133,168,69,136,156,91,71,134,66,44,67,37,66,53,83,20,38,19,93,119,101,34,55,133,95,88,43,113,155,39,74,111,66,65,88,116,93,167,87,71,,134,144,158,80,129,49,139,69,56,69,63,71,77,130,71,78,62,63,69,57,68,178,151,172,131,124,127,160,116,82,105,84,162,99,82,82,168,188,82,133,77,50,87,125,99,120,77,40,41,57,55,90,68,63,67,73,65,104,144,187,201,142,186,123,140,105,16,,35,91,42,91,99,31,38,32,41,62,13,31,16,45,56,39,27,20,34,13,75,14,13,75,17,9,173,65,136,101,52,74,48,82,86,64,66,84,91,218,125,125,29,64,56,46,33,56,57,48,56,118,58,96,31,41,99,65,71,34,18,72,106,51,28,177,90,76,80,97,41,79
20150124,17,PM10,80,62,258,110,54,418,157,183,47,60,76,514,291,159,112,159,51,259,153,115,306,161,221,73,234,295,208,278,357,254,134,100,152,223,59,60,182,195,141,53,36,115,102,77,130,88,89,157,517,119,303,246,107,115,88,94,99,64,130,79,74,234,77,69,258,184,63,29,35,211,104,159,93,229,152,131,185,115,151,114,96,156,176,334,395,216,341,271,179,204,285,149,130,151,189,140,102,76,69,130,87,89,123,122,101,19,419,94,184,204,186,71,218,142,157,61,229,60,169,107,165,185,120,280,366,338,332,220,221,308,194,168,150,198,142,50,105,37,122,283,43,262,299,207,239,152,25,188,258,163,108,183,101,142,128,66,181,279,388,92,119,85,112,,151,147,198,111,126,83,174,211,235,264,196,271,240,203,232,296,157,116,152,180,,84,251,352,71,426,140,207,89,136,81,31,40,47,58,108,51,23,31,61,159,178,110,43,66,156,56,87,103,189,232,78,181,127,43,80,51,162,84,221,108,56,,238,206,158,108,224,67,146,83,87,89,64,60,94,228,158,93,74,58,131,58,59,205,186,281,243,279,164,286,220,159,214,160,229,290,120,181,320,170,169,83,174,93,65,279,95,259,85,63,60,91,74,93,133,84,77,68,55,149,198,178,196,304,269,198,265,147,20,,23,145,49,225,109,23,39,35,48,136,47,24,20,40,46,38,24,58,34,24,31,18,9,15,,21,207,101,346,,231,119,88,109,78,158,66,91,99,179,84,149,70,184,187,75,18,177,35,78,55,130,83,115,29,68,107,198,106,38,49,70,141,104,18,203,82,101,96,191,41,64
20150124,17,PM10_24h,172,241,322,257,176,419,415,79,107,254,257,434,348,125,135,138,130,207,170,129,244,174,183,153,240,247,216,250,247,239,197,124,217,179,124,173,197,237,161,170,66,176,131,149,177,96,100,162,289,137,260,160,141,94,86,101,91,79,100,88,85,120,83,49,195,277,88,37,59,241,127,176,113,196,154,146,213,100,115,106,83,189,277,321,277,241,285,273,159,256,226,211,196,111,225,108,103,72,77,120,84,88,122,135,75,30,278,138,159,206,245,82,148,145,93,79,154,138,191,122,198,205,130,230,390,259,287,228,182,285,211,170,151,200,114,64,90,52,179,242,115,211,219,244,180,148,30,249,212,158,157,177,153,157,162,82,117,296,238,138,178,132,186,145,150,159,194,105,103,136,173,173,187,251,178,200,258,175,178,230,144,200,211,190,,103,215,235,86,210,252,164,110,240,105,100,100,61,120,124,109,36,108,51,118,168,129,56,77,189,129,107,126,169,206,66,110,125,95,105,127,135,151,188,118,104,,204,189,163,117,132,64,162,91,96,95,118,99,133,206,137,120,99,102,109,98,104,196,237,221,182,178,227,200,165,146,158,133,243,182,121,137,251,250,155,229,122,107,118,233,170,187,126,71,77,100,83,135,131,91,106,96,128,162,194,245,278,226,255,221,214,180,28,,66,117,64,183,125,50,52,48,76,109,31,59,39,65,73,79,33,71,39,24,133,37,22,124,26,39,204,134,190,122,175,98,118,234,142,172,113,154,126,325,209,157,87,124,140,119,56,230,120,110,99,151,112,147,42,106,189,208,87,51,30,95,143,125,57,217,170,122,89,135,71,109
20150124,17,SO2,34,23,59,105,53,86,102,86,37,24,31,106,56,90,70,131,85,134,79,23,65,26,39,21,85,79,46,70,67,51,28,20,34,57,20,28,79,52,32,10,8,44,63,15,40,9,13,34,251,19,63,41,50,27,8,14,23,11,38,13,10,44,10,5,46,24,18,9,6,91,30,28,168,54,49,47,77,76,84,61,13,78,40,104,63,91,122,49,41,71,119,66,13,26,45,55,20,7,6,14,12,5,53,19,19,4,102,35,46,197,25,109,219,56,78,116,70,58,77,27,27,33,27,71,70,86,90,58,53,50,50,29,42,17,62,4,16,2,15,48,37,54,19,26,16,32,13,99,123,96,40,79,106,85,110,7,39,70,241,24,11,38,37,41,29,45,36,33,41,25,24,60,26,71,70,62,58,79,58,63,23,24,18,48,,182,29,49,16,74,117,110,18,49,100,9,7,21,13,94,13,29,5,100,40,26,42,46,18,27,30,56,56,24,38,28,21,20,41,69,43,41,31,24,121,13,,17,36,27,19,29,31,40,10,43,21,11,9,14,82,146,15,40,19,103,26,27,13,54,49,103,65,35,72,120,52,79,46,29,76,50,7,31,25,29,21,44,17,23,115,50,31,20,7,8,42,20,19,22,11,11,3,43,17,44,36,26,38,57,12,14,44,5,,45,31,60,26,45,14,3,6,8,25,4,8,20,12,6,15,3,4,2,12,6,4,7,26,8,3,43,40,135,45,120,16,85,13,33,58,41,18,14,123,10,20,20,22,17,13,8,21,5,12,19,67,12,48,24,19,36,15,34,20,226,35,36,7,1,21,124,16,17,134,143,53
20150124,17,SO2_24h,46,67,159,133,89,200,174,63,55,71,121,107,189,144,102,135,97,107,146,22,41,31,48,37,61,47,48,65,42,47,24,23,36,30,22,30,54,38,39,14,8,56,41,33,45,8,20,32,154,29,70,56,43,29,11,13,27,15,38,18,11,36,13,4,32,36,20,22,14,92,33,47,164,35,63,48,121,72,57,42,10,131,50,111,110,136,188,63,47,80,94,78,29,25,77,36,21,7,9,16,15,5,35,17,14,15,91,86,86,480,102,113,151,76,100,111,64,68,64,31,35,29,59,117,210,60,141,76,79,46,53,42,45,19,20,4,17,1,20,44,60,49,20,27,10,44,22,79,146,104,48,82,104,49,154,7,23,94,159,71,29,57,49,46,33,31,30,20,32,39,28,39,18,74,40,49,88,43,33,35,25,31,26,45,,134,37,49,23,153,274,159,44,126,135,29,15,26,83,60,17,44,34,58,44,44,54,33,16,44,55,63,60,18,37,26,15,21,45,57,50,44,41,27,72,14,,15,40,58,20,37,18,32,9,46,27,26,10,14,80,90,83,66,50,73,35,132,186,146,61,56,66,46,56,58,74,59,68,73,46,33,18,56,41,41,84,74,25,86,98,57,28,29,7,10,23,91,29,20,11,22,9,57,16,31,57,35,33,41,13,12,51,5,,33,16,48,38,39,9,6,9,21,61,5,11,34,21,10,14,6,14,2,16,11,5,9,45,18,3,35,48,95,34,64,28,69,118,46,29,102,66,32,141,83,35,24,39,23,27,54,19,23,35,32,83,33,20,24,24,48,69,32,18,72,17,24,10,3,33,144,26,25,109,67,77
20150124,17,NO2,62,36,94,58,22,102,61,48,49,30,26,143,100,49,55,72,38,87,82,78,149,104,63,22,76,85,99,102,151,48,24,26,36,118,39,71,84,84,75,22,35,61,55,39,44,36,33,71,156,27,100,123,71,88,31,58,73,42,72,36,26,122,20,9,69,72,26,15,8,58,39,50,45,80,59,51,49,51,56,31,55,48,38,109,103,57,110,56,64,60,95,63,19,58,47,92,48,14,14,75,36,39,93,48,35,3,108,38,57,76,70,48,95,45,76,41,63,54,58,43,16,82,21,98,94,84,91,89,61,70,62,53,47,47,63,12,45,12,60,64,25,44,47,69,34,31,9,68,76,58,50,59,15,28,50,16,37,52,147,9,11,29,19,10,40,33,43,37,47,14,74,123,134,120,160,106,106,99,197,131,49,84,71,120,,49,119,62,42,40,46,51,23,33,44,10,22,52,16,55,24,5,6,27,33,32,42,48,54,62,30,22,32,46,55,42,61,61,29,52,27,71,31,61,80,35,,27,53,57,15,46,38,47,35,44,22,42,19,23,73,87,35,57,27,78,42,24,88,72,87,98,129,39,86,89,64,75,78,50,99,59,42,69,54,88,27,31,27,42,51,56,75,20,22,20,42,13,26,32,26,42,11,22,28,64,34,27,47,80,25,75,32,6,,23,20,29,53,38,7,13,8,6,27,4,13,8,4,12,10,16,14,3,16,5,4,4,2,2,2,62,50,106,54,33,32,25,12,27,33,13,11,31,130,10,31,5,21,8,7,8,9,11,5,9,34,6,34,12,17,19,10,41,25,46,32,50,7,5,67,30,46,40,63,25,39
20150124,17,NO2_24h,90,83,108,93,65,101,99,27,53,80,75,107,105,50,67,66,44,60,87,72,107,89,72,44,69,66,85,99,114,59,38,33,47,93,57,89,82,100,69,47,25,90,61,65,51,49,51,58,114,42,100,89,79,86,34,43,66,40,56,53,33,72,26,14,63,87,28,28,33,67,45,54,50,88,53,53,75,58,43,35,38,85,78,99,99,87,105,58,60,61,80,73,63,38,68,80,36,11,20,58,26,29,91,41,34,14,80,45,58,83,81,36,64,56,81,55,43,40,47,43,23,68,44,95,107,82,86,83,63,65,74,50,44,45,48,13,28,24,59,52,48,44,30,64,27,39,15,68,74,73,63,63,21,38,59,29,57,67,71,32,43,68,45,12,41,42,45,21,32,20,69,87,93,104,115,65,86,75,91,99,55,53,65,93,,37,117,55,41,47,69,54,28,59,36,28,29,32,43,61,30,10,18,18,37,36,37,24,30,47,29,39,28,73,36,29,28,57,27,58,29,70,36,60,67,69,,30,51,48,21,41,39,54,39,52,24,57,20,30,58,70,51,62,54,60,45,57,102,98,90,83,99,41,74,70,63,66,53,66,58,42,36,78,56,76,55,36,47,60,44,80,49,44,13,18,53,24,38,30,22,44,29,52,33,39,67,79,32,54,29,39,38,17,,35,23,22,52,35,8,11,9,24,27,2,21,21,11,15,28,17,32,17,15,27,11,11,30,17,3,55,68,54,41,20,30,34,31,50,42,28,27,35,151,43,50,9,22,20,15,29,11,17,16,23,59,22,62,12,38,36,28,40,29,24,46,71,20,16,69,53,76,43,50,22,41
20150124,17,O3,26,32,4,30,40,9,15,25,33,26,37,5,5,20,21,50,28,56,49,77,14,71,52,85,45,28,56,56,22,35,81,91,57,65,111,69,65,78,99,95,97,124,110,103,39,108,99,32,14,93,14,7,44,98,99,69,68,39,91,107,100,47,106,67,6,42,91,68,78,18,68,84,51,25,29,58,33,52,66,40,90,36,83,15,4,31,18,49,32,70,9,28,94,35,36,47,97,111,106,48,83,65,50,112,58,49,6,40,19,23,28,22,24,54,55,45,66,30,15,60,50,27,85,9,3,12,16,15,22,11,13,35,10,31,55,121,88,94,30,65,69,69,39,24,22,77,102,29,41,70,37,20,83,70,55,75,70,50,10,63,99,89,97,78,28,70,57,58,59,74,72,29,24,28,11,23,38,50,19,57,80,112,55,88,,8,16,23,81,3,58,28,46,40,24,90,62,30,84,35,55,49,92,38,77,63,83,51,39,39,35,63,19,31,12,39,37,88,34,78,27,29,47,30,46,77,,45,44,102,28,36,42,95,99,77,113,57,84,57,22,12,92,69,66,29,75,137,49,11,2,8,6,23,9,7,63,27,47,16,9,73,44,15,3,30,59,38,91,92,31,50,11,84,53,90,65,120,95,75,44,68,108,81,47,34,101,87,23,40,27,10,80,57,,93,40,89,25,52,83,85,101,81,74,89,103,45,87,85,117,100,88,57,44,84,31,92,84,80,83,19,32,15,32,46,80,77,87,83,76,84,81,73,69,94,94,112,64,105,94,106,126,22,72,56,60,41,83,17,65,69,41,47,114,43,41,37,63,92,6,40,97,60,36,29,31
20150124,17,O3_24h,44,46,17,51,44,17,36,62,60,35,64,24,10,36,32,58,54,86,61,105,33,87,62,88,64,44,72,63,49,45,89,105,63,90,120,99,79,78,129,104,123,139,121,129,50,119,107,64,49,105,39,84,78,117,120,107,102,95,122,155,137,121,120,78,45,44,97,74,82,36,75,92,56,28,86,83,37,63,81,45,115,38,86,44,31,42,35,67,58,82,40,38,95,88,55,108,146,139,118,118,140,126,142,174,85,50,53,45,42,46,34,36,38,71,64,57,85,61,49,76,77,44,98,27,26,51,53,78,53,25,37,91,29,98,132,145,140,142,40,81,73,98,61,43,25,89,102,45,54,74,42,44,85,88,62,77,70,70,47,73,99,104,105,92,38,79,63,91,76,89,89,79,65,56,67,76,52,74,70,58,83,80,75,117,,32,99,53,120,25,64,41,72,41,33,92,73,60,85,64,68,61,97,46,82,83,107,79,70,66,49,69,40,136,41,65,79,111,60,79,44,67,60,43,109,98,,56,93,127,70,64,59,101,107,89,131,90,101,76,61,54,137,101,77,61,117,138,109,41,45,54,69,46,42,44,73,62,75,58,65,104,73,51,9,92,80,91,121,127,79,73,38,98,89,109,77,133,111,92,75,84,116,86,55,88,101,90,63,45,35,38,89,63,,102,51,97,51,79,84,114,131,85,91,98,106,47,91,90,117,104,94,59,62,84,32,93,95,86,84,26,55,44,79,56,105,59,92,84,56,91,85,97,114,94,121,113,64,107,103,108,126,25,76,60,62,41,85,19,65,85,45,64,118,74,52,46,79,93,38,44,150,94,45,38,46
20150124,17,O3_8h,24,37,5,36,39,10,15,38,42,26,33,9,8,26,20,47,37,59,42,75,12,54,46,74,42,27,40,34,23,30,61,84,43,52,101,63,66,38,87,81,109,97,82,89,29,82,79,44,12,89,13,30,49,81,96,63,57,44,76,118,102,32,97,60,5,23,77,66,57,18,56,66,36,17,40,63,17,39,70,40,93,24,52,16,5,31,19,53,30,53,12,27,70,46,39,34,93,111,106,52,88,80,38,106,51,41,11,32,19,25,27,20,27,53,38,47,59,47,31,64,49,28,77,12,3,11,18,17,30,11,11,47,9,36,81,113,105,98,19,37,42,31,36,17,20,61,94,20,34,36,27,25,70,47,46,60,51,39,21,61,73,62,66,71,22,53,49,68,53,57,59,49,41,35,34,33,36,32,33,36,62,67,54,73,,23,20,18,95,4,38,30,58,28,23,73,64,51,58,25,53,50,90,42,60,60,81,65,53,50,42,54,28,43,24,49,55,68,52,57,35,36,37,27,64,67,,42,47,96,39,34,37,64,86,59,102,63,72,53,25,21,103,52,61,27,94,97,26,8,3,10,11,21,12,9,60,19,61,14,31,85,56,17,3,32,53,55,96,87,50,46,12,83,57,91,60,107,84,77,48,69,96,58,42,23,47,40,22,36,24,15,54,41,,72,35,77,18,48,75,85,99,61,69,86,79,34,79,71,64,88,57,56,45,65,24,76,70,65,75,15,32,20,43,47,71,34,57,65,39,69,63,59,66,67,71,89,41,76,75,87,105,21,66,51,37,30,66,17,32,57,32,41,107,45,34,16,42,73,6,38,77,60,34,28,40
20150124,17,O3_8h_24h,29,37,18,37,39,36,31,58,42,26,59,49,13,26,25,47,54,71,42,78,37,62,54,74,69,54,62,66,60,43,61,84,45,55,101,81,66,56,87,96,114,97,86,89,32,114,97,49,66,91,34,44,74,105,126,106,112,90,118,134,140,119,116,70,36,25,86,69,80,25,69,68,42,19,77,92,27,52,70,40,113,37,55,58,39,42,46,69,62,77,50,34,71,85,63,105,150,132,120,114,139,119,111,176,86,45,62,41,48,46,48,36,40,53,53,47,75,54,34,68,56,43,77,43,27,63,48,87,35,29,36,81,29,69,121,142,144,150,19,69,46,83,55,30,22,79,96,36,54,55,37,37,75,75,49,63,54,69,52,61,79,77,66,71,52,53,49,80,59,68,68,60,57,55,64,77,39,70,78,50,62,67,58,73,,27,96,62,111,26,60,35,67,33,33,73,64,51,58,62,53,56,90,42,61,60,81,74,64,50,46,54,32,98,38,49,58,77,55,67,54,58,42,51,70,68,,43,66,109,42,70,41,75,103,59,104,83,101,53,58,64,103,104,69,65,94,100,31,45,73,59,75,55,68,63,61,55,62,68,58,85,63,45,11,85,53,85,133,114,72,64,43,88,78,118,73,139,119,100,71,96,125,58,44,83,47,42,56,36,28,30,80,45,,89,43,89,52,76,77,110,125,79,93,96,93,42,79,86,80,100,75,58,59,74,24,87,78,83,84,26,34,35,77,55,99,48,69,70,44,86,63,88,66,67,71,89,41,76,99,94,108,21,66,59,50,30,68,18,41,68,41,57,111,68,39,27,257,85,48,38,126,124,39,37,42
20150124,17,CO,1.683,0.895,2.568,1.266,0.403,3.048,2.366,2.078,0.671,0.497,0.772,9.093,3.015,2.055,1.76,1.468,0.673,1.929,0.951,1.052,2.734,1.217,1.375,0.595,2.384,2.307,1.784,1.894,2.732,1.989,1.333,1.126,1.337,1.39,0.866,0.694,1.006,1.412,1,0.55,0.455,1.154,1.981,0.822,1.628,0.69,0.651,1.255,4.094,0.974,3.587,1.809,1.002,1.088,1.119,1.563,1.18,1.369,1.142,0.783,0.938,1.515,0.771,0.604,1.466,1.361,0.573,1.091,0.583,2.89,1.835,1.74,0.848,2.154,1.633,0.966,1.461,1.067,1.532,2.111,0.672,1.407,1.405,3.043,4.448,2.272,2.838,1.542,1.514,1.417,2.632,1.624,0.904,1.149,1.898,1.494,0.908,0.946,0.809,1.506,0.94,1.26,1.564,2.01,1.114,0.587,4.387,1.374,2.574,3.178,2.639,1.244,2.282,2.169,2.964,1.079,2.201,1.008,2.133,0.831,1.958,2.164,0.715,4.426,3.907,3.98,4.239,1.796,2.157,2.142,1.705,2.078,1.654,3.431,0.774,0.732,1.079,0.509,1.007,1.628,1.338,1.157,1.673,1.101,1.736,1.092,0.344,1.812,2.924,2.649,2.153,1.808,1.445,1.031,0.894,1.756,1.926,1.813,3.141,0.899,0.791,0.798,0.876,0.741,0.974,1.231,1.652,0.592,1.77,0.96,1.092,2.494,1.579,1.333,,2.141,1.546,1.948,2.716,1.239,0.939,1.345,1.219,1.311,,0.613,1.342,3.209,0.767,5.319,1.244,2.263,1.684,2.893,4.615,0.643,0.381,0.737,0.942,1.301,0.618,0.279,0.529,1.489,0.906,1.564,1.711,1.393,1.626,1.412,0.461,1.037,1.843,2.04,2.335,0.761,1.828,1.176,0.746,0.727,0.366,2.03,1.393,1.888,3.83,2.476,,1.884,1.591,1.401,1.369,2.094,1.299,2.467,0.966,1.415,1.658,0.834,1.175,0.798,1.802,2.519,0.435,1.714,0.388,1.259,0.375,0.762,1.866,2.369,3.463,3.446,3.093,1.47,1.971,2.046,1.381,0.884,1.901,1.81,3.285,1.65,1.36,3.408,1.664,1.315,1.271,1.824,1.74,0.6,1.189,1.205,1.769,2.813,1.149,1.575,0.717,0.925,1.333,0.955,1.084,1.38,0.732,1.945,0.822,1.166,1.257,0.581,1.615,2.489,1.735,2.388,1.057,0.332,,0.653,0.827,1.142,3.322,1.639,1.434,0.521,0.676,0.426,1.297,0.329,0.914,0.879,0.233,0.689,0.437,0.321,0.998,0.403,1.957,0.367,1.773,1.967,2.309,1.261,0.288,2.267,2.523,3.428,2.439,1.366,0.739,0.852,0.233,0.714,0.647,2.107,1.013,0.705,1.837,1.333,1.103,0.891,1.044,0.303,0.49,,1.127,0.665,0.215,0.689,2.35,0.637,1.416,0.1,0.46,1.048,1.157,2.031,0.951,1.924,0.936,1.933,0.853,0.417,1.672,1.444,0.999,1.271,3.125,1.061,1.45
20150124,17,CO_24h,2.688,2.941,4.005,3.753,2.208,3.531,5.781,1.447,1.43,3.071,3.254,4.499,4.075,1.915,2.754,1.358,1.127,1.843,1.41,1.172,1.9,1.219,1.246,1.252,2.297,1.686,2.152,2.228,2.045,1.779,1.639,1.207,1.87,1.628,1.26,1.501,1.422,1.793,1.093,1.361,0.628,1.571,1.85,1.108,1.783,0.98,0.85,1.277,3.192,1.28,2.548,1.439,1.223,1.022,1.109,1.521,1.108,1.298,1.042,0.777,0.972,1.235,0.878,0.528,1.256,1.987,0.706,1.315,1.139,3.261,1.958,2.288,1.35,3.387,1.599,1.152,3.734,1.181,1.285,1.971,0.792,2.047,2.488,3.398,3.455,2.985,3.636,1.635,1.592,2.01,2.161,2.145,1.831,0.938,2.027,1.239,0.921,0.902,0.911,1.161,0.814,1.005,1.705,1.526,1.079,1.065,2.628,2.853,3.173,3.953,3.736,1.635,2.182,2.132,2.866,1.668,1.565,1.467,2.246,0.983,2.172,2.155,1.022,2.842,5.119,2.678,3.422,1.547,1.93,2.215,1.672,2.058,1.723,3.287,0.651,0.761,0.954,0.637,1.467,1.492,2.743,1.249,1.472,1.37,1.422,1.083,0.437,2.2,2.874,3.564,2.589,1.966,1.617,0.862,1.239,1.891,1.971,2.966,2.602,2.065,1.757,1.984,1.897,1.05,1.2,1.784,1.997,0.75,1.793,1.499,1.14,2.244,1.132,1.577,1.642,1.618,1.94,1.859,2.383,1.02,1.077,1.589,1.8,1.825,,0.676,1.696,2.661,0.889,4.435,2.599,2.096,2.183,4.71,5.075,0.825,0.722,0.422,1.304,1.824,1.02,0.459,0.73,1.42,0.967,1.43,1.576,0.883,1.039,1.559,0.73,1.335,2.386,2.046,2.163,0.759,1.15,1.087,0.883,0.928,1.05,1.951,1.491,1.807,3.061,2.908,,1.896,1.409,1.472,1.407,1.584,1.444,2.617,1.237,1.962,1.797,1.126,1.504,1.145,2.129,1.749,1.055,2.089,0.956,1.292,0.771,0.951,2.97,3.161,3.011,1.974,2.112,1.63,1.774,1.475,1.528,0.917,2.066,1.866,2.177,1.447,1.451,3.784,1.912,1.188,2.29,1.921,3.033,0.865,0.977,1.817,1.116,3.388,1.225,1.473,0.748,1.131,1.979,0.872,1.159,1.029,1.019,2.398,0.774,1.049,1.776,1.57,1.349,2.045,1.79,2.138,1.243,0.559,,1.031,0.862,1.005,3.258,1.549,1.567,0.621,0.644,0.577,1.265,0.359,1.169,0.847,0.406,0.851,0.86,0.32,1.269,0.524,1.974,1.495,1.949,2.108,4.291,1.41,0.351,2.385,3.41,2.695,1.833,1.218,0.917,1.883,0.867,1.256,0.607,2.585,1.081,1.245,3.781,3.709,1.537,0.727,0.869,0.63,0.59,0.392,0.869,0.835,0.421,1.084,3.311,1.351,2.406,0.34,1.308,2.678,1.912,2.04,1.237,1.553,1.263,2.843,1.003,0.607,1.583,2.374,1.213,1.408,2.75,1.309,2.209
20150124,18,AQI,91,58,182,72,52,362,109,83,63,59,58,491,239,133,91,188,58,304,241,120,283,168,195,72,221,237,181,222,297,219,122,92,121,182,66,58,175,209,116,63,59,156,110,82,117,66,69,105,320,94,311,163,116,115,69,78,96,64,105,75,64,148,63,62,225,141,64,40,104,154,79,108,68,156,131,128,95,80,188,128,81,124,172,304,387,206,247,219,192,184,212,127,124,147,200,131,91,69,60,149,86,97,121,156,168,23,415,69,188,192,157,58,224,153,185,80,260,60,213,122,156,246,85,272,375,325,282,236,212,309,205,113,143,192,121,64,92,52,117,266,55,236,300,149,223,179,49,157,260,168,85,179,78,93,94,59,119,256,294,81,111,94,117,113,146,133,165,106,142,109,153,133,191,220,154,312,222,172,245,284,128,142,114,178,,91,244,314,77,363,92,154,96,87,91,41,48,81,55,104,66,26,47,56,221,160,137,52,70,167,80,116,94,202,263,77,177,158,77,87,52,178,116,246,115,71,,220,224,191,114,244,80,172,71,79,87,64,71,81,205,122,74,65,56,87,56,56,281,198,269,259,273,161,285,253,117,189,108,218,184,116,118,227,208,124,74,160,68,77,189,78,232,91,61,59,74,64,75,97,75,76,59,56,137,212,161,133,239,276,143,223,108,23,,41,130,53,136,108,39,44,51,49,111,44,45,22,43,54,38,47,51,31,29,38,35,42,46,36,55,234,77,314,259,152,94,71,84,73,99,63,65,120,158,61,160,66,,88,85,49,102,39,73,56,128,63,104,38,49,91,118,105,58,69,65,66,79,42,240,89,114,120,209,50,77
20150124,18,PM2.5,67,24,137,36,25,311,75,53,21,32,22,345,188,101,67,141,40,253,190,90,232,127,146,52,170,186,136,171,246,168,92,68,91,137,47,40,132,158,87,44,17,118,82,60,88,40,49,71,269,70,260,123,87,86,45,57,71,45,78,54,40,113,34,33,174,107,45,10,21,117,45,80,41,118,99,97,70,50,141,97,52,93,130,253,336,155,196,168,144,138,161,96,93,112,150,99,67,41,32,114,63,72,91,118,127,11,371,46,141,144,119,39,173,116,139,58,209,35,162,92,118,195,48,221,324,274,231,185,161,258,154,84,109,144,91,28,68,18,88,215,18,185,250,114,172,135,6,119,209,127,62,135,34,40,69,36,89,205,243,59,83,70,88,84,111,101,125,79,108,81,116,101,143,169,117,261,171,130,194,233,97,108,85,134,,67,193,263,56,312,67,117,71,64,67,16,27,59,25,77,47,10,29,23,170,121,104,35,50,126,44,87,40,151,212,56,133,120,56,64,23,134,87,195,86,51,,169,173,143,85,193,58,130,51,55,64,37,49,59,154,92,36,46,32,64,29,36,230,148,218,208,222,122,234,202,88,142,80,167,130,87,84,176,157,93,48,121,36,56,142,55,181,67,28,26,52,45,54,72,54,55,36,27,104,161,122,101,188,225,109,172,80,13,,11,98,31,103,80,4,29,19,26,83,10,27,6,21,34,13,23,14,2,9,17,11,9,20,13,17,183,53,263,208,43,70,21,58,32,72,23,42,90,110,24,121,19,,40,22,22,36,20,26,19,97,39,77,23,19,46,32,78,16,49,46,42,39,20,189,66,85,90,158,35,56
20150124,18,PM2.5_24h,132,146,204,162,95,282,289,29,54,176,147,278,241,77,57,104,95,175,133,113,173,141,139,112,173,155,158,198,182,183,135,88,140,132,92,119,138,191,122,113,47,134,92,107,136,69,70,80,177,99,214,97,100,66,49,62,59,53,79,60,42,84,46,24,140,169,67,16,29,122,53,103,54,130,97,93,111,46,90,71,59,152,203,249,207,188,176,196,125,169,135,134,145,83,169,66,69,37,47,72,57,58,84,99,55,16,209,69,114,158,126,41,99,90,79,47,128,105,148,103,138,175,54,158,289,220,185,156,143,206,133,82,112,135,66,36,58,24,124,182,52,171,183,148,133,109,11,144,155,99,102,124,45,34,57,46,93,229,158,98,148,108,152,114,113,119,132,76,84,95,130,116,143,179,130,209,179,148,147,169,109,123,112,122,,83,138,176,69,145,158,91,71,132,67,42,64,38,65,56,80,20,38,15,94,120,103,35,55,132,89,87,45,115,158,40,75,113,64,65,83,119,94,172,87,71,,138,147,161,81,134,49,140,67,56,69,63,69,76,132,72,76,62,62,70,56,67,184,153,178,137,131,128,165,121,83,108,83,164,99,83,82,170,187,84,130,80,50,87,126,97,123,77,39,39,56,54,89,68,61,65,71,63,105,146,184,198,143,188,123,141,105,16,,34,91,41,92,99,28,37,31,41,65,13,31,16,44,55,40,27,21,34,13,75,13,13,76,17,9,174,66,144,107,51,75,47,83,83,65,64,83,92,216,124,125,29,,56,46,33,57,53,45,54,118,57,96,31,41,97,63,72,34,19,68,105,51,28,180,85,77,81,99,41,78
20150124,18,PM10,92,63,219,92,52,419,165,113,74,65,63,590,249,156,109,177,62,295,159,113,341,157,200,77,255,311,209,238,331,232,145,106,145,220,69,61,189,180,134,60,28,150,117,87,159,79,79,157,418,108,257,267,131,120,86,75,108,66,113,89,76,207,74,71,252,184,68,39,155,219,106,164,83,149,150,139,138,107,173,131,109,107,172,338,390,193,310,258,183,214,268,158,121,163,196,142,119,85,68,206,99,88,145,154,104,20,479,86,181,201,181,64,227,155,169,77,260,68,212,106,164,221,118,287,386,311,312,224,207,351,226,168,141,187,141,50,118,42,117,293,58,240,328,178,248,175,27,204,270,167,109,186,104,134,136,65,177,260,384,80,88,87,114,91,172,151,190,117,136,98,168,182,202,252,189,268,265,173,269,312,136,201,164,213,,107,265,352,80,432,132,191,97,98,82,36,47,97,57,146,70,25,35,59,190,180,124,52,79,171,107,106,136,240,286,91,213,146,96,89,52,150,125,216,113,90,,248,215,153,133,243,71,187,86,105,115,75,89,97,240,190,95,70,60,107,59,56,203,189,260,238,284,165,277,260,160,205,160,214,316,115,183,296,173,176,95,153,83,76,264,103,273,82,70,65,95,67,90,132,92,90,66,59,148,232,167,138,310,306,196,253,134,18,,27,138,53,193,95,25,43,35,48,134,31,,21,36,56,35,31,50,30,28,37,34,12,45,,58,212,101,389,197,251,123,89,116,93,146,74,78,131,263,70,147,80,,123,118,30,151,38,93,60,128,74,106,37,48,129,184,104,38,69,58,79,105,29,186,94,114,126,195,48,97
20150124,18,PM10_24h,164,232,322,250,166,425,403,80,99,247,251,450,343,126,135,138,127,212,168,128,252,173,182,150,245,252,216,252,253,238,196,120,217,180,121,168,195,237,160,168,64,175,130,146,178,95,100,162,299,137,263,164,139,97,86,97,93,78,103,88,86,126,82,50,202,270,87,37,64,242,125,176,110,193,154,147,213,101,116,105,84,190,277,324,285,242,292,277,175,256,229,212,194,113,221,110,104,73,77,124,84,90,123,135,78,30,290,138,161,210,246,79,150,145,97,73,161,135,194,121,193,210,130,234,398,266,288,231,184,291,212,170,151,201,114,63,91,51,178,247,114,212,225,245,182,149,30,249,215,159,157,178,153,154,163,81,119,300,248,137,177,133,185,144,151,160,196,106,105,136,173,174,187,252,179,218,257,175,182,232,142,198,209,191,,103,222,244,86,222,253,165,109,234,105,95,96,63,119,126,106,36,104,41,119,170,130,56,77,187,125,107,129,173,211,66,113,128,93,104,121,138,150,192,117,105,,209,192,166,119,136,65,164,90,95,96,118,97,132,209,145,118,99,101,110,97,103,197,237,227,187,186,226,206,170,150,162,133,244,187,121,139,256,250,155,223,123,107,117,235,167,192,126,69,75,100,82,131,131,90,104,94,123,161,197,242,274,228,257,221,216,178,28,,66,117,63,183,125,45,50,47,76,112,32,59,39,63,72,81,33,71,39,25,133,37,23,125,27,35,205,135,201,123,177,102,117,234,139,168,111,152,127,325,208,157,87,,141,122,57,234,114,107,97,152,112,146,42,105,187,207,89,49,33,88,140,124,58,218,160,124,91,136,70,107
20150124,18,SO2,26,23,35,85,36,71,65,85,39,30,39,73,56,119,69,152,67,157,93,20,60,24,36,20,75,71,46,59,62,43,25,20,33,53,14,25,72,42,29,10,7,59,32,14,36,7,11,34,172,19,45,39,43,25,11,13,22,11,23,13,9,44,11,5,46,22,29,10,5,85,34,26,178,47,110,46,85,49,93,55,11,84,34,70,52,92,118,47,36,70,114,65,12,27,45,41,22,7,6,14,14,7,34,17,27,5,115,34,33,246,24,92,213,65,86,104,64,69,73,27,19,31,20,74,84,58,74,60,41,47,37,30,32,16,47,4,20,2,15,48,48,59,17,22,13,33,15,84,125,100,39,65,128,70,120,6,35,71,166,21,9,42,28,35,27,48,33,27,36,22,19,57,19,49,58,64,52,59,53,60,22,14,21,55,,236,31,45,19,81,107,124,19,54,103,10,10,22,20,57,23,23,5,73,43,34,79,42,13,35,31,85,68,21,51,27,16,21,68,31,48,39,33,22,106,11,,17,33,26,21,35,36,45,10,44,25,15,9,16,74,174,22,61,22,57,44,31,122,54,42,101,59,31,71,121,25,66,33,27,64,56,5,25,22,40,16,39,13,27,93,50,26,19,8,8,51,20,13,22,11,15,3,43,14,41,28,27,36,56,13,14,50,6,,29,24,69,25,31,17,4,5,8,28,3,7,20,10,5,16,5,4,2,11,7,3,6,11,12,3,39,45,134,44,168,17,46,21,26,31,60,13,36,117,16,21,19,,12,13,10,21,5,38,15,45,9,32,23,25,36,16,33,21,132,29,25,5,1,22,90,15,24,100,92,122
20150124,18,SO2_24h,44,65,151,133,85,197,170,65,50,69,118,113,182,138,97,135,95,108,141,22,42,31,47,36,62,48,48,65,43,47,24,21,36,30,21,30,55,38,39,14,7,56,41,33,45,8,20,32,158,29,69,56,42,29,11,13,27,15,38,18,11,37,13,4,34,35,20,22,13,92,32,44,165,35,66,47,121,72,58,43,10,130,50,112,110,135,190,63,47,79,96,78,28,25,82,35,21,7,9,16,15,5,35,17,15,15,94,86,84,480,99,116,154,74,100,108,65,67,63,31,29,30,58,116,209,61,138,77,74,46,50,41,45,19,21,4,17,1,20,45,58,49,20,28,10,43,22,79,145,105,48,81,106,51,156,6,24,93,163,70,28,56,48,46,33,32,30,21,33,39,28,41,18,75,41,50,85,44,35,36,24,30,25,45,,136,36,49,23,152,274,155,41,121,134,28,15,26,79,60,16,41,29,60,44,43,53,33,16,39,53,63,61,18,38,26,15,22,45,54,49,44,40,28,74,14,,15,40,56,20,37,18,33,9,45,26,26,10,14,80,95,80,67,50,73,35,130,187,144,61,58,67,46,57,62,48,60,66,69,47,33,16,55,40,42,82,72,25,84,99,56,27,29,7,10,23,90,30,20,11,22,9,55,16,32,56,36,33,42,13,12,52,5,,32,17,48,38,37,10,5,9,21,61,5,11,34,21,10,14,6,14,2,16,11,5,8,45,18,3,35,49,98,35,68,29,69,117,45,30,98,64,33,139,82,34,22,,22,27,53,19,21,32,31,80,33,20,24,24,47,68,33,18,75,18,24,10,3,32,142,26,25,109,66,77
20150124,18,NO2,64,38,89,60,27,106,49,54,57,41,32,114,90,51,59,81,37,101,100,101,162,119,57,23,84,92,133,117,155,54,26,25,36,122,50,92,105,111,91,33,32,107,67,45,52,39,39,80,132,28,95,130,81,109,37,66,90,46,58,45,29,135,21,11,71,71,42,18,8,65,50,53,60,70,66,62,66,54,63,34,63,70,37,109,100,65,97,46,70,61,96,76,19,70,47,96,52,15,17,83,42,46,113,80,56,6,108,40,57,77,72,49,100,53,90,42,73,73,56,54,28,108,47,99,99,84,87,91,62,70,59,52,50,52,61,13,59,12,79,85,31,51,51,79,37,34,12,88,92,69,59,57,21,33,60,16,50,57,111,9,10,43,24,8,40,72,35,70,54,22,81,121,124,91,165,109,115,88,211,123,69,90,112,202,,57,130,71,58,41,56,55,25,34,47,12,30,64,21,44,30,10,8,29,45,66,85,67,70,80,38,32,45,62,48,45,58,67,35,36,29,79,41,61,103,43,,30,52,58,21,45,50,97,40,56,42,59,30,33,80,96,41,62,25,82,61,48,112,91,85,105,126,41,88,103,56,92,71,53,107,86,43,52,54,85,31,30,30,45,45,65,72,25,30,22,50,19,28,34,32,48,14,25,41,76,49,46,46,78,41,74,43,17,,25,21,34,40,36,13,16,8,9,23,4,13,10,6,13,15,18,19,11,15,10,4,5,1,2,2,65,64,115,69,44,36,21,19,28,39,23,15,66,128,18,33,5,,6,7,10,7,13,13,11,33,9,37,11,21,23,12,41,29,40,33,27,10,7,70,39,72,47,55,27,65
20150124,18,NO2_24h,86,80,107,90,62,102,96,28,51,78,73,107,103,49,65,65,44,61,85,73,110,90,69,43,70,67,87,100,116,58,37,32,47,94,57,90,82,100,68,46,24,90,60,62,50,49,52,58,116,42,100,90,78,89,34,44,68,41,58,53,33,75,25,14,62,86,28,27,33,67,43,53,50,87,53,53,74,58,43,34,39,85,76,100,100,86,105,58,59,60,81,73,61,40,82,81,37,11,19,61,26,30,91,43,36,14,82,45,58,83,80,37,64,55,82,51,43,40,47,43,30,70,45,95,107,83,85,84,62,65,73,50,45,45,49,13,30,24,60,54,47,44,31,65,26,39,14,68,74,72,63,63,22,38,59,28,57,66,74,31,43,68,43,12,40,43,44,23,33,20,69,88,94,104,118,68,87,76,96,100,54,54,66,96,,37,118,56,43,47,69,54,27,57,36,27,28,32,42,62,29,9,17,18,36,36,38,25,32,47,29,37,29,73,36,29,28,58,27,55,29,71,36,60,67,68,,31,51,49,21,41,38,55,39,51,24,58,21,30,59,71,50,63,53,60,44,56,103,97,89,84,101,41,75,72,61,68,53,65,58,43,36,78,55,78,53,36,47,59,44,80,50,43,14,17,52,24,38,30,22,43,29,50,33,41,66,77,33,54,30,40,39,16,,34,23,22,51,35,9,11,9,24,27,2,21,21,11,15,28,17,32,17,15,26,11,11,30,17,3,55,69,57,42,21,31,34,31,48,42,27,27,37,150,42,48,9,,19,16,29,10,16,15,22,59,22,61,12,38,35,28,40,30,25,45,70,20,16,69,50,77,44,49,22,42
20150124,18,O3,21,30,3,27,35,9,19,21,21,18,30,8,5,18,20,43,37,41,37,46,8,50,53,85,31,17,22,32,14,24,71,84,50,48,102,43,46,49,66,73,92,81,84,83,29,90,86,22,11,88,13,6,32,69,90,62,43,31,69,87,92,24,103,58,6,37,72,63,80,15,56,72,40,25,23,48,18,44,56,37,78,24,72,13,3,24,16,56,24,57,10,24,91,31,35,34,87,112,102,31,70,58,27,71,48,47,6,38,16,21,26,18,21,46,46,43,58,16,14,46,46,16,55,9,2,6,12,12,20,11,15,33,8,31,53,118,71,94,13,47,61,66,33,13,18,67,100,12,22,48,25,17,75,70,48,75,61,28,17,59,93,68,69,77,27,27,64,13,42,52,63,22,24,34,9,10,20,57,8,51,61,116,35,13,,5,11,16,74,3,49,21,42,42,23,84,50,15,75,41,43,43,89,37,70,38,40,35,27,23,29,55,23,25,21,32,27,45,28,73,18,31,33,27,42,82,,37,41,92,26,31,38,77,85,53,70,37,56,47,15,13,83,66,65,23,58,107,12,4,1,6,2,21,6,1,67,26,49,15,6,37,38,7,4,21,51,34,80,84,35,39,9,79,44,93,52,105,93,69,38,64,101,76,37,20,79,62,21,30,23,9,61,49,,91,39,86,28,57,79,82,100,78,74,87,100,40,84,85,95,96,87,59,40,79,31,91,80,80,82,16,17,11,15,41,85,78,79,79,74,76,75,40,69,95,84,111,,109,92,104,128,20,68,53,60,38,84,18,61,66,37,47,108,47,38,53,62,94,4,35,67,39,38,26,18
20150124,18,O3_24h,44,46,14,51,44,12,36,62,60,35,64,20,10,36,32,58,54,86,61,105,33,87,62,89,64,40,71,62,37,45,89,105,63,90,120,99,79,78,129,104,123,139,121,129,50,117,106,64,35,104,23,84,77,117,116,100,90,77,100,155,135,100,118,78,42,46,97,74,83,33,75,92,56,29,60,78,37,63,81,45,112,38,86,23,17,42,38,68,57,82,32,38,96,88,43,85,137,139,118,104,133,126,90,149,81,50,34,45,42,38,34,34,38,71,62,57,84,61,49,76,66,44,98,18,21,36,53,47,53,14,21,89,24,91,127,132,132,122,40,72,72,76,59,42,25,89,102,44,53,74,40,39,85,87,62,77,70,70,43,73,99,104,105,92,35,79,65,91,76,89,89,79,65,55,67,59,52,68,65,57,83,80,75,117,,32,80,46,120,19,64,40,72,42,33,92,73,60,85,56,68,61,97,45,83,83,107,79,68,66,49,69,40,136,42,65,79,111,60,79,44,65,60,43,109,105,,56,93,127,70,60,59,85,107,89,131,90,98,76,54,47,137,100,77,50,117,138,109,19,14,49,41,44,29,44,81,57,75,44,65,104,73,43,9,73,79,86,116,115,79,66,21,98,81,102,77,127,111,82,71,82,116,86,55,76,102,90,59,45,34,38,82,63,,98,51,97,51,78,84,114,131,82,88,98,106,47,91,85,117,104,91,59,59,84,32,92,95,86,83,22,54,32,79,56,105,59,92,84,56,89,85,97,114,95,121,113,,109,100,108,128,26,76,58,63,41,86,19,65,85,45,58,117,74,52,53,76,94,24,44,112,77,45,38,46
20150124,18,O3_8h,25,38,5,39,40,10,16,36,42,27,35,10,7,26,21,49,38,61,44,76,12,59,50,81,44,28,41,36,23,31,67,88,48,56,108,66,66,43,91,89,109,104,89,96,30,89,85,44,12,93,13,27,48,87,97,65,60,45,80,120,106,33,100,62,6,26,79,68,64,19,58,70,40,20,38,61,18,43,71,41,95,26,60,17,4,33,20,56,32,59,12,28,80,44,36,36,96,111,108,54,88,79,40,105,56,45,11,34,19,24,28,21,27,56,41,49,62,45,31,63,43,28,77,12,3,10,18,17,31,11,11,43,9,36,77,115,101,101,19,41,49,39,36,18,20,67,97,21,36,41,28,27,76,52,50,64,56,41,22,65,82,69,74,75,24,55,55,66,56,63,64,48,42,38,32,32,36,38,32,41,66,68,53,72,,21,20,18,96,4,41,30,55,30,23,80,65,48,65,29,55,51,93,42,65,62,81,62,51,50,42,59,27,42,24,50,53,68,49,63,35,36,38,30,63,69,,43,45,95,37,34,39,78,90,65,104,66,75,57,24,20,103,58,64,28,95,106,26,8,3,10,11,21,12,9,66,21,60,15,26,83,54,18,3,31,56,52,96,87,49,48,12,85,55,92,62,110,93,77,46,68,103,64,45,24,56,48,22,36,23,13,58,44,,80,37,80,21,49,76,85,100,69,73,87,89,39,85,76,75,92,67,56,46,73,26,82,76,71,78,16,33,19,43,48,75,41,65,70,44,73,69,61,71,77,79,96,,86,85,96,110,21,68,53,43,32,70,17,38,61,34,41,108,48,36,22,46,83,6,39,83,61,37,29,38
20150124,18,O3_8h_24h,30,38,18,39,40,34,30,57,42,27,60,49,13,27,25,49,52,70,44,79,36,62,54,81,65,52,61,64,59,42,67,88,48,57,108,81,67,56,91,96,115,104,89,96,34,114,96,48,63,94,34,43,72,106,125,106,112,89,118,134,140,119,116,68,35,27,87,69,80,26,70,71,44,21,76,89,27,51,71,41,113,35,60,56,38,40,43,67,61,73,50,33,80,85,58,104,150,132,119,114,139,119,111,176,86,45,61,40,47,46,47,36,37,56,53,49,76,53,34,68,55,42,79,40,26,62,47,87,35,28,35,81,29,68,121,142,144,146,19,69,51,83,55,30,22,79,97,36,52,55,37,36,76,75,52,65,56,67,52,65,82,75,74,75,50,55,55,80,59,68,69,60,56,51,62,77,38,70,78,50,66,68,58,73,,27,96,62,111,26,59,34,67,33,32,80,65,51,65,62,55,54,93,42,65,62,81,74,64,50,47,59,32,98,36,50,58,76,55,68,50,57,41,49,71,71,,44,65,109,42,69,41,75,103,65,105,83,100,57,58,64,106,104,70,64,96,106,31,40,69,58,75,51,66,62,69,55,62,68,58,85,63,45,10,70,56,83,133,114,72,64,43,87,78,118,72,138,119,100,71,96,125,64,45,83,56,48,56,37,28,30,80,46,,89,43,89,52,76,77,110,125,79,93,96,93,42,85,86,80,100,75,58,59,74,26,87,78,83,84,26,36,34,77,55,99,48,69,71,45,88,69,88,71,77,79,96,,86,99,96,110,21,68,59,50,32,71,18,41,69,40,57,111,68,40,27,173,85,47,39,126,122,38,36,43
20150124,18,CO,1.583,0.932,2.448,1.106,0.525,3.167,2.002,2.052,0.831,0.591,0.745,14.107,3.012,2.074,1.725,1.47,0.717,2.212,1.286,1.181,2.701,1.276,1.109,0.631,2.476,2.416,2.063,1.784,2.737,1.851,1.383,0.935,1.333,1.399,0.917,0.841,1.129,1.644,1,0.814,0.396,1.708,1.803,0.948,1.546,0.701,0.672,1.169,2.738,0.936,3.255,2.051,1.136,1.2,1.124,1.584,1.315,1.424,1.121,0.809,0.966,1.713,0.774,0.632,1.44,1.367,0.815,1.132,0.558,3.182,2.098,1.632,0.906,1.727,1.748,1.082,1.713,0.992,1.596,2.233,0.799,1.942,1.279,3.261,4.241,2.317,2.473,1.301,1.573,1.447,2.553,1.692,0.863,1.222,1.694,1.652,1.106,0.978,0.884,1.7,0.977,1.49,1.766,3.385,1.383,0.63,4.97,1.403,2.506,3.178,2.621,1.33,2.37,2.276,3.202,1.191,2.056,1.377,2.602,0.939,1.895,2.342,0.901,4.686,3.993,3.975,4.379,1.896,2.217,2.353,1.634,2.175,1.714,3.674,0.819,0.731,1.257,0.534,1.149,1.789,1.428,1.207,1.702,1.187,1.855,1.156,0.364,2.183,3.02,2.74,2.239,1.682,1.685,0.972,0.976,1.735,1.924,2.067,2.923,0.902,0.594,1.157,1.212,0.564,1.081,1.697,1.468,0.651,1.924,1.218,1.075,2.195,1.416,1.362,2.258,2.207,1.729,1.921,2.985,1.082,0.997,1.541,1.449,2.08,,0.736,1.419,3.062,0.984,5.441,1.426,2.203,1.74,2.968,4.656,0.662,0.628,0.903,0.968,1.098,0.737,0.307,0.486,1.743,1.159,1.436,2.626,1.498,2.27,1.781,0.613,1.302,2.458,3.028,2.598,0.803,2.015,1.561,0.84,0.761,0.972,2.125,1.656,1.934,4.181,2.463,,2.026,1.457,1.437,1.467,2.59,1.943,2.982,1.137,1.741,1.973,0.942,1.649,0.955,2.076,2.614,0.53,1.98,0.397,1.114,0.789,0.727,3.021,3.628,3.416,3.68,3.025,1.52,1.853,2.413,1.23,0.951,1.647,1.867,4.076,1.888,1.484,3.42,1.821,1.446,1.315,1.803,1.753,0.665,1.242,1.567,1.724,2.926,1.231,1.341,0.794,0.955,1.402,1.063,1.17,1.487,0.781,1.997,0.853,1.295,1.369,0.764,1.643,2.652,1.863,2.299,1.217,0.564,,0.548,0.805,1.207,3.18,1.496,1.517,0.541,0.653,0.443,1.352,0.381,0.897,0.927,0.269,0.73,0.408,0.357,1.124,0.495,2.019,0.426,1.752,1.946,2.943,1.292,0.3,2.323,2.669,3.56,2.662,1.716,0.79,0.861,0.391,0.677,0.41,2.334,1.016,1.146,1.887,1.695,0.642,0.84,,0.143,0.486,0.001,0.651,0.608,0.283,0.691,2.298,0.732,1.447,0.11,0.51,0.992,1.135,1.912,0.503,1.873,0.857,,0.863,0.435,1.7,1.616,1.38,1.796,2.983,1.19,2.01
20150124,18,CO_24h,2.61,2.864,3.986,3.705,2.051,3.592,5.665,1.475,1.313,3.007,3.179,5.37,4.013,1.902,2.717,1.349,1.111,1.858,1.4,1.175,1.954,1.219,1.229,1.232,2.329,1.733,2.158,2.223,2.085,1.786,1.625,1.149,1.858,1.622,1.247,1.478,1.406,1.786,1.077,1.334,0.628,1.582,1.851,1.076,1.779,0.963,0.846,1.278,3.248,1.272,2.631,1.462,1.209,1.041,1.111,1.523,1.13,1.309,1.056,0.784,0.974,1.267,0.868,0.535,1.268,1.946,0.707,1.316,1.135,3.282,1.92,2.183,1.32,3.346,1.604,1.125,3.732,1.185,1.297,1.96,0.795,2.063,2.482,3.441,3.548,2.972,3.658,1.644,1.596,2.02,2.182,2.152,1.819,0.955,2.113,1.269,0.931,0.911,0.914,1.197,0.82,1.031,1.718,1.604,1.101,1.056,2.75,2.833,3.18,3.977,3.745,1.64,2.194,2.126,2.88,1.538,1.594,1.448,2.229,0.979,2.189,2.178,1.019,2.948,5.213,2.774,3.48,1.58,1.936,2.239,1.674,2.061,1.736,3.326,0.656,0.755,0.963,0.629,1.449,1.519,2.72,1.242,1.49,1.378,1.441,1.088,0.432,2.229,2.891,3.549,2.585,1.963,1.632,0.886,1.245,1.903,1.988,2.972,2.678,2.056,1.737,1.963,1.885,1.036,1.203,1.776,1.994,0.751,1.811,1.497,1.134,2.239,1.142,1.57,1.675,1.655,1.923,1.862,2.399,1.019,1.062,1.576,1.789,1.824,,0.68,1.718,2.698,0.897,4.575,2.612,2.089,2.156,4.678,5.079,0.823,0.708,0.43,1.294,1.838,0.996,0.444,0.702,1.614,0.948,1.418,1.614,0.909,1.095,1.545,0.706,1.325,2.437,2.077,2.198,0.77,1.182,1.104,0.869,0.914,1.034,1.97,1.505,1.833,3.105,2.918,,1.913,1.426,1.481,1.423,1.638,1.444,2.638,1.226,1.902,1.795,1.128,1.495,1.124,2.144,1.805,1.041,2.103,0.934,1.285,0.764,0.936,3.055,3.227,3.074,2.07,2.172,1.634,1.803,1.536,1.332,0.936,2.038,1.864,2.235,1.457,1.449,3.795,1.92,1.197,2.257,1.914,3.04,0.859,0.996,1.818,1.157,3.4,1.214,1.457,0.74,1.127,1.879,0.875,1.146,1.045,1.004,2.363,0.776,1.069,1.763,1.547,1.363,2.082,1.798,2.147,1.245,0.539,,1.027,0.863,1.012,3.253,1.561,1.557,0.611,0.637,0.577,1.289,0.362,1.167,0.87,0.397,0.846,0.861,0.322,1.276,0.536,1.997,1.491,1.938,2.105,4.319,1.414,0.351,2.398,3.412,2.748,1.873,1.21,0.939,1.858,0.871,1.222,0.606,2.568,1.053,1.251,3.76,3.665,1.475,0.731,,0.591,0.611,0.388,0.746,0.789,0.4,1.066,3.322,1.348,2.397,0.329,1.299,2.668,1.904,2.072,1.234,1.57,1.204,2.924,1.006,0.607,1.598,2.278,1.228,1.41,2.747,1.304,2.207
20150124,19,AQI,89,61,158,72,56,352,97,79,61,67,57,306,243,131,92,203,71,324,295,121,308,164,167,69,206,255,214,211,295,233,130,91,115,181,59,67,192,213,104,70,56,212,142,71,135,65,71,117,300,85,303,179,128,127,71,77,89,66,110,70,64,160,62,62,231,150,75,42,115,165,84,136,78,127,135,153,99,73,203,137,90,122,153,300,378,211,250,196,199,192,198,127,108,157,174,137,94,68,77,148,87,111,132,199,184,24,433,66,186,193,148,61,230,150,204,87,295,75,253,136,157,271,89,279,391,300,279,251,210,310,206,114,137,217,117,64,128,53,121,286,67,247,293,163,231,217,49,164,285,208,106,181,89,95,102,63,131,297,237,74,67,89,114,92,156,168,125,111,124,115,143,127,193,195,164,309,223,177,260,262,130,167,132,160,,114,248,310,87,315,116,148,98,77,82,41,64,114,60,83,65,32,47,60,256,179,184,60,89,188,91,143,126,261,276,79,204,188,86,87,79,171,177,229,128,75,,224,220,196,126,258,115,245,77,82,94,68,78,86,210,127,74,76,57,88,64,60,272,259,275,269,254,160,277,276,124,193,116,219,256,124,111,229,207,161,93,167,65,96,204,84,235,89,65,61,78,62,96,106,83,83,63,54,143,221,164,161,246,286,165,222,114,24,,44,128,54,127,110,39,45,51,47,133,44,48,34,53,61,49,48,53,46,38,58,269,44,49,40,41,229,108,277,260,138,87,68,94,74,96,80,73,153,155,90,156,63,,63,83,52,100,43,77,63,147,67,98,38,95,98,114,108,60,62,65,60,73,45,243,98,115,139,220,59,117
20150124,19,PM2.5,66,24,120,39,29,301,68,56,26,40,26,255,192,99,68,152,51,273,244,91,257,124,126,49,155,204,163,160,244,182,98,67,86,136,38,48,144,162,77,50,12,161,108,51,102,41,51,77,249,62,252,135,97,96,48,56,66,47,82,50,45,121,36,36,180,115,54,13,24,125,50,103,57,96,102,116,67,40,152,104,60,92,116,250,327,160,199,147,149,144,148,96,80,119,131,104,70,44,56,113,64,83,100,149,138,11,397,46,140,145,113,39,179,115,153,64,244,46,202,103,119,220,54,228,340,249,228,200,159,259,155,85,104,166,88,27,97,22,91,235,26,196,242,123,180,166,9,124,234,157,79,136,41,39,72,41,99,246,186,53,48,66,85,68,118,127,94,83,93,86,109,96,145,146,124,258,172,133,209,211,98,126,100,121,,85,197,259,64,264,87,113,73,51,60,21,41,85,24,61,44,15,28,27,205,135,138,42,66,141,67,109,61,210,225,54,153,141,63,64,31,129,133,178,97,54,,173,169,147,95,207,86,194,56,56,70,39,57,63,159,96,43,55,33,65,43,40,221,208,224,218,203,121,226,225,93,145,73,168,157,93,81,178,156,122,69,126,38,71,153,61,184,66,33,38,57,41,60,79,61,61,39,23,109,170,124,122,195,235,125,171,85,16,,13,97,32,96,82,7,30,27,27,101,8,29,13,24,43,15,26,14,8,6,37,35,16,10,28,22,178,80,226,209,45,64,33,69,36,65,46,46,116,110,44,118,26,,39,24,23,31,22,45,36,112,40,73,25,38,73,33,80,32,42,46,42,37,20,192,73,86,106,169,41,88
20150124,19,PM2.5_24h,125,139,203,155,88,287,279,31,48,170,142,280,233,78,58,104,93,180,137,112,179,140,138,109,176,158,158,197,187,182,132,83,139,131,89,116,137,190,120,110,45,134,92,106,137,68,70,79,184,98,219,98,100,69,49,62,60,53,80,60,42,86,44,24,142,166,66,16,30,126,50,102,54,129,97,93,112,46,92,70,59,150,200,252,215,189,180,196,127,169,137,133,143,85,168,69,69,37,49,74,57,60,85,101,59,16,220,70,116,160,126,42,100,90,82,44,134,103,148,103,138,179,55,162,296,226,187,160,144,210,135,82,112,138,67,35,59,24,123,188,52,171,188,148,135,111,11,145,158,100,102,126,45,35,57,46,94,232,163,99,145,108,150,113,114,121,132,76,85,95,129,115,143,177,130,214,178,149,150,170,108,122,110,122,,82,143,183,69,152,158,91,71,129,67,41,62,40,63,58,76,20,36,18,95,122,104,34,56,132,84,86,46,120,162,41,78,115,63,64,79,121,96,176,87,71,,141,149,163,82,139,50,143,66,56,68,63,67,75,134,74,73,63,61,70,56,66,189,156,184,143,136,129,170,127,84,110,82,165,101,83,82,173,187,85,125,82,49,86,128,96,126,76,37,38,55,53,87,69,60,62,69,60,105,149,182,195,144,190,123,143,104,16,,33,91,41,93,100,27,36,30,41,68,13,32,16,42,54,40,27,21,29,12,76,15,13,76,17,10,175,68,148,113,49,77,47,83,79,66,62,81,93,214,124,125,29,,56,45,32,57,49,43,52,119,57,95,31,41,97,62,73,34,21,64,104,51,29,182,79,77,83,100,43,77
20150124,19,PM10,82,70,175,91,60,377,141,105,69,82,61,396,219,147,113,186,78,323,308,126,375,143,172,73,272,333,247,231,319,262,149,97,139,201,56,75,222,180,121,72,21,222,154,82,194,77,75,181,365,93,226,235,154,143,89,90,108,68,110,84,70,212,71,71,257,190,95,41,178,238,115,204,88,176,190,171,145,94,171,132,128,94,156,254,352,192,268,233,188,223,251,144,103,164,171,142,132,84,75,183,92,117,157,243,166,23,487,79,178,224,178,70,232,160,190,84,301,98,265,126,171,260,125,302,400,266,320,235,202,347,229,168,136,225,132,55,167,53,123,349,81,248,296,187,266,195,34,218,287,201,126,176,126,138,152,74,172,300,294,70,60,79,107,72,172,183,149,114,126,126,157,167,200,203,190,304,251,168,296,287,134,217,201,192,,126,281,332,84,351,147,171,96,101,85,38,76,123,68,105,77,31,38,68,225,202,163,66,92,198,83,123,200,309,288,105,234,141,93,93,105,154,199,199,127,92,,268,216,154,155,239,117,260,93,112,113,84,97,108,254,200,95,82,62,115,76,64,195,260,244,245,264,161,290,289,162,204,180,211,388,123,169,289,166,203,119,183,78,98,251,116,284,88,78,69,103,71,139,146,109,97,74,55,177,224,170,159,314,319,230,259,146,21,,30,139,56,174,97,25,44,31,46,137,39,,33,53,65,48,44,54,45,37,64,397,32,48,,,206,150,349,214,224,113,84,135,95,139,107,93,184,258,127,162,73,,73,113,31,147,42,102,73,140,81,99,37,137,142,176,105,44,71,72,62,94,28,,111,137,146,198,65,155
20150124,19,PM10_24h,148,221,317,241,155,429,390,81,91,239,242,452,321,126,134,138,125,218,169,128,259,171,180,146,251,257,216,252,258,238,194,115,216,180,118,164,194,239,159,165,61,176,130,142,180,93,99,163,306,136,264,166,137,100,86,95,95,78,104,89,84,132,80,51,205,264,87,37,70,245,123,175,107,193,156,146,213,101,118,104,85,187,276,324,290,242,297,277,179,257,231,211,191,117,219,112,105,73,77,129,85,92,125,139,83,30,301,138,162,213,244,77,152,144,99,67,168,133,193,121,194,215,129,238,403,269,290,233,185,295,213,170,151,203,114,62,93,50,176,265,113,211,231,245,185,150,29,248,217,160,157,179,152,148,164,81,122,302,255,137,175,133,183,142,153,163,195,107,106,136,171,173,187,247,179,262,256,176,188,233,140,196,206,190,,103,227,251,86,230,255,165,108,231,105,93,93,63,117,126,102,36,98,44,119,171,132,56,77,186,119,106,134,179,215,67,117,130,92,102,117,140,152,195,117,105,,214,194,169,121,139,67,168,89,93,96,118,96,130,211,150,114,100,100,110,96,102,197,235,231,190,192,224,210,178,145,166,135,244,194,121,141,261,247,156,217,125,106,116,236,165,196,125,68,73,98,81,128,132,89,100,93,118,161,197,239,270,230,260,221,218,177,28,,65,117,63,182,125,42,49,45,76,114,33,59,39,61,70,81,35,72,40,25,134,56,24,125,28,32,206,137,207,128,177,102,117,231,136,162,109,150,129,325,210,158,87,,140,123,54,236,106,103,94,153,111,145,41,107,185,206,90,48,36,83,139,123,58,218,152,124,98,137,66,107
20150124,19,SO2,19,24,25,99,52,59,43,70,45,21,23,34,50,111,66,168,58,159,121,17,67,22,36,18,62,70,52,65,53,40,21,29,26,45,12,26,48,35,24,9,8,60,40,13,37,6,12,30,104,17,33,33,39,20,12,11,21,11,22,10,9,41,15,5,44,22,37,13,6,78,40,33,152,40,45,47,99,46,83,52,9,60,30,33,39,59,103,48,36,53,119,61,12,24,44,42,23,7,6,14,17,7,29,17,27,7,74,36,41,356,27,151,175,73,90,98,64,71,73,32,21,34,25,74,100,51,66,58,40,52,26,28,43,14,50,4,29,1,18,45,65,57,18,21,20,28,16,68,123,106,37,56,147,28,149,5,21,84,155,20,8,53,35,31,26,43,34,32,29,19,19,98,15,43,32,56,50,43,50,56,19,17,28,43,,174,31,36,21,74,121,124,20,69,125,14,14,25,9,50,18,39,9,81,66,42,155,102,9,43,35,73,89,25,42,24,17,20,56,35,99,37,35,23,88,12,,19,32,25,22,43,37,38,9,49,42,15,9,12,72,104,19,72,17,44,19,55,15,54,39,71,56,27,69,129,39,73,20,27,65,36,5,23,24,40,25,36,11,43,102,56,25,21,7,7,18,27,18,59,12,17,3,44,13,44,28,23,41,54,13,14,51,7,,12,30,88,22,29,15,4,5,10,26,4,7,25,11,7,16,5,5,2,11,9,3,7,9,11,3,61,71,115,41,204,16,64,49,37,27,60,29,38,169,29,25,20,,8,13,18,20,8,19,25,52,11,18,24,25,38,14,33,18,101,33,16,5,2,22,79,15,21,97,72,134
20150124,19,SO2_24h,42,61,144,134,83,193,164,63,47,66,111,110,180,134,93,136,93,109,136,22,43,31,46,35,62,50,49,65,44,46,24,20,35,31,21,30,55,37,39,14,7,56,41,33,45,8,21,31,159,28,69,54,42,29,11,13,26,15,38,18,11,37,13,4,35,34,21,22,13,92,31,41,166,35,67,47,121,72,59,44,10,127,49,110,109,131,190,62,47,76,97,77,27,26,78,34,21,7,9,16,15,6,35,17,15,15,94,84,82,474,96,121,156,72,100,105,66,67,63,30,28,30,56,115,210,62,135,77,70,46,47,39,45,19,23,4,17,1,20,42,57,49,20,28,11,43,22,79,144,104,47,80,110,52,157,6,24,93,166,69,28,57,47,46,33,31,31,22,33,39,28,44,18,75,41,51,82,44,35,37,24,30,25,45,,136,36,48,23,150,269,150,39,115,131,26,14,26,76,61,16,42,27,60,45,42,57,35,15,35,51,63,63,18,38,25,15,21,44,52,51,44,40,28,76,14,,15,40,54,20,37,18,32,9,44,27,26,10,13,81,98,77,67,49,72,35,128,182,142,61,59,67,44,58,65,37,61,65,67,47,34,16,53,39,41,79,71,25,82,98,55,27,29,6,10,23,90,29,22,11,22,8,54,16,33,55,36,32,44,12,12,52,4,,32,18,50,37,37,11,5,9,21,60,5,10,34,21,10,14,6,14,2,16,11,5,9,45,18,3,37,50,99,36,73,29,71,117,43,30,93,60,34,136,77,31,22,,21,26,53,18,19,29,31,78,32,20,24,24,46,68,33,17,78,17,23,9,3,31,140,27,25,108,77,77
20150124,19,NO2,64,40,83,66,37,106,49,53,60,18,26,44,111,52,64,83,34,107,122,109,173,116,64,21,73,87,143,142,150,51,28,29,38,134,43,112,124,116,85,37,35,150,84,47,59,51,45,97,108,24,90,126,87,125,41,74,88,61,58,39,34,141,29,14,76,82,51,20,9,68,58,65,78,67,72,67,84,67,60,36,83,60,33,52,95,54,95,41,76,67,92,64,22,77,44,102,57,16,24,90,34,58,125,88,67,8,98,44,57,79,77,63,88,49,87,42,92,67,57,58,31,119,53,100,105,84,81,91,67,72,51,56,55,51,73,18,94,19,86,116,48,64,63,77,36,41,19,90,98,95,68,61,34,44,97,18,48,73,118,8,7,48,23,7,38,74,28,73,40,16,77,133,118,120,162,105,107,82,197,117,48,94,122,181,,60,135,74,94,39,58,55,30,57,46,31,36,63,23,58,26,12,15,32,61,83,84,86,56,86,36,32,43,73,61,45,78,74,30,36,33,69,52,49,109,50,,35,51,58,24,51,64,111,36,58,41,53,37,25,87,90,48,70,21,82,68,53,116,89,87,102,97,42,89,107,65,114,54,53,109,63,52,55,54,96,51,31,29,57,41,74,65,32,26,23,42,24,36,48,40,52,19,42,53,80,67,60,47,80,47,70,49,17,,24,29,44,40,29,17,28,8,14,26,5,15,14,7,24,29,18,28,14,16,27,3,6,2,2,1,68,85,95,62,54,42,36,35,64,50,35,25,84,143,24,35,4,,7,6,14,14,18,29,35,50,16,32,12,26,24,9,48,31,39,33,30,10,12,70,38,83,64,63,26,69
20150124,19,NO2_24h,83,78,105,87,58,103,92,28,49,74,69,104,113,48,64,64,43,62,85,74,112,90,68,42,68,67,88,101,118,57,35,30,46,94,56,91,82,100,69,46,25,91,60,61,51,49,53,59,117,41,99,90,76,90,34,46,69,42,58,53,33,79,25,14,63,84,29,27,33,65,40,51,51,86,53,51,75,58,43,32,41,82,74,97,100,83,105,57,59,60,81,71,59,42,77,81,38,11,19,64,27,32,92,45,38,14,82,44,57,82,80,39,64,53,82,48,44,39,47,43,30,71,45,94,107,84,83,84,61,64,71,49,45,44,50,13,32,24,60,56,46,44,32,65,27,39,14,69,74,71,62,62,22,40,60,28,57,66,78,30,42,67,41,12,40,43,43,25,34,20,70,89,95,103,118,70,87,77,101,101,55,54,67,98,,37,118,56,45,46,67,52,26,55,36,26,27,32,41,63,28,9,17,18,36,37,39,28,33,46,28,36,29,75,37,30,30,58,27,53,29,71,36,59,68,67,,31,50,49,21,41,39,57,39,50,24,57,21,28,59,71,48,62,50,59,44,55,103,96,88,83,100,41,74,73,58,70,53,64,58,43,36,77,54,77,52,35,46,57,44,79,50,41,14,16,51,24,37,31,22,42,28,49,34,42,65,76,33,55,30,41,40,14,,35,23,23,49,34,10,12,8,23,27,2,21,20,10,15,28,17,32,17,15,27,11,11,29,17,3,55,69,58,42,22,32,34,31,48,43,26,26,40,149,40,45,8,,19,16,29,10,16,14,23,59,22,61,12,38,35,27,41,30,26,44,69,20,16,68,47,77,45,49,22,42
20150124,19,O3,19,27,3,20,25,9,13,21,15,30,30,19,6,16,15,41,34,34,24,30,5,38,41,89,21,15,8,11,12,26,58,71,44,24,93,22,26,31,47,59,79,41,59,79,16,73,71,13,8,83,13,9,23,39,81,55,27,18,51,77,78,14,91,54,3,23,52,56,83,8,48,59,22,24,15,40,9,25,54,34,51,26,67,22,3,25,16,59,17,42,9,23,82,14,36,19,73,109,93,13,76,38,19,46,35,44,6,34,16,23,22,12,26,47,55,41,40,15,12,36,48,13,46,9,2,4,12,10,14,11,18,18,6,35,42,111,38,83,6,13,40,45,32,14,17,50,88,4,16,28,14,9,60,55,23,73,58,10,9,58,86,58,69,71,26,12,66,8,47,50,50,9,9,10,9,8,16,56,8,43,68,105,29,5,,1,7,33,45,3,45,17,33,31,22,60,44,14,68,28,44,33,79,31,58,25,37,18,33,20,29,52,23,23,36,30,25,29,34,64,9,24,22,34,45,75,,32,34,90,22,30,38,118,78,52,55,41,40,48,7,12,74,52,65,24,40,83,8,4,1,7,1,22,4,,34,14,56,14,8,56,27,4,3,18,29,22,76,66,36,28,14,68,47,93,52,93,91,56,28,61,91,55,21,17,50,42,20,30,21,9,52,42,,88,30,73,25,65,73,71,95,69,71,81,89,30,80,81,66,90,71,58,39,44,31,88,74,79,79,13,4,23,17,31,49,56,56,42,65,62,62,13,54,91,87,108,,96,91,99,116,10,50,39,45,30,81,17,53,71,33,43,106,44,39,47,64,89,4,35,42,20,28,25,14
20150124,19,O3_24h,44,46,14,51,44,12,36,62,60,35,64,23,11,36,32,58,52,86,61,105,33,87,62,91,64,39,71,62,35,45,89,105,63,90,120,99,79,78,129,104,123,139,121,129,48,117,106,64,27,104,18,84,77,117,113,100,84,67,97,155,129,91,115,78,35,46,97,74,84,32,75,92,56,29,60,79,37,63,81,45,112,38,86,24,16,42,38,70,57,82,28,38,96,88,43,75,133,139,118,92,132,126,75,136,75,50,32,45,42,37,34,34,38,71,66,57,84,61,49,76,66,44,98,17,17,22,53,35,53,12,19,89,21,86,120,123,125,115,40,73,72,72,54,43,25,89,102,44,53,74,40,39,85,81,62,76,70,70,38,73,99,104,105,92,32,79,66,91,76,89,89,79,65,55,67,55,52,61,63,57,83,80,75,117,,32,65,43,120,14,64,40,72,42,33,92,73,60,85,56,68,61,97,46,83,83,107,79,68,66,49,69,40,136,51,65,79,111,60,79,44,65,60,43,109,105,,56,93,127,70,60,59,100,107,89,131,90,98,76,52,46,137,100,77,49,117,138,109,19,11,49,37,44,28,44,70,57,75,36,65,104,73,38,9,69,79,82,113,110,78,63,18,98,78,104,77,127,111,82,71,82,116,86,55,62,102,90,59,45,33,38,81,63,,97,51,97,51,78,83,114,131,82,88,98,106,47,91,85,117,104,91,59,59,84,32,92,95,86,83,22,54,31,79,56,105,59,92,84,56,88,85,97,114,95,121,113,,109,100,108,128,26,76,58,63,41,86,19,65,81,45,58,117,74,52,53,64,94,23,44,112,75,45,38,46
20150124,19,O3_8h,26,37,5,38,39,9,16,34,40,29,35,11,8,24,21,50,38,61,44,74,12,60,52,85,43,28,40,35,22,32,70,90,51,56,109,65,62,46,91,91,105,104,91,100,30,92,86,42,11,94,13,23,46,86,97,65,59,43,80,119,104,33,101,63,5,28,78,68,73,19,59,73,40,22,35,58,18,43,70,41,92,27,66,17,4,33,21,58,32,62,11,28,84,40,37,36,95,111,107,52,87,73,41,101,56,47,10,36,19,24,28,20,27,57,45,48,61,41,30,62,44,27,75,12,3,9,18,17,28,11,13,39,8,36,71,115,92,99,18,45,54,43,36,19,20,69,97,21,35,45,28,26,76,55,49,67,59,41,20,66,87,74,80,78,26,54,59,61,60,68,66,43,39,38,29,30,36,44,30,44,69,68,51,68,,18,19,18,92,4,44,27,50,31,22,80,63,43,70,32,56,51,92,40,66,60,78,57,48,48,41,62,27,38,26,48,48,64,47,66,34,36,38,32,62,72,,43,43,95,36,35,41,82,92,69,102,67,74,60,23,18,102,63,66,29,90,110,25,8,3,9,10,22,11,8,52,21,58,15,22,79,49,17,3,30,57,48,95,85,48,47,12,85,54,93,62,111,99,74,44,67,106,66,44,25,61,52,21,36,23,12,61,46,,87,37,81,22,52,76,83,100,74,75,87,95,40,87,80,82,94,74,57,46,73,28,86,80,74,80,16,32,18,40,46,73,45,68,71,48,74,72,59,75,85,87,102,,93,91,101,113,21,67,52,47,34,74,17,44,66,36,43,110,49,38,27,52,89,6,40,84,57,37,29,35
20150124,19,O3_8h_24h,31,38,18,39,40,32,30,56,42,29,60,45,14,27,24,50,50,67,45,79,34,63,54,85,59,48,58,61,57,39,70,90,51,58,110,79,67,56,91,95,115,107,91,100,34,111,94,46,57,95,34,42,70,100,118,106,108,87,116,128,140,118,116,66,35,28,87,69,81,26,68,73,44,22,71,85,25,49,71,41,110,32,66,51,36,38,38,65,57,68,47,31,84,85,54,99,149,132,116,114,139,119,109,174,85,47,59,39,46,45,45,36,34,57,52,49,76,52,33,67,55,39,79,38,25,60,45,83,35,27,33,81,27,68,121,141,142,141,19,76,54,83,55,28,22,79,97,36,50,54,36,35,77,75,52,68,59,60,51,66,87,74,80,78,46,55,59,79,60,68,70,58,52,46,60,77,37,70,78,50,69,68,57,73,,26,95,61,110,25,55,34,66,33,32,81,65,51,70,61,56,54,93,42,67,62,81,74,64,50,44,62,32,98,34,50,58,76,55,69,46,55,41,47,70,74,,45,64,108,42,67,42,75,101,69,105,81,96,60,57,61,108,100,68,63,96,110,31,37,63,58,72,47,62,60,59,55,62,67,58,85,63,45,10,69,58,80,126,114,71,62,42,81,78,117,70,132,118,97,69,90,124,67,45,83,61,52,56,38,27,30,80,46,,90,43,89,52,76,77,110,125,78,93,96,96,42,87,86,82,100,75,58,59,73,28,88,80,83,84,21,35,34,77,55,99,49,69,72,48,88,72,88,75,85,87,102,,93,99,101,113,21,68,59,50,34,74,18,44,70,40,57,111,68,41,27,163,89,46,40,120,117,37,36,42
20150124,19,CO,1.542,0.949,2.298,1.054,0.699,2.968,2.023,2.047,1.061,0.394,0.784,2.71,3.447,2.078,1.954,1.515,0.805,2.406,1.805,1.284,2.777,1.239,1.146,0.618,2.34,2.434,2.386,2.042,2.555,1.875,1.41,0.992,1.344,1.471,0.849,0.917,1.347,1.677,0.991,0.804,0.337,2.458,1.818,0.934,1.703,0.748,0.695,1.661,2.415,0.816,3.17,2.183,1.248,1.386,1.141,1.474,1.394,1.511,1.229,0.773,1.025,1.971,0.793,0.678,1.541,1.49,0.945,1.195,0.585,3.446,2.36,2.093,1.123,1.516,1.834,1.127,2.661,1.033,1.704,2.311,0.993,1.485,1.222,1.907,3.907,2.191,2.525,1.114,1.756,1.525,2.489,1.684,0.821,1.205,1.517,1.74,1.238,1.008,1.023,1.931,0.936,1.85,2.264,3.757,1.575,0.651,3.797,1.443,2.472,3.353,2.809,1.76,2.431,2.318,3.32,1.312,2.662,1.904,3.41,0.991,2.475,2.544,0.906,5.008,4.035,3.312,4.058,1.922,2.281,2.529,1.578,2.52,1.819,3.745,0.829,0.81,1.754,0.645,1.41,2.082,1.708,1.366,1.865,1.46,1.948,1.204,0.433,2.256,3.149,4.002,2.415,1.811,1.784,0.6,1.175,1.737,1.76,3.324,4.085,0.859,0.54,1.219,1.073,0.451,0.988,1.783,1.321,0.619,1.74,1.215,0.997,2.194,1.537,1.288,2.057,2.478,1.608,1.922,2.797,0.999,0.994,1.58,1.905,1.866,,0.917,1.489,3.084,1.361,5.276,1.385,2.209,1.832,4.018,4.869,0.777,0.85,0.85,0.928,1.4,0.705,0.641,0.587,1.691,1.379,2.212,2.956,2.3,2.087,1.861,0.68,1.551,3.269,4.397,2.218,0.787,2.795,1.697,0.75,0.693,1.799,2.123,1.679,1.53,4.606,2.521,,2.042,1.522,1.586,1.552,3.286,2.723,2.858,1.268,1.614,2.334,0.953,1.858,0.826,2.452,2.822,0.852,2.521,0.384,1.209,0.819,0.818,2.196,4.14,3.566,3.348,2.956,1.577,2.089,2.555,1.749,1.027,1.534,1.853,4.752,1.577,1.799,3.534,1.894,1.717,1.531,1.802,1.763,0.885,1.233,1.632,1.88,3.162,1.231,1.42,0.653,0.987,1.543,1.482,1.418,1.588,0.836,2.159,0.81,1.317,1.658,0.968,1.868,3.219,2.011,2.688,1.454,0.602,,0.456,0.901,1.184,3.216,1.483,1.591,0.589,0.617,0.472,1.334,0.45,0.95,0.97,0.251,0.773,0.573,0.362,1.182,0.556,1.96,1.498,1.745,1.928,2.292,1.255,0.36,2.415,4.488,2.052,2.645,1.868,0.824,1.085,0.842,1.481,0.41,2.661,0.545,1.713,2.387,1.851,0.491,0.798,,0.379,0.484,0.022,1.107,0.686,0.471,0.948,2.87,0.898,1.165,0.099,0.643,1.02,1.144,1.996,1.106,1.644,0.992,0.561,0.898,0.516,1.692,1.7,1.684,2.218,3.045,1.136,2.65
20150124,19,CO_24h,2.509,2.777,3.95,3.642,1.885,3.616,5.497,1.475,1.214,2.91,3.036,5.339,4.135,1.897,2.643,1.338,1.097,1.868,1.403,1.185,2,1.214,1.213,1.204,2.359,1.772,2.175,2.218,2.111,1.79,1.604,1.102,1.834,1.615,1.228,1.453,1.394,1.785,1.077,1.308,0.622,1.607,1.849,1.051,1.776,0.95,0.841,1.286,3.276,1.258,2.704,1.484,1.186,1.062,1.112,1.524,1.149,1.322,1.065,0.788,0.977,1.305,0.857,0.542,1.291,1.917,0.71,1.316,1.127,3.345,1.867,2.106,1.304,3.294,1.595,1.032,3.759,1.179,1.313,1.939,0.801,2.052,2.455,3.399,3.618,2.938,3.668,1.636,1.614,2.03,2.198,2.143,1.803,0.972,2.06,1.276,0.942,0.92,0.92,1.242,0.824,1.073,1.746,1.695,1.134,1.047,2.814,2.797,3.187,3.987,3.754,1.66,2.203,2.117,2.893,1.415,1.631,1.436,2.25,0.981,2.212,2.202,1.014,3.046,5.277,2.826,3.526,1.603,1.949,2.246,1.666,2.067,1.749,3.349,0.66,0.752,0.987,0.626,1.435,1.482,2.693,1.234,1.514,1.389,1.461,1.093,0.429,2.253,2.9,3.531,2.585,1.958,1.651,0.895,1.247,1.912,1.996,3.021,2.801,2.034,1.697,1.947,1.862,1.014,1.21,1.77,1.983,0.75,1.82,1.495,1.124,2.236,1.16,1.546,1.691,1.701,1.892,1.868,2.411,1.017,1.057,1.558,1.773,1.812,,0.681,1.727,2.722,0.922,4.701,2.596,2.028,2.125,4.609,5.046,0.807,0.69,0.418,1.271,1.867,0.971,0.452,0.68,1.416,0.933,1.428,1.672,0.975,1.138,1.531,0.692,1.317,2.521,2.136,2.203,0.774,1.24,1.116,0.847,0.91,1.04,1.98,1.509,1.825,3.184,2.913,,1.928,1.437,1.485,1.442,1.705,1.445,2.657,1.218,1.862,1.79,1.111,1.496,1.073,2.17,1.836,1.025,2.118,0.893,1.273,0.74,0.923,3.028,3.307,3.129,2.136,2.218,1.629,1.832,1.592,1.347,0.955,2.011,1.862,2.315,1.455,1.459,3.804,1.937,1.201,2.22,1.893,3.039,0.843,1.013,1.798,1.194,3.38,1.201,1.442,0.72,1.118,1.865,0.89,1.144,1.055,0.99,2.331,0.777,1.083,1.757,1.527,1.386,2.123,1.808,2.164,1.254,0.519,,1.016,0.869,1.018,3.244,1.566,1.556,0.605,0.63,0.574,1.309,0.365,1.159,0.896,0.389,0.833,0.854,0.323,1.277,0.541,2.01,1.519,1.928,2.099,4.317,1.417,0.352,2.411,3.475,2.775,1.908,1.21,0.958,1.838,0.891,1.219,0.602,2.534,1.014,1.279,3.729,3.514,1.362,0.74,,0.574,0.631,0.381,0.725,0.74,0.381,1.055,3.343,1.35,2.367,0.316,1.295,2.665,1.896,2.104,1.264,1.584,1.176,2.906,1.009,0.607,1.6,2.165,1.217,1.424,2.728,1.201,2.217
20150124,20,AQI,91,56,157,73,64,291,98,78,75,57,57,97,240,132,108,205,70,358,343,117,320,149,168,70,168,254,227,256,291,251,130,98,116,189,57,78,192,211,104,74,52,232,128,76,167,71,72,138,316,62,297,188,138,136,70,81,97,75,110,74,66,172,61,61,240,160,93,49,74,179,94,110,91,110,138,146,113,73,200,143,83,117,161,99,346,179,243,181,202,210,184,108,96,146,147,144,103,63,64,128,87,116,158,213,200,30,369,69,181,215,157,68,248,156,219,94,308,99,275,135,181,272,86,296,386,285,279,242,208,309,208,117,143,231,120,62,193,56,128,300,74,259,306,175,235,215,49,177,303,209,143,175,95,86,113,61,117,334,336,67,45,75,105,94,136,196,103,103,113,103,135,131,175,191,160,326,213,154,250,225,133,214,141,147,,122,261,343,98,306,120,142,103,117,87,63,77,110,57,114,60,47,49,63,266,220,228,86,98,208,97,160,152,316,238,77,261,212,78,74,48,165,192,215,142,81,,231,244,211,147,268,124,256,82,85,111,66,69,91,244,138,85,88,53,96,71,65,267,266,337,250,244,153,256,283,146,203,154,219,296,121,114,236,220,195,138,170,64,109,202,103,236,94,60,63,83,63,83,126,83,88,61,57,144,223,182,179,248,312,161,255,114,35,,47,138,59,116,114,38,47,51,54,126,44,48,44,53,67,72,48,60,51,37,130,375,45,52,39,41,240,111,307,260,118,103,78,132,96,114,69,82,185,164,103,161,67,,62,90,51,103,57,93,136,193,78,70,37,52,93,112,120,61,47,74,50,81,49,243,111,86,158,216,60,174
20150124,20,PM2.5,67,28,119,51,37,240,73,57,34,24,36,72,189,100,80,154,50,307,292,88,269,114,127,50,127,203,176,205,240,200,98,73,87,142,30,57,144,160,77,53,10,181,97,55,126,42,52,88,265,43,246,141,105,103,50,59,72,54,82,53,47,130,37,37,189,121,69,16,22,135,63,82,48,82,105,111,84,39,150,109,59,88,122,74,295,135,192,136,151,159,138,80,71,111,112,110,76,43,42,97,64,87,120,162,150,12,318,49,136,164,119,45,197,118,168,70,257,74,224,102,136,221,59,245,335,234,228,191,157,258,157,88,109,180,90,31,145,26,97,250,40,208,255,132,184,164,11,133,252,158,109,132,44,25,84,42,88,283,285,48,27,54,78,70,103,147,76,76,84,76,102,99,132,143,121,275,162,117,199,174,101,163,107,112,,92,210,292,73,255,90,108,76,88,64,29,56,82,29,85,42,26,28,29,215,169,177,63,73,157,72,121,83,265,187,56,210,161,57,53,25,125,144,164,108,59,,180,193,160,112,217,93,205,60,62,83,47,49,67,193,102,55,65,31,71,51,46,216,215,286,199,193,116,205,232,60,152,79,168,189,91,85,185,169,146,105,128,32,81,151,76,185,70,39,39,61,44,61,95,61,65,42,22,110,172,137,135,197,261,122,204,85,24,,16,105,27,87,85,12,31,25,32,95,10,28,12,35,48,33,33,15,6,9,98,42,15,16,14,18,189,83,256,209,46,76,57,100,71,82,49,55,139,122,54,122,22,,33,20,30,40,31,51,103,145,38,50,22,19,34,26,90,32,27,53,35,40,21,192,83,63,120,165,42,131
20150124,20,PM2.5_24h,117,131,201,148,81,289,266,31,43,162,136,273,235,79,58,104,91,186,165,112,184,138,137,106,176,161,158,197,191,181,130,80,138,131,85,112,136,188,120,106,44,133,92,105,137,66,69,79,196,96,224,99,100,71,49,61,61,53,80,60,43,90,43,25,146,164,65,16,30,127,48,100,53,127,98,93,112,47,94,68,58,147,197,247,221,189,183,195,130,171,137,132,141,86,166,71,71,38,49,77,57,63,88,104,64,15,227,70,117,162,127,43,102,91,86,42,141,101,149,104,139,183,55,168,303,230,190,163,146,214,135,82,113,140,66,34,61,24,122,193,52,171,193,149,137,112,11,146,163,101,101,127,46,34,58,46,95,235,170,97,142,106,148,112,114,122,130,76,86,95,127,113,142,175,129,218,177,148,152,170,107,121,109,120,,80,147,190,70,158,157,91,71,128,67,40,60,40,62,60,71,21,34,18,97,124,108,35,56,132,80,84,48,125,163,42,83,118,62,65,74,123,98,178,89,70,,143,153,165,84,143,51,147,65,56,69,63,66,74,136,76,71,64,60,70,55,66,194,160,191,148,141,129,173,134,82,114,82,165,103,84,82,175,188,87,122,83,48,85,129,94,129,76,35,36,53,51,86,70,59,58,67,57,106,152,179,193,146,192,123,146,103,16,,28,91,41,93,99,25,35,29,40,71,13,31,16,41,51,40,27,21,29,12,77,16,13,75,18,10,177,68,152,118,47,77,47,85,78,66,59,78,95,211,120,123,29,,55,44,30,57,45,40,53,120,57,93,30,41,95,61,74,35,21,61,102,50,29,183,70,76,84,102,41,78
20150124,20,PM10,80,60,159,94,75,291,117,103,97,62,61,139,234,143,126,187,76,369,331,106,379,125,168,72,248,325,270,272,281,296,157,98,140,201,44,92,222,181,118,79,20,266,136,87,194,89,77,224,353,72,212,181,161,145,80,86,108,75,95,86,80,204,70,70,266,201,118,48,95,250,136,161,129,121,194,184,167,94,170,144,114,89,145,82,331,165,260,218,184,240,231,121,92,147,147,154,139,74,76,150,90,113,176,238,198,29,368,82,174,245,187,84,243,158,208,92,305,135,284,123,192,261,120,318,354,222,305,234,197,344,216,177,141,236,138,71,227,60,134,378,95,265,320,218,280,194,48,235,324,237,144,180,138,120,151,70,124,355,422,56,34,66,96,70,162,198,122,103,106,106,148,173,181,208,189,332,227,146,276,243,134,230,220,183,,110,304,344,100,349,154,159,100,124,88,74,93,118,61,127,64,46,48,73,238,247,211,95,99,226,88,135,252,298,249,101,311,148,75,79,47,148,314,173,141,96,,283,235,186,158,248,117,234,91,108,120,73,85,110,308,223,117,101,54,123,89,74,,275,284,237,253,161,254,284,239,228,256,203,416,130,140,271,175,224,197,195,75,112,245,134,303,92,68,73,102,68,110,170,108,103,69,61,193,225,191,182,325,344,255,318,162,31,,33,161,65,162,99,30,46,40,56,124,33,,43,53,68,91,39,67,50,36,185,479,28,52,18,,224,136,367,242,184,124,102,184,137,175,79,112,237,276,154,173,82,,71,127,39,153,61,134,125,184,103,73,36,52,134,172,115,44,46,64,37,109,48,,137,112,167,201,65,214
20150124,20,PM10_24h,141,209,312,233,143,427,375,79,84,230,231,441,332,127,132,138,122,222,172,128,266,169,179,142,253,261,218,253,261,237,190,110,214,179,113,160,194,238,159,162,59,177,130,139,182,93,99,164,321,134,265,166,134,102,85,94,95,78,104,90,84,137,78,51,209,261,86,37,71,247,121,172,107,190,157,145,214,100,119,102,86,184,271,315,294,240,299,276,183,258,232,208,188,119,214,114,107,74,78,131,85,94,129,142,85,30,306,137,163,214,244,78,155,143,102,63,175,131,194,122,194,219,128,243,407,270,291,234,187,297,213,169,151,204,114,62,97,50,174,274,112,210,238,245,189,151,29,249,221,160,156,179,152,144,165,81,124,305,267,135,170,133,181,140,153,165,194,107,108,138,170,173,187,243,179,276,253,174,192,233,139,194,205,188,,102,232,256,87,238,255,164,107,225,105,90,89,64,114,127,95,37,91,44,120,174,136,57,78,185,115,105,140,183,217,67,125,132,89,101,111,141,158,196,119,105,,217,196,170,123,140,67,173,89,92,96,115,93,126,214,157,112,101,98,110,94,101,197,237,233,190,196,220,211,184,151,171,140,243,203,121,141,263,246,155,210,127,104,113,236,162,201,123,66,70,95,79,126,133,88,94,92,112,163,200,236,267,234,262,221,222,176,27,,54,118,63,180,124,40,49,44,74,116,33,59,40,59,67,81,35,72,40,25,137,77,23,125,28,28,207,139,212,132,179,104,117,225,135,158,106,148,134,323,204,156,86,,140,112,53,235,100,101,93,154,111,142,40,106,186,205,91,49,37,79,135,121,58,216,141,122,103,138,67,109
20150124,20,SO2,14,31,22,106,68,55,38,64,53,17,15,27,39,97,76,174,91,140,169,16,72,21,33,18,70,61,51,78,44,34,18,18,20,44,13,27,39,36,23,9,7,51,38,13,38,7,13,27,82,17,31,29,37,19,10,12,24,14,22,10,9,40,16,4,43,22,29,14,7,70,33,32,159,32,100,46,104,59,72,54,9,43,34,22,38,52,86,46,38,50,100,47,11,26,38,30,25,6,5,11,16,8,32,20,25,11,55,31,70,410,28,165,173,55,94,145,63,58,67,28,30,40,25,82,82,58,58,59,57,63,21,30,56,11,55,4,41,1,22,47,52,62,18,21,18,24,18,62,106,95,34,50,64,19,155,5,13,68,120,21,8,49,27,29,22,42,25,21,31,23,17,67,17,52,37,50,61,31,47,41,18,24,31,38,,126,32,34,22,56,191,118,24,62,144,50,22,22,11,55,21,23,22,84,74,47,61,106,16,57,35,71,82,27,37,23,27,21,57,44,67,34,41,24,106,14,,20,34,29,20,38,28,35,9,51,44,16,9,14,68,88,19,102,19,47,31,85,20,50,44,51,54,25,62,92,36,64,19,25,58,52,5,19,14,38,71,36,14,47,103,53,33,25,6,8,12,41,15,50,10,44,2,45,13,51,35,26,67,54,12,14,43,7,,13,39,71,19,18,21,5,4,16,28,4,10,28,16,8,22,8,6,2,12,14,3,6,11,8,3,45,56,107,47,126,32,118,91,66,24,120,130,61,169,41,34,21,,9,14,28,21,12,29,63,114,41,12,24,31,39,22,38,16,64,31,18,8,4,27,109,10,19,109,55,115
20150124,20,SO2_24h,40,59,135,135,81,187,157,62,45,63,101,107,165,131,90,137,92,110,133,22,45,30,46,34,63,50,49,66,45,45,23,20,34,32,21,29,54,38,39,14,7,55,41,33,45,8,21,31,168,28,68,53,42,30,11,12,26,16,38,18,11,38,13,4,35,34,21,21,13,91,30,39,169,35,69,47,121,72,59,45,10,120,49,107,108,127,189,62,46,73,96,76,26,26,73,34,22,7,8,16,15,6,35,17,16,15,93,81,81,448,94,126,155,69,101,104,66,66,63,30,29,31,55,114,209,63,133,77,69,46,43,38,45,18,24,4,18,1,20,43,57,50,20,28,11,42,21,78,143,103,46,78,110,52,158,6,24,92,167,67,27,58,46,45,33,32,31,22,34,39,28,46,18,75,41,51,81,44,36,37,24,30,25,45,,136,36,47,23,147,265,144,36,108,128,26,14,26,71,62,16,40,25,62,45,41,57,37,14,35,49,61,65,19,38,25,15,21,44,51,50,44,41,29,79,14,,15,40,53,20,37,17,32,9,44,27,25,10,12,81,99,74,68,47,71,36,126,173,140,61,59,67,43,59,67,37,62,62,64,47,34,15,51,38,40,79,70,24,76,98,55,27,28,6,9,22,87,29,23,11,23,7,53,16,34,55,36,33,43,12,13,52,4,,26,19,50,37,35,13,5,9,21,59,5,10,34,21,10,14,6,14,2,16,11,5,8,45,17,3,37,50,101,37,76,29,74,117,44,29,91,59,35,136,71,30,22,,20,26,53,18,16,26,32,79,33,20,24,24,46,66,33,17,80,18,23,9,3,29,139,26,25,108,66,77
20150124,20,NO2,62,44,74,62,39,105,48,53,70,26,20,33,83,53,73,81,40,114,135,103,171,97,61,19,59,79,128,149,140,39,27,28,31,132,40,126,134,111,81,42,33,151,64,48,60,69,46,96,94,23,90,120,87,133,41,69,90,73,59,42,37,135,31,21,76,88,34,27,15,67,61,52,83,67,65,64,84,77,50,40,71,45,40,42,86,47,78,38,81,77,80,42,21,74,37,106,60,16,23,68,32,59,130,91,75,11,82,44,59,76,80,62,87,45,94,55,90,59,51,61,41,117,68,98,108,85,80,84,71,68,51,52,57,45,68,30,104,21,79,109,58,73,59,85,37,39,23,87,97,90,68,59,47,43,101,21,38,75,83,7,10,42,17,7,34,68,25,48,52,15,80,124,122,109,163,101,112,63,161,102,33,117,112,146,,53,141,73,96,39,61,54,31,55,46,60,38,59,23,59,22,7,25,31,63,85,79,84,63,78,42,41,39,65,41,41,44,64,35,44,34,67,50,49,107,41,,38,50,58,23,44,63,101,40,66,45,67,26,33,83,82,66,87,19,79,73,51,118,84,99,89,88,39,85,101,86,109,74,51,96,75,47,56,47,94,66,31,26,58,38,79,56,31,20,29,45,23,29,46,39,47,19,48,52,85,83,59,46,72,43,69,43,26,,22,35,43,40,27,20,33,8,20,15,5,21,16,12,30,64,21,31,17,17,54,3,9,4,2,2,69,88,85,60,35,57,61,46,89,41,55,57,87,159,29,48,5,,14,8,32,22,20,46,79,69,23,26,13,52,25,14,58,27,34,46,31,14,29,70,40,32,69,65,21,76
20150124,20,NO2_24h,79,74,103,84,55,103,89,28,48,70,66,100,99,48,63,63,43,64,85,75,115,90,67,41,67,67,89,102,119,55,34,29,45,95,55,92,82,101,70,45,25,91,59,60,51,50,53,59,123,41,98,91,74,91,33,47,70,44,59,51,33,83,25,14,64,84,29,27,32,65,38,49,53,84,51,50,75,58,43,31,42,79,71,94,99,80,104,56,60,60,82,69,56,45,71,82,39,12,19,65,27,33,94,48,41,13,82,43,58,81,80,40,64,51,82,45,47,39,47,43,31,73,46,94,107,83,83,83,62,63,70,49,46,43,50,13,35,24,60,58,46,45,34,66,27,39,14,69,74,71,62,61,24,41,60,27,56,66,79,28,41,66,39,11,40,44,42,26,35,21,70,91,96,103,120,72,88,77,105,101,55,55,67,98,,37,119,57,47,45,66,51,25,55,37,26,27,32,40,64,28,9,16,19,36,39,41,30,34,46,28,35,30,76,37,31,30,59,27,52,28,71,37,58,70,65,,31,49,49,20,42,39,60,39,50,24,57,21,28,60,71,47,62,46,59,45,54,104,95,87,83,99,40,75,73,58,73,53,63,59,43,36,75,52,75,51,34,45,54,44,77,50,39,14,16,50,23,37,31,23,41,28,47,34,44,65,74,34,55,30,41,40,14,,29,24,23,49,33,12,13,8,23,27,2,21,20,10,15,28,18,32,17,15,27,10,10,29,17,3,55,69,59,43,22,33,36,32,50,43,26,25,43,148,38,44,8,,18,15,29,10,15,13,24,59,22,59,12,38,35,27,41,29,27,43,67,19,16,67,44,74,47,48,21,43
20150124,20,O3,17,23,3,22,25,9,12,19,7,26,31,22,6,13,10,40,20,24,19,28,7,45,45,87,31,15,10,8,11,28,49,69,47,19,86,10,11,28,37,45,76,16,67,84,15,53,65,13,10,80,13,6,20,22,76,49,19,10,38,69,69,12,85,38,5,14,62,47,75,7,45,74,16,20,19,36,9,15,59,29,57,29,55,20,4,21,19,64,8,25,14,34,78,10,39,12,68,109,86,16,74,31,14,31,22,36,10,33,17,24,22,11,23,48,53,30,35,17,13,32,47,12,30,11,2,4,12,17,10,11,16,13,6,33,38,91,27,79,5,11,22,29,33,6,18,45,76,4,13,18,12,6,41,49,18,68,67,7,9,56,79,56,68,66,26,12,63,30,27,51,36,13,6,5,4,7,14,55,12,45,81,98,26,4,,3,5,32,34,3,38,13,28,28,22,33,41,15,65,22,47,37,68,30,51,21,33,14,24,17,24,38,23,26,39,30,40,38,23,54,8,34,24,34,47,64,,24,36,93,22,23,24,90,65,40,44,17,45,34,6,16,51,25,63,22,24,73,6,3,1,10,1,24,4,,16,15,33,12,5,38,22,2,3,15,13,14,78,57,34,19,10,67,51,82,52,90,91,57,25,64,89,40,18,8,27,32,20,29,23,9,54,31,,86,29,65,24,64,63,65,93,55,76,74,63,28,68,76,23,81,59,57,35,34,30,84,75,78,78,12,6,35,16,42,35,15,42,13,58,44,37,7,38,84,63,107,,83,92,78,93,10,31,17,29,23,82,17,21,66,29,36,106,46,26,48,46,34,5,32,71,15,21,27,4
20150124,20,O3_24h,44,46,13,51,44,11,36,62,60,35,64,25,10,36,32,59,52,86,61,105,32,87,62,91,64,39,71,61,31,45,89,105,63,90,120,99,79,78,129,104,123,139,121,129,47,116,106,64,19,104,17,84,77,117,113,99,84,63,97,155,124,74,112,78,30,46,97,74,84,32,75,92,56,30,60,79,37,63,81,45,112,38,86,25,13,42,39,70,57,82,21,39,96,85,46,71,125,139,118,80,132,126,70,132,74,50,31,45,40,37,34,33,38,71,69,57,84,61,49,76,66,44,98,17,15,18,53,33,45,12,18,89,17,86,120,121,125,115,40,72,72,71,53,43,25,89,102,44,51,74,40,39,85,78,62,76,72,70,36,73,99,104,105,92,31,79,66,91,76,89,89,79,65,55,67,47,52,57,61,57,84,80,75,117,,32,44,38,120,14,64,40,72,42,33,92,73,60,85,56,68,61,97,46,83,83,107,79,68,66,49,69,39,136,53,65,80,111,60,79,44,65,60,45,109,105,,56,93,127,70,60,59,100,107,89,131,90,98,76,50,41,137,100,77,48,117,138,109,19,10,49,36,44,25,44,70,55,75,32,65,104,73,34,9,69,79,82,113,110,78,63,19,98,77,104,77,127,111,82,71,82,116,86,55,61,102,90,59,47,33,37,81,63,,100,49,97,41,78,83,112,131,82,88,98,106,47,91,85,117,104,91,59,55,84,32,92,95,85,83,22,54,32,79,56,103,59,92,84,56,85,85,97,114,95,121,113,,109,100,108,128,26,76,58,63,41,89,18,65,78,45,58,117,74,52,53,64,94,21,44,112,75,45,38,46
20150124,20,O3_8h,26,35,4,35,37,9,16,32,35,29,35,12,6,21,21,49,35,57,43,69,12,62,53,86,43,27,38,33,21,33,71,88,53,54,107,60,56,47,88,85,101,96,93,101,29,92,85,37,10,93,13,18,42,80,94,63,55,38,75,114,99,33,100,61,5,29,76,65,76,19,59,77,39,22,32,54,18,41,69,39,88,27,69,17,4,32,21,59,30,62,11,28,86,35,38,34,92,110,104,48,85,67,39,93,53,47,10,37,19,23,27,19,27,57,49,46,59,36,27,58,44,26,71,12,3,9,17,16,25,11,13,34,8,37,65,112,82,94,18,43,53,46,37,19,20,69,96,21,34,43,27,24,72,55,46,70,62,39,18,65,88,76,82,79,26,52,61,56,57,69,66,39,34,36,24,27,34,48,28,46,71,65,48,63,,14,17,17,85,3,45,25,46,32,22,76,60,39,73,33,55,50,89,39,67,57,73,50,44,44,38,60,25,35,28,46,46,60,43,68,33,34,37,34,56,73,,40,42,96,30,33,40,78,90,67,96,60,71,58,21,17,95,63,67,29,79,109,17,7,2,9,8,22,10,7,46,21,53,15,17,71,44,15,3,28,54,42,94,81,44,44,12,83,54,91,62,109,100,71,42,66,104,67,41,25,62,56,21,35,24,10,64,46,,93,37,81,23,54,75,80,100,75,76,86,95,39,85,82,82,95,77,57,44,70,29,88,82,77,81,16,30,19,36,46,70,64,69,65,50,72,70,54,75,89,90,107,,94,94,100,112,20,62,49,49,34,77,17,45,69,36,43,112,50,38,33,55,84,6,39,87,51,35,30,30
20150124,20,O3_8h_24h,31,38,17,39,40,29,29,56,42,29,60,38,11,27,23,51,48,64,46,78,30,64,53,86,53,43,52,54,53,35,71,90,53,57,110,72,67,53,91,92,115,107,93,103,34,106,91,45,46,95,32,41,67,94,113,105,99,84,112,122,137,114,114,64,34,29,87,69,81,26,65,77,43,23,66,81,23,47,71,41,106,28,69,45,34,35,33,64,54,64,44,29,86,84,47,91,146,132,113,104,139,119,105,165,80,48,55,38,44,43,43,35,32,58,50,49,76,52,32,66,56,35,79,34,24,57,42,74,35,25,30,79,26,67,118,139,137,137,19,76,55,83,55,26,22,79,97,35,47,51,35,34,77,75,52,70,62,52,47,66,88,76,82,79,41,55,61,77,60,69,68,52,45,42,54,76,36,70,77,49,71,68,57,73,,25,90,58,108,24,50,32,66,33,31,81,65,51,73,58,56,53,93,42,68,62,81,74,64,50,43,62,32,98,31,50,58,72,54,69,41,51,41,45,71,76,,45,62,108,42,64,44,78,96,69,105,74,90,60,55,59,108,92,67,62,96,110,31,32,54,57,67,42,57,56,59,54,62,63,58,85,63,41,10,66,58,79,116,113,66,58,39,73,77,114,67,125,117,89,68,82,120,69,45,83,63,56,56,38,27,30,80,46,,94,43,89,50,74,77,110,125,76,91,96,96,42,87,86,82,100,77,58,58,73,29,88,82,83,84,20,34,33,77,55,99,49,69,72,50,87,72,88,75,89,90,107,,94,99,101,113,21,68,58,49,34,77,18,45,71,39,57,112,68,40,33,117,89,41,40,107,110,38,35,42
20150124,20,CO,1.45,0.954,2.006,1.28,0.729,3.24,2.095,2.119,1.376,0.531,0.708,4.389,3.099,2.065,2.354,1.469,0.881,2.788,2.381,1.232,2.672,1.05,1.12,0.591,2.174,2.204,2.356,2.616,2.239,1.808,1.411,1.024,1.276,1.588,0.79,1.124,1.605,1.572,1.001,0.915,0.314,2.517,1.741,0.872,1.967,0.868,0.696,1.846,2.22,0.767,3.252,1.96,1.304,1.521,1.152,1.493,1.396,1.456,1.216,0.816,1.058,1.916,0.819,0.72,1.622,1.718,0.793,1.313,0.67,3.468,2.602,1.984,1.231,1.449,1.768,1.166,3.565,1.269,1.7,2.368,0.886,1.15,1.49,1.658,3.577,1.796,2.9,1.068,1.854,1.632,2.246,1.397,0.79,1.101,1.457,1.931,1.175,0.997,1.037,1.63,0.922,1.795,2.701,3.87,1.668,0.662,3.127,1.441,2.674,3.417,2.931,1.771,2.698,2.33,3.397,1.461,2.933,1.7,3.65,1.061,2.463,2.499,0.939,4.971,4.05,3.166,4.047,1.818,2.339,2.645,1.601,2.455,1.767,3.724,0.825,0.924,2.314,0.684,1.404,2.391,1.829,1.491,1.873,1.661,2.034,1.161,0.519,2.463,3.343,3.842,2.615,1.891,1.981,0.58,1.342,1.779,1.608,3.987,2.571,0.725,0.555,1.054,1.011,0.446,0.828,1.771,1.197,0.586,1.636,1.071,0.928,2.193,1.656,1.503,2.448,2.741,1.781,1.754,2.578,0.927,0.91,1.878,2.349,1.737,,0.852,1.817,3.575,1.347,4.452,1.441,2.14,1.885,3.874,4.962,1.686,1.009,0.873,0.881,1.45,0.695,0.344,0.658,1.706,1.444,2.18,3.396,2.141,2.367,1.781,0.615,1.65,3.425,5.756,1.599,0.778,3.789,2.286,0.892,0.812,1.901,2.041,1.88,1.408,4.327,2.504,,2.085,1.538,1.423,1.595,2.453,2.88,2.891,1.368,1.571,2.793,1.14,1.552,0.901,2.735,2.603,1.018,2.99,0.384,1.297,1.072,0.823,2.217,3.713,4.182,2.844,3.353,1.613,2.256,2.534,1.724,0.961,1.862,1.832,3.607,1.934,1.712,3.5,1.765,1.931,1.986,1.787,1.789,0.876,1.2,1.557,1.819,2.992,1.278,1.476,0.878,1.001,1.563,1.514,1.379,1.665,0.842,2.324,0.804,1.658,2.023,1.002,1.766,2.868,1.872,3.294,1.379,0.763,,0.484,1.206,1.197,3.2,1.408,1.675,0.601,0.555,0.548,1.365,0.533,1.142,0.984,0.342,0.787,1.156,0.383,1.42,0.652,2.595,2.748,1.752,1.962,2.294,1.244,0.4,2.862,4.079,2.335,2.546,1.549,1.202,1.605,1.185,2.49,0.393,2.966,1.916,2.308,3.795,2.011,0.966,0.742,,0.476,0.524,0.365,1.188,0.603,0.751,1.847,3.352,1.137,1.344,0.107,0.979,1.066,1.333,2.11,1.156,1.684,1.135,0.553,1.102,0.748,1.627,1.761,0.987,2.263,3.081,1.264,3.375
20150124,20,CO_24h,2.393,2.674,3.866,3.576,1.712,3.63,5.298,1.492,1.142,2.797,2.838,5.368,3.836,1.9,2.568,1.317,1.084,1.886,1.425,1.197,2.037,1.208,1.208,1.174,2.368,1.793,2.194,2.241,2.115,1.791,1.585,1.073,1.805,1.612,1.206,1.432,1.384,1.781,1.092,1.28,0.619,1.614,1.84,1.034,1.782,0.943,0.837,1.291,3.311,1.243,2.778,1.499,1.161,1.085,1.113,1.523,1.163,1.333,1.076,0.793,0.981,1.34,0.848,0.55,1.314,1.914,0.705,1.316,1.116,3.368,1.82,2.02,1.305,3.222,1.578,1.002,3.792,1.175,1.328,1.914,0.804,2.014,2.435,3.35,3.669,2.874,3.691,1.625,1.638,2.031,2.197,2.13,1.783,0.986,2.001,1.286,0.953,0.928,0.925,1.271,0.831,1.11,1.783,1.796,1.169,1.036,2.85,2.751,3.195,3.919,3.752,1.685,2.219,2.107,2.903,1.308,1.677,1.403,2.288,0.986,2.226,2.222,1.008,3.132,5.326,2.861,3.577,1.613,1.975,2.262,1.657,2.07,1.762,3.355,0.648,0.759,1.032,0.627,1.403,1.531,2.664,1.233,1.537,1.403,1.486,1.097,0.425,2.278,2.921,3.496,2.585,1.958,1.679,0.903,1.251,1.917,1.994,3.094,2.855,1.988,1.656,1.936,1.836,0.995,1.216,1.781,1.965,0.746,1.83,1.494,1.122,2.24,1.182,1.535,1.723,1.759,1.882,1.87,2.426,1.014,1.057,1.547,1.777,1.794,,0.674,1.735,2.767,0.946,4.783,2.562,1.921,2.085,4.48,5.041,0.82,0.702,0.407,1.227,1.877,0.948,0.444,0.665,1.428,0.921,1.45,1.747,1.035,1.194,1.515,0.672,1.305,2.608,2.26,2.143,0.776,1.329,1.148,0.829,0.914,1.021,1.988,1.53,1.815,3.257,2.884,,1.937,1.439,1.483,1.461,1.737,1.453,2.674,1.219,1.831,1.811,1.11,1.484,1.021,2.207,1.885,1.011,2.134,0.84,1.271,0.727,0.917,2.936,3.357,3.189,2.193,2.28,1.602,1.875,1.649,1.367,0.972,2,1.86,2.37,1.468,1.456,3.804,1.939,1.209,2.194,1.873,2.88,0.814,1.031,1.759,1.223,3.275,1.191,1.416,0.703,1.104,1.855,0.893,1.142,1.06,0.976,2.309,0.776,1.11,1.769,1.497,1.407,2.162,1.812,2.209,1.261,0.511,,0.906,0.89,1.023,3.247,1.56,1.57,0.601,0.621,0.575,1.328,0.371,1.156,0.925,0.383,0.819,0.85,0.326,1.274,0.548,2.05,1.524,1.919,2.083,4.305,1.417,0.353,2.445,3.486,2.806,1.942,1.209,0.938,1.842,0.905,1.254,0.58,2.527,0.947,1.331,3.747,3.253,1.307,0.745,,0.546,0.648,0.385,0.594,0.698,0.367,1.08,3.367,1.357,2.322,0.304,1.305,2.657,1.881,2.132,1.26,1.593,1.162,2.858,1.005,0.606,1.599,2.032,1.167,1.46,2.68,1.306,2.247
20150124,21,AQI,96,54,136,82,63,293,99,86,81,58,52,75,241,144,115,213,75,391,344,106,305,130,164,65,148,239,207,264,284,241,135,110,110,186,54,92,163,203,96,81,49,160,133,70,172,69,76,150,296,54,322,165,143,141,71,82,98,72,113,77,69,181,61,59,246,160,98,44,55,181,97,121,89,98,135,148,142,79,205,147,81,116,160,76,303,109,219,170,214,219,205,128,87,137,142,154,96,60,72,122,89,110,149,205,216,29,315,70,186,227,167,76,262,163,223,97,324,114,260,132,198,246,82,292,342,307,286,234,204,311,192,126,137,230,114,74,205,54,137,289,76,259,314,175,241,207,46,196,320,217,150,182,105,94,105,60,97,332,300,50,44,71,104,82,97,191,87,98,109,74,122,119,142,193,164,383,206,148,198,222,115,211,154,174,,135,285,361,120,260,132,141,109,130,93,83,94,96,55,127,63,50,52,60,289,245,267,104,104,214,88,165,142,340,215,74,283,209,119,72,100,170,199,228,148,80,,251,247,217,154,265,120,236,82,95,110,69,64,86,258,137,89,104,51,103,82,72,271,206,365,246,254,158,256,256,242,205,222,213,390,122,126,240,221,160,179,168,62,116,203,115,236,98,58,65,81,69,82,150,81,106,61,65,161,237,212,200,245,286,138,263,120,48,,46,210,64,119,115,41,47,49,60,133,43,50,38,64,70,99,58,68,59,24,266,114,47,67,40,55,248,120,315,253,83,137,203,160,164,94,89,160,224,219,108,178,62,,88,64,67,118,65,96,148,186,84,70,45,70,93,116,120,61,36,91,55,95,72,246,115,76,172,212,59,133
20150124,21,PM2.5,71,29,103,60,43,242,74,63,44,28,29,54,190,110,86,162,54,340,293,79,254,98,124,46,113,188,156,213,233,190,102,82,82,140,24,68,123,152,71,59,11,121,101,50,130,48,55,94,245,34,271,125,109,107,51,60,73,52,84,56,49,136,37,34,195,121,73,16,24,136,72,89,62,73,102,113,108,48,154,112,59,87,121,55,252,81,168,128,163,168,154,97,64,104,108,117,71,39,52,92,66,82,114,154,165,13,264,50,140,176,126,54,211,123,172,72,273,85,209,100,148,195,60,241,291,256,235,183,153,260,144,95,104,179,85,47,154,31,104,238,42,208,263,132,190,156,13,147,269,166,115,137,63,33,63,42,72,281,250,35,27,51,77,60,72,143,64,73,81,53,92,89,108,145,124,332,155,113,148,171,86,160,117,131,,102,234,310,90,209,100,107,81,98,69,54,70,71,27,96,44,28,31,35,238,194,216,77,77,163,65,125,81,289,164,53,232,158,89,52,41,128,149,177,113,58,,200,196,166,117,214,90,185,60,62,82,49,45,63,207,104,61,77,31,76,60,52,220,155,314,195,203,120,205,205,73,154,81,162,216,92,95,189,170,121,135,127,34,87,152,86,185,73,36,42,59,49,60,115,59,79,43,26,122,186,161,150,194,235,105,212,90,33,,22,159,35,89,86,23,31,21,42,101,8,31,12,45,50,29,40,20,1,12,202,17,15,48,19,12,197,90,264,202,49,104,152,121,124,58,44,121,173,164,80,134,27,,41,30,48,81,25,64,113,140,47,50,31,23,61,42,90,23,25,67,34,43,39,195,86,55,130,161,41,101
20150124,21,PM2.5_24h,109,124,196,141,75,290,251,33,39,153,127,277,229,79,58,103,88,192,164,112,187,136,136,103,175,163,158,198,194,180,127,78,136,131,81,109,134,187,119,103,41,131,91,103,138,66,69,79,194,93,230,100,100,73,50,61,63,54,81,60,43,95,41,25,149,162,64,16,29,129,46,98,53,124,98,93,113,47,96,67,58,143,194,241,225,185,185,194,132,173,139,130,139,87,161,73,71,38,49,78,58,64,88,107,69,15,232,68,119,162,128,45,105,91,89,40,148,98,150,105,140,184,55,172,306,234,194,164,147,216,135,82,113,141,63,35,64,24,121,196,52,172,198,149,139,114,11,148,166,102,100,129,48,35,58,46,95,238,176,95,138,105,147,110,112,124,129,76,87,95,126,112,140,174,129,224,176,147,153,171,107,121,108,120,,79,152,198,71,162,154,90,70,124,67,39,60,39,60,62,67,21,34,19,100,127,113,36,57,131,76,85,50,133,162,42,88,120,61,65,68,124,101,181,91,70,,147,155,166,86,147,52,150,64,56,69,60,64,71,138,78,69,65,59,70,54,65,199,160,199,153,145,128,177,138,81,116,82,165,108,83,83,176,188,86,118,85,47,82,131,92,132,76,34,35,51,50,84,72,57,54,65,54,106,154,178,190,147,193,122,149,102,16,,27,93,40,94,100,24,34,28,40,73,13,30,16,39,49,41,28,21,29,13,80,16,11,77,18,10,179,68,157,124,46,79,52,84,79,66,58,76,99,209,113,122,29,,53,43,30,58,42,39,53,118,57,90,29,41,95,61,74,35,22,60,101,50,29,184,64,75,87,103,42,77
20150124,21,PM10,86,55,129,93,74,304,102,107,110,63,52,76,233,159,134,198,81,386,355,100,359,99,159,69,216,302,235,288,265,251,152,101,129,208,37,118,194,157,111,82,21,214,137,78,197,86,74,249,319,56,254,146,163,143,84,76,115,82,111,84,77,190,70,66,275,201,100,43,58,254,131,190,125,88,189,167,216,105,173,147,102,83,148,70,272,107,230,214,200,252,243,139,90,136,138,170,122,64,75,115,91,109,185,214,173,28,284,86,180,249,201,100,258,163,234,95,330,127,274,129,210,232,102,313,284,,304,219,226,331,200,189,140,224,134,95,259,56,148,339,99,282,317,221,299,178,44,251,346,216,189,179,158,135,157,64,98,346,344,44,35,68,93,68,124,196,102,96,95,74,130,168,187,205,207,,226,135,193,217,114,280,247,211,,118,332,375,119,285,160,143,104,137,95,113,110,93,58,133,67,49,51,68,255,261,272,120,103,242,94,141,232,299,240,95,361,162,154,84,147,146,247,189,148,83,,289,238,183,169,231,125,209,102,137,120,85,62,102,316,213,126,118,50,128,105,82,,265,298,205,241,165,248,241,378,234,364,200,491,149,149,288,182,212,276,152,71,117,239,149,315,91,63,77,91,74,102,202,104,131,67,78,201,256,220,207,320,314,219,334,161,39,,44,216,76,161,100,40,46,33,64,143,32,49,37,68,63,145,42,84,65,23,395,176,46,74,,57,238,123,398,230,113,155,214,199,222,135,126,174,273,362,154,178,72,,123,75,66,183,78,139,151,208,115,63,40,88,133,179,117,40,34,90,57,137,92,,137,70,173,192,60,160
20150124,21,PM10_24h,130,197,304,223,135,425,355,80,78,220,219,435,323,128,129,136,119,227,174,129,271,167,178,138,254,264,219,253,263,235,187,107,211,180,108,156,191,237,159,156,56,176,129,137,183,93,98,165,315,131,267,165,132,104,86,94,96,79,105,90,84,141,77,52,214,258,85,37,70,249,118,171,107,187,157,145,216,100,120,100,87,179,266,309,296,237,299,276,185,260,233,207,184,120,209,116,108,74,78,132,85,96,126,145,89,30,308,135,165,206,244,79,159,142,104,59,184,129,196,123,196,221,126,246,411,270,292,233,190,298,211,168,150,202,111,64,103,49,171,268,112,209,244,245,194,152,28,250,225,159,156,181,155,143,164,79,123,307,275,130,166,134,179,138,153,168,192,107,109,138,169,173,187,241,180,276,251,173,193,216,139,194,205,188,,102,239,262,89,242,251,160,106,217,104,86,89,63,111,128,91,37,86,45,122,177,142,59,79,185,110,106,146,190,216,68,134,134,89,102,107,142,162,197,121,104,,221,197,172,125,142,69,177,89,93,96,105,91,119,218,161,110,101,96,110,93,100,198,239,234,191,200,215,213,188,163,175,149,242,214,122,141,266,244,152,205,126,102,109,237,158,206,118,64,68,93,77,126,136,86,89,90,107,164,204,236,264,237,263,219,227,176,26,,53,123,62,179,123,40,48,43,73,117,33,60,40,58,64,82,35,72,41,25,142,82,23,126,28,26,210,137,218,138,176,107,122,212,138,154,106,145,140,325,193,156,87,,135,99,52,235,95,100,95,155,111,139,39,106,185,204,91,48,38,78,132,121,59,213,131,119,107,138,66,108
20150124,21,SO2,11,36,21,108,58,54,37,72,61,15,15,103,37,119,94,226,119,146,126,15,67,20,31,18,59,44,43,74,42,32,16,16,15,42,12,30,35,32,23,11,6,46,40,12,40,7,13,27,61,25,33,24,37,19,7,11,23,14,23,12,9,40,14,4,41,22,34,11,10,71,34,32,137,23,47,40,100,57,68,72,13,37,35,22,36,43,72,40,38,49,88,40,14,31,30,24,22,6,5,10,16,8,20,23,26,17,59,39,65,467,28,189,185,55,100,151,61,76,60,26,31,42,18,76,70,50,61,63,51,52,21,27,49,10,42,4,42,2,24,41,38,50,21,21,15,24,17,55,93,77,30,39,36,18,148,4,14,44,89,24,7,47,30,27,23,38,14,19,27,19,15,84,22,54,36,52,76,28,30,41,16,26,28,40,,173,35,34,30,56,168,111,23,74,137,94,12,22,11,48,16,18,21,79,71,75,54,63,34,37,31,76,76,23,36,22,26,24,52,66,91,28,36,23,66,11,,19,37,30,18,42,21,40,9,50,41,20,8,18,71,78,29,96,19,45,30,87,17,51,48,52,52,27,64,82,29,56,17,27,32,35,4,16,13,36,111,42,9,35,85,49,29,27,4,8,16,54,20,35,10,32,2,44,14,49,36,33,76,30,13,14,37,7,,13,30,59,17,17,18,5,4,16,35,5,10,28,13,11,24,7,8,2,11,19,4,7,14,13,3,37,60,107,40,177,27,110,228,55,29,103,159,61,194,48,33,24,,8,15,42,26,10,22,58,344,32,27,25,31,42,51,26,13,51,16,17,13,4,29,90,7,33,119,65,108
20150124,21,SO2_24h,38,57,126,136,77,180,149,63,44,60,92,102,155,128,88,139,92,112,127,22,46,30,46,33,64,51,50,67,45,45,23,20,33,32,20,29,54,38,39,14,7,55,41,32,45,8,21,30,155,28,68,51,42,29,9,12,26,16,38,18,11,38,13,4,36,33,21,21,13,90,29,38,171,34,69,46,120,73,59,46,10,111,48,104,107,123,186,62,46,72,94,74,26,27,68,34,22,7,8,15,16,6,24,17,16,15,92,78,79,427,90,132,153,66,102,102,66,67,63,30,29,31,55,112,208,63,131,77,66,47,41,36,46,17,24,4,19,1,20,46,57,50,20,28,11,41,21,77,141,101,46,76,111,52,160,6,24,91,168,63,26,57,44,45,32,33,30,22,34,38,28,48,18,75,41,52,81,44,36,45,24,30,25,44,,139,35,43,24,142,261,138,33,102,124,29,14,26,66,62,16,39,23,64,46,43,58,38,15,33,46,62,67,19,37,24,16,21,44,51,51,43,41,29,81,14,,16,40,51,20,38,17,33,9,45,28,24,10,12,81,101,72,70,45,70,35,122,169,137,62,60,65,43,60,68,38,63,59,61,47,34,15,48,37,39,79,68,22,68,97,55,27,28,6,9,23,85,30,24,10,23,6,52,16,35,54,36,35,41,12,13,52,5,,26,19,51,37,34,13,5,8,21,58,5,10,34,21,10,15,7,14,2,16,11,5,8,45,17,3,38,50,102,38,80,29,76,118,44,29,87,60,36,131,66,28,23,,17,26,52,19,14,23,32,88,32,20,24,24,45,67,33,17,80,18,23,9,3,29,134,26,25,107,66,78
20150124,21,NO2,64,42,63,62,32,104,45,57,64,34,21,24,96,56,80,89,39,114,136,86,158,83,55,19,48,72,102,140,138,42,26,29,28,130,38,139,107,115,75,60,30,121,83,31,60,74,46,89,80,38,90,116,86,129,38,59,85,66,64,39,37,131,35,17,76,88,31,23,27,63,66,42,78,56,59,66,84,74,47,50,55,39,42,35,85,48,79,34,78,75,90,56,25,73,35,98,56,14,18,59,32,47,142,66,88,17,81,43,58,75,82,59,93,47,104,44,86,70,49,53,40,95,70,94,109,84,82,75,70,62,51,51,55,42,59,31,91,32,75,98,63,91,64,82,35,45,24,74,93,85,61,55,31,50,74,19,42,52,89,10,9,50,21,6,27,63,18,44,65,19,75,105,121,119,158,99,104,57,123,73,30,94,101,123,,54,142,75,91,41,59,52,30,51,44,79,27,62,24,49,22,5,37,32,68,76,76,74,69,78,38,38,38,59,38,39,40,69,30,83,52,66,43,56,106,37,,37,45,48,22,46,62,98,49,66,45,60,23,48,78,75,68,83,19,72,73,67,126,81,114,90,85,38,92,93,90,83,89,55,63,75,46,53,47,84,63,35,21,57,31,77,49,30,22,36,46,26,26,39,35,60,20,46,54,84,84,65,46,62,40,62,36,24,,27,38,34,38,28,39,39,7,16,17,3,27,15,9,26,64,26,51,22,16,57,3,6,12,4,2,65,88,75,52,45,48,76,65,79,71,40,72,81,166,35,38,9,,15,9,38,27,15,39,73,85,15,36,15,65,37,24,62,25,32,55,33,22,24,70,36,28,86,65,22,66
20150124,21,NO2_24h,76,71,100,82,52,104,85,30,48,67,62,99,98,48,63,62,42,65,85,76,117,90,68,39,67,67,89,103,119,55,33,29,43,95,55,92,82,102,70,45,25,91,59,58,51,51,53,59,115,41,97,92,73,92,30,49,71,46,60,49,33,86,25,14,65,84,29,26,32,64,37,47,54,82,50,49,75,59,43,30,42,77,68,91,99,78,103,56,61,61,82,68,54,47,66,82,40,12,19,63,27,35,97,48,43,14,82,43,58,80,80,42,64,50,82,43,49,40,46,43,30,74,47,93,107,83,83,82,63,62,68,48,46,42,48,14,37,25,59,61,46,46,35,66,27,39,14,68,74,70,62,60,25,42,60,27,55,65,81,26,40,66,38,11,39,45,40,27,37,21,70,91,97,104,122,74,89,78,107,101,55,55,67,99,,37,119,58,49,44,65,50,24,54,37,28,27,33,38,63,28,8,17,19,37,41,43,32,36,46,28,35,31,77,37,31,31,59,27,53,29,71,37,58,71,64,,31,49,49,20,43,39,61,39,49,24,51,20,27,60,72,47,61,43,60,45,54,104,93,87,84,98,40,75,75,59,75,54,62,59,44,36,74,51,73,50,33,43,51,43,76,50,37,14,15,50,23,37,31,22,39,27,46,35,46,65,72,35,55,30,43,41,14,,28,25,24,48,32,14,14,8,23,27,2,21,20,10,16,29,18,32,16,15,27,10,9,29,17,3,55,68,59,43,24,34,38,32,51,43,26,25,44,149,37,41,8,,17,16,29,10,14,13,26,59,22,57,11,38,35,26,42,28,27,43,65,18,17,66,42,70,49,48,22,43
20150124,21,O3,10,23,4,20,32,8,12,13,11,18,30,19,4,11,7,32,19,22,14,33,9,47,49,84,42,14,22,8,12,22,42,64,42,14,81,1,20,17,35,21,73,17,42,99,17,42,57,14,10,67,13,3,20,17,73,45,17,13,24,66,63,7,79,30,4,14,63,49,55,7,30,80,16,24,21,28,8,15,55,21,66,31,51,24,4,17,15,63,8,19,9,21,71,11,35,11,71,109,89,15,72,43,8,46,13,25,11,31,16,23,22,11,14,43,27,39,33,15,13,36,49,16,30,11,2,6,12,24,9,11,15,10,6,30,42,90,40,62,5,7,14,9,39,5,18,33,64,5,11,19,10,6,45,39,24,70,70,23,8,53,74,42,58,65,27,11,57,29,10,38,32,19,5,3,4,7,18,49,23,55,73,99,33,9,,7,5,30,36,3,35,14,28,30,22,10,53,10,59,28,47,50,49,28,48,23,28,15,20,15,28,37,22,22,39,28,27,40,26,27,7,29,22,10,49,68,,26,43,97,23,21,30,74,51,31,38,16,48,16,4,13,37,28,59,20,18,48,7,3,1,8,1,24,4,,7,15,13,12,6,29,20,2,3,15,14,11,82,54,37,22,8,62,41,68,42,82,90,61,25,50,83,37,14,5,18,21,20,20,21,8,57,29,,66,17,70,23,61,32,56,82,55,71,76,42,25,68,59,12,73,33,57,37,47,30,85,60,75,78,13,10,43,20,32,38,10,28,13,41,55,19,6,31,70,64,96,,78,76,66,68,13,35,14,17,27,75,18,8,50,24,29,103,47,16,43,35,34,6,34,74,5,20,28,17
20150124,21,O3_24h,44,46,12,51,44,11,36,62,60,35,64,22,10,36,32,59,52,86,61,105,28,87,62,91,64,39,71,61,30,45,89,105,63,90,120,99,79,78,129,104,123,139,121,129,47,114,106,64,24,104,17,84,77,117,113,96,84,61,97,155,122,62,111,78,28,46,97,74,84,32,75,92,56,30,60,79,37,63,81,45,112,38,86,26,7,42,39,71,57,82,20,39,96,79,46,69,120,139,118,80,132,119,53,132,74,50,24,45,31,36,34,32,38,71,69,57,79,61,49,76,66,44,98,17,7,16,53,33,42,12,18,89,14,86,120,121,123,112,40,66,72,71,55,43,25,89,102,44,51,74,40,39,85,75,62,76,74,70,32,73,99,104,105,92,31,79,66,91,76,89,89,79,65,55,67,47,52,57,55,55,84,80,75,117,,32,38,29,120,14,64,40,72,42,33,92,73,60,85,56,68,61,97,46,83,83,107,79,68,66,49,69,39,136,54,65,80,111,60,79,44,65,60,45,109,105,,56,93,127,70,60,59,101,107,89,131,95,98,76,50,40,137,100,77,46,117,138,109,19,10,38,29,44,22,41,70,54,75,31,65,104,73,34,8,70,79,82,113,110,78,63,19,98,74,104,77,127,111,82,71,82,116,86,55,59,102,90,59,47,33,35,81,63,,100,48,97,29,78,83,112,131,82,88,98,106,47,91,85,117,103,91,59,51,84,32,92,95,82,83,22,54,32,79,56,103,59,92,84,56,85,85,97,114,95,121,113,,109,96,108,128,26,76,58,63,41,89,18,65,78,45,58,117,74,52,53,64,94,21,44,112,75,45,38,46
20150124,21,O3_8h,24,33,4,32,36,9,16,29,30,27,34,11,5,19,20,47,32,52,39,63,11,62,52,86,44,25,36,30,19,32,68,83,52,49,103,52,50,45,81,74,96,85,88,102,29,86,83,32,10,89,13,13,38,70,91,61,49,32,67,105,94,31,99,57,5,29,75,63,76,17,55,79,37,23,29,50,18,37,66,37,83,26,68,18,3,30,18,59,25,58,11,27,86,29,38,33,88,110,102,42,83,61,26,85,47,43,10,37,18,22,27,17,25,55,48,44,56,31,22,54,45,24,65,11,3,8,16,17,21,11,14,28,8,37,59,109,73,89,18,32,50,44,37,19,19,64,91,20,31,41,24,20,68,53,43,71,64,36,15,63,87,74,80,76,28,45,61,49,50,66,62,33,27,30,16,24,31,51,26,45,72,62,46,56,,10,14,16,76,3,46,22,41,32,22,67,58,32,73,35,53,48,83,36,66,51,66,44,40,38,36,56,23,32,29,43,42,55,39,64,31,33,35,31,51,73,,37,43,97,29,31,40,79,85,62,87,58,68,52,17,15,84,61,66,27,67,103,16,7,2,9,6,23,9,6,39,21,46,15,13,62,38,12,3,25,48,35,92,79,40,41,12,80,52,88,60,106,98,70,40,64,100,64,37,23,62,56,21,33,24,9,64,45,,90,35,80,24,56,70,77,97,72,75,84,88,38,82,80,76,92,74,57,43,66,30,88,78,78,81,16,27,20,30,44,67,59,66,59,49,70,65,47,71,87,89,108,,94,91,97,107,18,57,44,46,34,79,17,44,68,36,42,111,50,35,37,55,77,5,38,85,44,33,29,26
20150124,21,O3_8h_24h,31,38,16,39,40,25,28,56,42,29,60,28,9,27,23,51,46,63,46,78,26,63,53,86,49,37,47,47,47,33,71,90,53,57,110,67,67,48,91,91,115,107,93,105,34,100,88,45,43,96,29,39,65,89,112,103,86,79,109,121,131,104,112,64,34,29,87,68,81,24,65,79,42,23,61,77,20,44,71,41,100,27,69,37,29,33,28,62,51,63,39,29,88,82,40,79,141,132,111,90,138,119,91,152,74,48,49,37,40,40,38,33,30,58,49,49,74,52,31,64,56,31,79,29,22,53,38,64,35,23,28,77,24,64,110,134,130,131,19,71,54,79,54,24,22,79,97,31,43,48,32,32,77,74,52,71,64,43,44,66,88,76,82,79,36,55,61,76,60,69,67,49,42,39,45,70,36,67,72,45,72,68,57,73,,25,81,52,103,21,47,31,66,32,30,81,65,51,73,53,56,53,93,42,69,62,81,74,64,50,43,62,32,97,32,50,57,69,54,68,38,50,41,41,71,77,,45,59,108,42,60,44,79,93,69,105,71,82,60,52,54,108,82,67,58,96,110,30,26,44,52,59,37,49,51,59,52,62,57,58,85,63,38,9,63,58,77,108,111,61,53,34,68,77,110,64,116,116,82,67,79,114,70,45,80,63,56,56,38,27,30,78,46,,94,43,89,44,72,77,110,125,75,87,96,96,40,87,85,82,100,77,58,56,73,30,88,82,83,84,20,33,32,76,55,98,49,69,71,51,86,72,86,75,89,90,108,,94,94,101,113,21,68,56,49,34,79,18,45,70,38,56,112,68,39,37,61,89,36,40,92,99,38,35,41
20150124,21,CO,1.492,1.048,1.651,1.151,0.649,3.28,2.051,2.237,1.424,0.577,0.644,1.476,3.132,2.246,2.964,1.537,1.004,3.143,2.504,1.031,2.344,0.953,1.085,0.563,1.866,1.945,1.951,2.554,2.205,1.702,1.391,1.039,1.221,1.652,0.757,1.619,1.524,1.514,0.942,1.434,0.324,1.463,1.85,0.643,2.267,0.898,0.688,2.083,2.31,0.935,3.705,1.674,1.355,1.556,1.172,1.55,1.425,1.423,1.272,0.841,1.059,1.966,0.852,0.636,1.674,1.859,0.767,1.245,0.91,3.557,3.08,1.872,1.263,1.352,1.537,1.211,4.214,1.551,1.711,2.427,0.792,1.16,1.739,1.527,3.469,1.734,2.528,0.961,2.042,1.632,2.696,1.661,0.778,1.109,1.447,2.093,1.14,0.969,1.055,1.361,1.019,1.573,2.658,2.521,1.744,0.753,2.975,1.397,2.612,3.535,3.032,1.798,2.83,2.403,3.43,1.445,3.272,2.024,3.083,1.089,2.339,2.147,0.909,4.64,4.419,3.28,3.964,1.686,2.333,2.688,1.591,2.274,1.758,3.725,0.728,0.976,2.147,0.736,1.499,2.085,2.183,1.756,1.94,1.684,2.085,1.172,0.498,2.302,3.463,4.066,2.585,1.844,1.85,0.589,0.978,1.711,1.569,2.142,2.856,0.742,0.423,0.879,1.112,0.373,0.613,1.72,1.154,0.767,1.62,0.97,0.836,2.038,1.746,1.712,2.148,2.738,1.946,1.727,2.331,0.875,0.825,2.226,2.304,1.882,,0.94,2.274,3.691,1.324,4.387,1.651,2.01,1.903,3.99,4.927,2.807,0.67,1.062,0.804,1.371,1.235,0.237,0.681,1.878,1.641,2.006,3.459,1.929,2.468,1.63,0.515,1.682,3.595,5.881,1.595,0.755,4.821,2.665,0.867,1.368,2.201,2.014,1.569,1.928,3.764,2.317,,2.422,1.511,1.188,1.629,2.052,3.354,2.735,1.338,1.662,2.654,1.057,1.493,1.232,2.586,1.877,1.031,3.624,0.372,1.265,0.959,0.813,2.287,3.674,4.683,3.058,2.912,1.623,3.018,2.437,1.734,0.806,2.091,1.808,1.817,1.833,1.61,3.485,1.778,1.708,2.366,1.858,1.683,0.818,1.115,1.28,1.741,2.912,1.414,1.687,0.951,1.084,1.604,1.199,1.289,1.882,0.847,2.168,0.847,2.125,1.896,1.115,1.853,2.543,1.831,3.312,1.278,0.837,,0.581,1.456,1.073,3.155,1.412,2.035,0.627,0.52,0.548,1.354,0.494,1.297,1.006,0.287,0.831,1.222,0.386,1.816,0.768,2.008,4.749,1.766,1.929,3.243,1.301,0.382,3.005,4.634,2.28,3.14,2.019,1.143,3.05,1.89,2.299,0.743,2.658,2.189,2.569,5.701,2.264,1.523,0.767,,0.5,0.552,0.397,2.959,0.732,0.836,2.157,3.25,0.821,2.317,0.124,1.478,1.349,1.443,2.085,0.693,1.8,1.328,0.636,1.198,0.777,1.664,1.865,0.909,2.635,3.05,1.302,2.902
20150124,21,CO_24h,2.267,2.562,3.756,3.502,1.494,3.613,5.028,1.536,1.097,2.65,2.657,4.735,3.744,1.904,2.503,1.291,1.07,1.911,1.444,1.201,2.057,1.208,1.217,1.146,2.348,1.801,2.198,2.259,2.123,1.788,1.569,1.054,1.768,1.611,1.178,1.423,1.371,1.781,1.105,1.274,0.617,1.577,1.824,1.011,1.798,0.936,0.832,1.298,3.292,1.233,2.865,1.499,1.144,1.106,1.13,1.527,1.179,1.341,1.088,0.793,0.985,1.375,0.839,0.556,1.338,1.921,0.699,1.309,1.104,3.394,1.802,1.934,1.307,3.112,1.551,0.991,3.825,1.18,1.345,1.879,0.8,1.971,2.418,3.28,3.708,2.797,3.687,1.61,1.675,2.037,2.226,2.119,1.756,1.001,1.955,1.309,0.961,0.935,0.93,1.268,0.842,1.134,1.512,1.839,1.202,1.032,2.882,2.67,3.198,3.851,3.736,1.711,2.229,2.097,2.911,1.236,1.746,1.403,2.295,0.992,2.225,2.223,0.997,3.206,5.394,2.895,3.624,1.613,1.988,2.265,1.65,2.059,1.768,3.362,0.618,0.77,1.068,0.63,1.376,1.458,2.669,1.248,1.563,1.418,1.513,1.1,0.426,2.296,2.934,3.452,2.58,1.95,1.701,0.91,1.251,1.918,1.981,3.095,2.919,1.929,1.595,1.917,1.822,0.969,1.211,1.797,1.95,0.746,1.841,1.491,1.126,2.241,1.203,1.54,1.759,1.815,1.885,1.868,2.432,1.153,1.056,1.549,1.762,1.77,,0.674,1.728,2.82,0.966,4.85,2.546,1.858,2.023,4.375,5.032,0.909,0.711,0.424,1.177,1.87,0.95,0.433,0.654,1.445,0.92,1.476,1.822,1.082,1.256,1.488,0.65,1.307,2.701,2.4,2.076,0.766,1.462,1.198,0.82,0.94,1.034,1.999,1.546,1.831,3.313,2.847,,1.964,1.442,1.474,1.487,1.759,1.489,2.682,1.218,1.819,1.834,1.011,1.475,0.991,2.229,1.914,1.004,2.176,0.768,1.268,0.715,0.908,2.949,3.38,3.257,2.266,2.323,1.573,1.948,1.71,1.397,0.982,1.992,1.856,2.35,1.479,1.457,3.8,1.917,1.201,2.166,1.853,2.767,0.77,1.039,1.698,1.254,3.107,1.186,1.398,0.689,1.097,1.848,0.876,1.132,1.078,0.963,2.285,0.779,1.157,1.777,1.465,1.434,2.191,1.806,2.264,1.263,0.514,,0.893,0.919,1.023,3.237,1.54,1.619,0.599,0.614,0.574,1.351,0.376,1.157,0.947,0.375,0.809,0.863,0.328,1.272,0.548,2.068,1.572,1.912,2.07,4.337,1.419,0.354,2.481,3.497,2.842,2.003,1.233,0.909,1.905,0.943,1.283,0.577,2.518,0.912,1.386,3.869,3.009,1.268,0.751,,0.483,0.66,0.372,0.685,0.665,0.357,1.113,3.312,1.346,2.304,0.291,1.309,2.634,1.863,2.155,1.219,1.607,1.148,2.818,0.986,0.608,1.598,1.917,1.127,1.517,2.629,1.316,2.242
20150124,22,AQI,106,55,116,78,61,300,94,89,75,57,48,60,181,139,142,225,76,400,342,87,271,110,142,56,128,231,160,236,274,232,139,126,108,195,50,87,86,216,94,83,46,122,138,69,177,80,77,138,290,61,335,148,158,128,70,83,104,70,105,82,70,189,62,58,245,160,106,43,49,172,109,109,87,89,136,148,171,76,209,149,80,120,164,70,292,88,232,157,222,230,235,199,78,138,131,154,97,59,67,115,89,100,168,179,221,40,296,72,188,245,174,86,261,158,220,98,325,120,235,143,210,243,104,275,317,361,290,207,205,312,195,127,147,224,105,68,239,57,150,294,87,273,308,189,246,196,45,186,318,220,157,182,91,94,102,65,104,245,308,46,43,69,111,75,82,188,83,104,108,83,106,104,189,188,149,365,188,161,192,209,103,189,143,142,,138,322,345,122,241,128,138,111,148,98,106,71,92,52,99,63,46,59,67,283,247,283,116,113,202,97,165,121,310,229,78,281,224,110,104,138,160,175,224,146,76,,264,238,203,160,250,160,213,89,82,97,76,63,83,250,130,86,119,49,106,80,75,263,205,338,236,232,161,278,243,288,196,204,210,414,116,127,247,222,150,181,164,64,115,200,113,231,103,65,71,105,70,75,157,81,133,60,61,165,254,221,202,242,272,141,258,116,49,,49,244,61,116,117,58,53,47,67,132,43,62,39,65,66,92,64,86,56,28,360,99,45,89,39,41,278,124,286,251,100,136,281,161,141,111,70,174,214,372,120,136,69,,68,90,52,136,57,93,110,237,65,88,60,92,119,127,124,56,33,94,55,100,69,262,116,74,144,217,63,141
20150124,22,PM2.5,79,28,87,57,38,249,70,66,53,33,33,42,136,106,108,174,55,350,291,64,220,82,108,39,97,180,121,185,223,181,106,95,80,146,23,64,63,165,70,61,12,92,105,49,133,56,56,105,239,39,284,113,120,97,50,61,77,50,78,60,50,142,39,36,194,121,79,22,34,130,81,76,62,66,103,113,129,47,158,114,58,90,124,50,241,65,181,119,171,179,184,149,57,105,99,117,72,38,48,86,66,75,127,135,170,14,245,52,141,194,131,63,210,120,169,73,274,90,184,109,159,192,77,224,266,310,239,156,154,261,146,96,112,173,78,38,188,30,115,243,47,222,257,142,195,147,15,140,267,169,119,137,51,34,71,46,77,194,257,32,23,49,83,54,60,141,61,77,80,61,79,77,142,141,114,314,141,122,144,158,76,142,109,108,,105,271,294,92,190,97,105,83,113,73,79,51,68,28,74,44,23,36,39,232,196,232,87,84,151,72,125,76,259,178,57,230,173,82,77,105,121,132,173,111,55,,213,187,152,121,199,121,162,66,60,72,54,44,61,199,98,62,89,31,79,58,54,212,154,287,185,181,122,227,192,87,147,86,159,218,87,96,196,171,115,136,124,31,86,150,84,180,76,45,50,78,50,54,119,59,101,42,26,125,203,170,151,191,221,107,207,87,34,,24,193,38,87,88,34,36,24,48,100,13,34,14,46,46,63,45,32,8,12,275,19,14,66,14,9,227,93,235,200,50,103,230,122,107,75,46,131,163,207,90,103,31,,35,40,31,97,28,64,82,186,42,65,42,61,51,57,93,21,23,70,36,59,49,211,87,53,110,166,44,107
20150124,22,PM2.5_24h,102,115,190,133,68,290,233,34,36,143,119,270,223,80,57,103,85,198,167,112,189,134,135,99,173,164,155,197,196,178,124,77,134,131,75,106,130,186,118,98,40,129,92,100,139,64,68,79,199,91,236,100,100,74,49,62,64,53,81,60,43,99,40,26,152,160,63,16,29,130,45,95,52,120,98,94,114,47,98,67,57,140,191,233,229,181,187,192,135,174,142,131,136,89,157,76,71,39,49,78,59,65,91,108,75,15,236,67,121,161,129,47,107,90,92,40,156,96,151,105,140,185,56,175,308,240,197,164,147,218,134,81,113,142,61,35,68,24,119,202,51,175,202,149,142,114,11,148,171,104,100,130,50,35,58,46,94,237,182,92,134,103,146,107,110,126,127,76,87,95,125,111,140,173,129,228,174,146,153,170,106,121,107,119,,78,157,204,73,166,153,88,69,120,67,40,61,40,58,64,63,20,33,20,107,131,119,38,57,131,72,86,51,140,161,43,95,123,61,67,66,125,104,183,92,69,,151,157,167,88,151,54,151,63,56,69,62,63,69,140,80,67,66,56,70,54,65,204,161,206,158,148,126,181,143,82,119,82,165,112,83,83,178,187,84,115,86,45,79,133,90,135,75,32,35,50,49,83,73,56,52,64,51,107,157,178,186,150,194,120,153,102,17,,27,98,40,94,99,24,34,27,40,76,14,30,16,39,48,41,28,21,29,13,83,16,11,76,18,10,181,68,163,130,44,80,61,84,78,65,56,74,102,209,105,120,29,,50,42,28,58,38,40,53,117,57,87,29,41,95,61,75,34,23,58,101,49,29,186,59,74,88,104,43,76
20150124,22,PM10,89,58,118,90,69,301,111,117,97,62,44,62,221,155,163,213,82,404,336,76,319,84,142,58,187,273,182,253,254,228,147,98,121,214,37,112,99,151,99,97,22,126,141,71,208,108,81,224,302,69,,126,176,134,69,76,115,75,97,82,83,202,71,64,279,198,105,42,45,256,150,166,121,81,157,155,231,99,181,150,94,101,145,61,270,83,238,202,205,265,278,151,83,138,138,162,114,57,73,119,96,101,197,161,181,39,263,88,182,273,207,111,262,166,224,101,329,108,242,128,218,205,108,289,271,,309,189,263,315,185,196,149,205,113,84,278,61,163,357,122,306,329,230,298,187,44,236,325,224,190,176,130,136,151,67,88,221,346,42,32,73,96,,87,191,94,100,84,72,115,143,195,210,182,,209,137,179,219,101,302,230,174,,121,351,389,139,261,142,140,106,165,100,154,75,100,52,112,60,45,65,81,267,259,299,127,111,222,85,139,189,284,259,93,344,182,110,116,156,145,250,212,141,82,,319,211,156,182,218,135,185,99,109,107,99,64,96,296,196,120,141,48,125,107,85,,251,291,,220,162,265,237,410,230,352,199,513,168,153,272,,193,281,166,75,114,219,134,303,91,77,89,115,74,88,171,104,162,63,70,211,284,233,215,320,284,211,319,149,41,,48,259,70,159,102,63,53,38,60,132,28,72,38,57,80,132,,119,60,27,467,145,18,113,18,23,271,152,320,231,149,153,283,243,189,169,87,206,244,476,181,166,86,,83,127,52,220,61,133,131,236,77,94,53,132,186,202,113,39,29,105,57,149,79,,146,65,170,207,56,181
20150124,22,PM10_24h,119,183,293,213,123,421,333,83,74,209,205,422,316,128,127,135,116,231,177,130,274,165,177,133,254,264,217,253,264,233,183,105,206,182,101,152,185,236,157,139,54,172,128,133,184,92,98,164,317,128,268,163,133,105,84,93,97,79,104,89,84,146,76,53,218,255,85,36,70,251,118,168,108,182,157,144,217,100,122,99,87,176,262,306,298,234,300,275,188,262,236,206,181,122,203,117,109,74,78,131,86,96,132,145,94,30,310,131,167,203,242,81,163,140,106,58,193,126,197,124,197,220,124,248,412,270,293,230,194,297,208,166,150,201,104,65,107,50,169,285,112,211,250,245,199,152,28,251,230,160,156,181,156,140,165,79,122,305,283,126,161,132,177,138,152,171,189,106,110,139,168,172,187,240,181,276,249,172,194,233,139,196,203,185,,104,245,267,91,245,247,156,103,210,103,86,91,64,107,128,86,37,81,46,129,181,150,62,80,185,104,108,149,196,216,68,144,136,88,104,104,143,167,200,123,102,,227,197,174,129,143,71,178,89,93,97,111,89,112,221,164,110,102,92,110,91,99,199,239,236,192,201,208,218,192,176,180,157,240,227,123,142,266,244,149,200,123,100,105,236,152,209,112,62,67,92,76,124,136,85,88,88,102,166,209,236,259,241,264,217,232,175,26,,52,130,62,178,122,42,47,42,73,119,33,60,40,57,63,84,35,72,40,25,149,85,22,125,28,26,214,136,225,145,168,110,130,199,139,152,103,145,146,333,182,155,88,,131,88,49,233,89,101,96,154,109,135,38,107,184,202,93,48,39,76,131,121,59,213,122,116,113,137,65,109
20150124,22,SO2,8,29,20,118,61,52,40,89,38,13,19,88,37,110,95,261,129,131,140,14,56,18,30,18,47,41,38,62,44,36,14,15,11,44,11,29,29,29,25,11,4,32,46,12,38,9,14,28,49,25,35,22,35,19,9,11,25,12,24,13,9,42,15,4,38,22,43,16,24,70,35,29,137,21,52,35,95,58,91,58,21,27,32,26,34,31,57,35,39,46,71,40,13,25,26,23,22,5,7,11,16,6,23,20,22,29,60,33,62,495,30,222,197,52,99,138,53,96,53,31,25,41,20,59,70,37,54,67,56,46,21,19,56,9,31,4,49,1,24,39,44,43,27,27,11,27,16,66,82,56,26,28,52,19,177,4,13,35,64,23,8,41,31,27,14,33,12,39,27,20,14,65,27,63,25,55,73,40,25,33,15,36,23,31,,169,34,33,28,62,116,110,25,69,165,62,12,23,10,47,14,21,37,87,76,54,44,73,11,33,28,85,68,18,36,21,15,20,64,56,92,30,33,19,62,9,,16,36,30,18,40,19,43,11,42,50,16,8,18,70,67,36,70,20,50,33,95,25,55,51,50,47,30,59,82,17,57,17,29,16,23,5,20,15,35,100,45,7,42,69,47,17,29,4,8,24,69,23,19,9,67,3,43,15,48,40,37,72,38,13,12,35,6,,13,25,53,16,20,12,9,5,11,30,4,10,28,13,9,20,8,5,2,12,15,4,7,22,16,3,31,57,93,25,162,20,114,251,44,33,171,93,84,224,37,35,23,,8,16,42,17,7,17,35,366,14,25,24,29,42,113,24,12,39,14,24,21,3,36,110,10,37,119,45,91
20150124,22,SO2_24h,35,54,119,137,74,172,138,65,43,56,82,101,147,124,87,143,93,113,123,22,47,30,46,32,63,51,50,67,45,44,22,19,32,33,20,29,54,38,39,13,7,55,41,32,45,7,21,30,151,28,67,49,41,29,11,12,26,16,39,18,11,39,13,4,36,33,22,21,13,89,29,36,173,33,69,46,119,72,62,46,10,103,47,101,106,120,181,61,46,71,91,72,25,27,62,33,22,6,8,15,16,6,24,17,17,16,92,75,75,416,87,139,153,63,101,100,66,68,63,30,29,32,53,108,207,63,128,76,64,47,40,36,46,17,25,4,20,1,20,43,57,50,21,29,12,40,21,76,141,98,45,74,112,52,163,6,24,89,167,59,25,57,43,44,32,33,30,23,34,38,28,48,19,75,41,53,81,44,36,38,24,31,25,44,,142,35,41,24,137,254,134,30,96,122,30,14,26,59,61,16,38,24,66,48,44,58,39,15,32,45,64,68,19,37,23,16,21,44,51,53,43,41,28,82,14,,15,40,50,20,37,17,33,9,45,29,25,10,12,81,101,71,70,43,69,35,119,166,134,62,60,62,42,60,70,37,63,56,60,45,33,14,46,33,37,79,67,22,63,97,55,27,28,6,9,23,83,30,24,10,25,6,51,16,37,54,36,36,39,12,13,52,5,,25,20,51,36,33,13,5,8,20,57,6,10,34,21,10,15,7,14,2,16,11,5,8,44,17,3,38,49,101,38,85,29,79,120,43,29,83,60,38,134,61,27,23,,15,23,51,19,12,22,33,98,31,21,24,24,45,68,34,16,81,17,22,9,3,29,130,26,26,106,67,78
20150124,22,NO2,66,35,58,72,26,100,41,56,37,26,21,33,95,54,75,98,39,108,131,66,139,76,50,20,43,69,88,123,143,56,29,32,29,123,40,124,57,120,67,56,26,101,99,34,60,91,63,70,80,39,87,112,87,104,36,62,81,58,74,47,39,134,40,19,73,92,32,41,51,59,67,37,79,57,64,65,77,67,58,40,50,31,43,38,88,44,80,40,78,64,86,68,22,75,32,92,43,13,22,56,31,36,136,61,88,26,77,41,58,73,84,55,96,49,106,46,85,62,45,60,49,92,71,93,110,83,79,65,75,58,48,43,55,38,52,19,88,34,72,93,63,88,60,82,33,47,25,66,87,78,57,52,37,40,81,18,29,39,88,11,17,58,20,6,26,59,21,23,59,18,63,73,122,123,115,96,90,57,74,78,27,81,93,101,,55,142,76,83,44,46,51,31,46,43,58,31,64,24,50,23,5,30,38,65,78,72,73,66,68,30,44,33,52,35,36,68,48,33,74,51,60,36,54,104,41,,38,42,46,21,52,59,88,54,65,41,65,25,44,69,69,71,84,21,63,71,71,133,81,119,92,82,38,95,91,83,89,81,53,38,48,40,60,43,83,64,38,18,52,27,71,40,31,32,54,44,27,25,34,43,68,21,44,49,81,87,71,41,59,43,48,28,15,,27,32,28,33,26,47,56,10,20,16,2,28,18,6,21,54,23,52,11,17,53,5,10,35,6,2,61,91,73,57,44,48,73,73,73,90,41,61,81,181,37,47,7,,15,12,37,11,15,35,63,89,16,38,18,63,47,37,68,50,30,43,44,30,29,73,35,27,88,66,21,63
20150124,22,NO2_24h,73,68,98,79,48,103,81,31,47,63,59,96,97,48,62,62,42,66,86,76,118,90,67,38,66,66,89,104,120,54,33,28,42,96,54,92,80,103,71,43,26,90,59,58,52,52,54,59,113,41,96,92,72,91,33,50,72,47,61,46,33,89,25,14,65,83,29,26,32,63,38,45,55,80,50,49,74,58,44,29,42,73,66,88,99,75,102,55,63,61,82,67,51,49,60,82,41,12,19,62,28,36,99,49,45,14,81,42,57,79,79,43,64,48,82,41,50,40,46,43,31,74,48,92,108,82,83,80,63,61,66,47,46,42,45,14,38,25,60,63,46,48,37,66,27,40,14,67,74,69,61,60,27,42,60,26,54,64,83,24,38,65,36,11,39,45,39,28,39,21,70,90,97,104,121,76,90,77,108,99,55,56,67,98,,38,119,58,51,44,64,49,23,53,37,29,28,34,36,63,27,8,17,20,38,43,45,34,37,46,28,35,31,78,37,31,32,59,26,53,29,71,37,58,72,62,,31,49,49,20,43,39,62,39,50,24,56,21,27,60,72,47,61,40,60,44,54,106,92,88,85,97,38,76,76,61,76,56,61,58,43,36,73,50,72,49,33,42,49,42,75,49,35,14,16,49,22,37,30,22,40,28,45,36,49,66,71,35,55,30,43,40,14,,28,25,24,47,30,17,16,8,22,27,2,21,20,10,16,30,19,32,16,15,27,10,9,29,17,3,55,68,60,44,25,35,39,34,50,44,25,26,47,151,36,40,8,,16,15,28,10,14,14,27,59,21,56,11,38,35,27,43,29,28,42,64,17,17,66,39,66,51,47,22,43
20150124,22,O3,6,27,5,10,38,8,13,14,33,20,29,20,5,11,7,25,23,20,13,45,11,40,51,78,44,13,26,12,12,13,32,59,30,12,75,3,48,8,44,14,69,24,21,89,13,21,43,15,6,65,13,3,12,27,69,44,12,16,13,51,55,7,73,34,6,11,58,40,33,7,24,86,15,21,12,24,8,16,42,27,63,31,46,20,2,17,11,54,7,20,8,14,72,8,35,10,77,103,77,13,71,55,8,41,9,19,12,31,16,24,21,11,10,40,24,36,26,22,9,26,48,14,22,9,2,5,12,36,5,11,18,8,6,33,42,95,35,51,5,7,10,7,41,5,18,25,59,4,12,16,8,6,42,51,18,73,81,38,7,52,69,26,58,63,26,8,53,20,13,39,34,36,5,2,20,7,24,40,49,44,67,93,31,14,,4,4,29,29,2,44,14,25,29,22,24,49,9,55,24,45,46,56,23,46,18,26,16,19,19,35,25,22,22,37,29,33,45,29,30,5,32,20,8,56,58,,27,40,87,21,34,30,79,42,24,38,5,41,10,7,15,38,21,55,23,12,34,7,4,1,7,1,23,4,,5,11,20,13,7,54,26,5,3,13,11,9,84,52,36,19,7,61,21,42,36,76,86,60,15,37,80,37,13,4,9,16,19,16,16,12,59,30,,59,15,73,26,65,21,35,69,49,70,82,41,24,68,55,14,72,14,58,37,22,28,83,33,73,78,16,8,30,11,27,31,12,14,16,7,52,14,3,27,62,54,82,,73,55,65,90,12,29,12,12,28,70,18,8,44,21,20,84,51,31,29,24,19,8,34,77,4,16,26,4
20150124,22,O3_24h,44,46,9,51,44,11,36,61,60,35,64,23,10,36,32,59,52,86,61,105,27,87,62,91,64,39,71,61,30,45,89,105,63,90,120,99,79,78,129,102,123,139,121,129,47,114,106,64,22,104,17,84,77,117,111,95,84,61,97,155,122,60,111,78,27,46,96,74,84,32,75,92,56,30,60,79,37,63,81,45,112,38,86,26,7,42,39,71,56,82,20,39,96,75,46,69,115,139,118,80,131,116,53,132,74,50,24,45,26,35,34,32,38,71,69,57,77,61,49,76,66,44,98,17,5,16,53,39,42,12,19,89,14,82,120,121,123,111,40,70,72,71,55,43,26,89,102,44,51,74,40,39,85,72,62,76,81,70,32,73,99,104,105,92,31,79,66,91,76,89,89,79,65,55,67,47,52,57,55,59,84,80,75,117,,32,38,27,120,14,64,40,72,42,33,92,73,60,85,56,68,61,97,46,83,83,107,79,68,66,49,69,39,136,54,65,80,111,60,79,44,65,60,45,111,105,,56,93,127,70,60,59,104,107,89,131,90,98,76,47,35,137,100,77,46,117,138,109,19,10,32,26,44,22,33,70,51,75,28,65,104,73,34,7,70,79,82,113,110,78,63,19,98,74,104,77,127,111,82,71,82,116,86,55,56,102,90,58,47,33,35,81,63,,100,48,97,30,78,83,111,131,82,87,98,106,47,91,85,117,103,91,59,51,84,32,92,95,81,83,22,54,36,79,56,103,59,92,84,56,85,85,97,114,95,121,113,,109,96,108,128,26,76,58,63,41,89,18,65,78,45,58,117,77,52,53,64,94,19,44,112,75,45,38,46
20150124,22,O3_8h,20,30,4,27,35,9,15,25,27,25,33,13,5,17,17,43,29,44,34,57,11,57,51,85,42,22,34,27,18,29,64,78,49,42,98,42,46,41,73,61,90,72,77,99,26,75,78,26,10,85,14,9,32,59,86,58,42,26,57,92,85,26,94,53,5,27,72,58,74,15,50,79,33,23,25,44,18,33,61,34,77,27,67,18,3,27,17,58,22,50,10,25,84,23,37,31,85,109,97,35,79,57,23,75,39,40,10,36,18,21,25,16,22,52,45,42,50,27,18,48,46,21,56,10,3,7,13,19,17,11,15,23,7,37,54,107,63,81,17,30,44,41,37,16,19,56,86,18,26,36,21,16,64,54,38,72,67,32,13,60,85,68,77,74,27,37,60,41,44,60,56,29,22,23,13,19,29,52,26,49,73,58,41,43,,7,12,15,64,3,47,20,38,32,21,60,55,26,72,36,51,47,78,33,63,43,57,37,35,33,34,51,21,29,29,39,38,51,35,58,18,32,31,26,49,71,,35,42,95,28,32,40,80,78,55,77,40,63,44,14,13,74,54,63,26,55,92,14,7,2,8,5,23,7,4,32,20,41,14,9,57,32,10,3,21,40,28,89,75,37,36,10,75,47,82,56,101,95,67,35,61,96,61,32,20,57,52,21,30,23,9,64,44,,86,32,79,24,58,64,71,93,69,75,84,81,35,79,76,68,89,66,57,41,59,30,88,71,77,80,16,22,22,24,41,61,51,60,51,45,68,57,39,63,84,85,105,,92,86,92,107,17,52,38,43,33,79,18,40,65,34,40,106,49,34,39,51,68,6,37,80,36,30,28,21
20150124,22,O3_8h_24h,31,38,14,39,40,20,27,56,42,29,60,20,8,27,22,51,44,63,46,77,23,63,53,86,46,30,43,43,39,33,71,90,53,57,110,66,67,47,91,87,115,107,93,105,34,99,87,45,35,95,26,38,65,88,107,101,73,75,102,121,125,93,109,64,33,29,87,68,76,23,65,80,41,24,55,75,19,44,71,41,97,28,69,30,23,33,25,60,47,63,34,29,88,79,39,64,135,132,111,75,136,119,80,141,67,48,42,37,34,36,32,32,29,58,49,49,71,52,31,64,51,31,79,23,18,47,35,53,34,20,24,75,21,61,105,129,122,124,19,73,54,75,54,21,21,79,97,25,38,46,29,30,77,70,50,72,67,41,38,66,88,76,82,79,32,55,61,75,60,69,67,49,42,39,35,60,36,60,66,49,73,68,57,73,,25,70,46,103,17,49,31,66,32,30,81,65,51,73,46,56,53,93,42,69,62,81,74,64,50,43,62,32,96,33,50,57,70,54,68,36,48,41,36,71,77,,45,57,107,42,57,45,80,92,69,105,67,78,60,48,47,108,74,67,53,96,110,29,19,34,46,51,34,39,45,59,50,62,49,58,85,63,35,8,61,58,76,102,109,58,51,27,67,76,105,62,111,104,78,67,78,108,70,45,74,63,57,56,38,26,30,74,46,,94,42,89,37,72,77,110,125,75,83,96,96,40,87,85,82,98,77,58,55,73,30,88,82,83,82,18,33,30,74,55,98,49,69,71,51,83,72,83,75,89,90,108,,94,94,101,113,21,68,54,49,34,80,18,45,69,37,55,112,68,39,39,56,89,29,40,87,87,38,35,41
20150124,22,CO,1.517,1.054,1.477,2.549,0.61,3.167,1.832,2.196,0.914,0.556,0.658,1.406,3.054,2.269,2.976,1.638,1.021,3.292,2.608,0.837,2.066,0.907,0.989,0.504,1.815,1.932,1.813,2.06,2.306,1.769,1.406,1.083,1.229,1.728,0.728,1.38,0.746,1.639,0.889,1.502,0.322,1.217,2.157,0.704,2.003,0.991,0.726,1.551,2.434,0.877,3.593,1.608,1.387,1.4,1.146,1.514,1.508,1.395,1.287,0.885,1.097,2.02,0.886,0.646,1.679,1.82,0.771,1.414,1.863,3.679,3.049,1.888,1.537,1.387,1.549,1.146,3.963,1.666,1.739,2.358,0.824,1.263,1.485,1.55,3.507,1.645,2.496,1.047,2.139,1.523,2.685,2.134,0.66,1.085,1.455,1.862,1.096,0.97,1.062,1.283,1.002,1.35,2.485,2.308,1.791,1.068,2.927,1.426,2.43,3.687,3.122,1.882,2.768,2.377,3.474,1.546,3.13,1.922,3.726,1.371,2.418,2.175,0.808,4.064,4.672,3.373,3.741,1.46,2.401,2.538,1.517,2.173,1.741,3.717,0.658,0.877,2.144,0.734,1.805,2.056,2.243,1.886,2.035,1.998,2.074,1.161,0.458,2.054,3.479,4.027,2.592,1.647,1.874,0.546,1.205,1.653,1.582,1.73,2.785,0.783,0.375,1.348,1.069,0.36,0.688,1.748,1.047,0.642,1.713,1.042,0.786,1.786,1.578,1.755,1.458,2.605,2.004,1.771,2.111,0.822,0.704,1.946,2.157,1.398,,0.952,2.453,3.669,1.242,4.47,1.318,2.029,1.971,3.577,5.008,2.034,0.619,0.96,0.768,1.507,1.079,0.301,0.625,1.997,1.624,2.086,3.443,1.813,2.27,1.492,0.541,1.728,3.446,6.096,1.398,0.826,3.697,1.906,1.011,1.394,1.931,1.95,1.406,2.145,3.537,2.075,,2.57,1.52,1.124,1.712,1.906,2.79,2.567,1.381,1.802,2.461,1.237,1.552,1.258,2.331,1.749,1.005,3.174,0.377,1.366,1.02,0.818,2.319,3.547,4.568,2.964,2.781,1.647,3.007,2.657,1.872,0.75,1.947,1.776,1.656,1.57,1.522,3.657,1.93,1.71,2.581,1.901,1.748,0.794,1.122,1.306,1.273,3.003,1.574,2.037,0.788,1.154,1.613,0.889,1.324,1.926,0.82,2.118,0.935,2.323,2.147,1.205,1.696,2.565,1.877,3.09,1.216,0.706,,0.683,1.339,1.013,3.096,1.346,2.074,0.691,0.527,0.487,1.403,0.361,1.341,1.034,0.236,0.85,1.091,0.389,1.911,0.653,2.115,3.68,1.8,1.963,3.936,1.338,0.354,3.225,5.012,3.357,2.673,1.901,1.285,4.394,1.675,1.743,1.257,2.8,1.984,2.952,7.072,2.412,0.767,0.76,,0.642,0.599,0.37,0.877,0.648,0.538,1.791,4.732,0.857,2.566,0.127,2.159,1.602,1.549,2.561,2.519,1.93,1.102,0.878,1.289,0.71,1.796,1.966,0.845,2.658,3.104,1.352,3.413
20150124,22,CO_24h,2.133,2.438,3.644,3.485,1.273,3.567,4.672,1.577,1.049,2.438,2.439,4.648,3.657,1.907,2.494,1.263,1.053,1.938,1.472,1.198,2.066,1.21,1.216,1.116,2.337,1.808,2.199,2.26,2.134,1.785,1.556,1.043,1.73,1.616,1.147,1.406,1.325,1.792,1.12,1.277,0.615,1.545,1.823,0.997,1.8,0.931,0.827,1.283,3.293,1.22,2.948,1.498,1.139,1.119,1.117,1.53,1.198,1.347,1.098,0.795,0.989,1.406,0.83,0.564,1.362,1.922,0.693,1.306,1.11,3.417,1.835,1.88,1.321,2.997,1.534,0.982,3.804,1.19,1.361,1.868,0.792,1.937,2.383,3.17,3.742,2.731,3.66,1.599,1.719,2.041,2.257,2.124,1.702,1.015,1.886,1.329,0.964,0.94,0.935,1.255,0.852,1.148,1.568,1.868,1.236,1.042,2.9,2.572,3.169,3.815,3.715,1.736,2.23,2.084,2.906,1.197,1.81,1.404,2.339,1.008,2.223,2.22,0.979,3.251,5.431,2.938,3.665,1.605,2.013,2.26,1.642,2.058,1.766,3.368,0.583,0.776,1.103,0.634,1.37,1.396,2.668,1.268,1.594,1.447,1.542,1.109,0.429,2.29,2.96,3.435,2.578,1.935,1.728,0.912,1.261,1.913,1.955,3.08,2.971,1.87,1.511,1.912,1.795,0.941,1.209,1.814,1.927,0.744,1.851,1.49,1.131,2.229,1.224,1.55,1.764,1.864,1.888,1.862,2.428,1.003,1.054,1.543,1.764,1.732,,0.679,1.697,2.869,0.982,4.906,2.496,1.869,1.984,4.235,5.023,0.969,0.718,0.443,1.091,1.867,0.947,0.425,0.644,1.469,0.945,1.511,1.91,1.128,1.305,1.468,0.629,1.313,2.784,2.558,2.028,0.752,1.564,1.237,0.756,0.963,1.053,2.008,1.557,1.855,3.356,2.817,,1.987,1.446,1.464,1.512,1.782,1.519,2.677,1.214,1.821,1.853,1.105,1.471,0.978,2.244,1.937,0.999,2.19,0.697,1.262,0.706,0.892,2.971,3.419,3.324,2.328,2.353,1.554,2.017,1.777,1.432,0.988,1.984,1.854,2.322,1.481,1.455,3.804,1.906,1.213,2.136,1.84,2.68,0.718,1.046,1.653,1.27,2.992,1.188,1.422,0.679,1.093,1.841,0.859,1.128,1.112,0.951,2.254,0.786,1.212,1.795,1.432,1.455,2.219,1.799,2.311,1.263,0.512,,0.882,0.945,1.021,3.22,1.51,1.658,0.6,0.608,0.563,1.378,0.378,1.157,0.966,0.367,0.803,0.87,0.331,1.279,0.549,2.072,1.548,1.907,2.062,4.287,1.418,0.355,2.529,3.506,2.88,2.047,1.255,0.883,2.03,0.962,1.281,0.579,2.525,0.9,1.438,4.023,2.849,1.209,0.754,,0.454,0.663,0.351,0.695,0.628,0.359,1.133,3.264,1.34,2.291,0.278,1.336,2.616,1.85,2.207,1.283,1.62,1.132,2.777,0.986,0.613,1.608,1.809,1.083,1.575,2.605,1.332,2.238
20150124,23,AQI,114,45,106,83,56,276,70,83,58,59,41,92,205,146,143,237,83,402,336,67,240,99,122,50,121,221,137,216,264,224,139,126,96,202,47,100,55,227,104,93,43,92,137,66,177,84,87,135,286,61,333,150,203,97,69,82,98,69,103,87,69,188,62,58,243,174,105,49,60,161,113,100,87,89,133,150,188,79,211,161,83,125,163,64,295,72,233,156,210,217,220,232,64,133,141,150,88,58,69,108,88,115,178,167,216,35,270,74,186,250,175,89,258,168,223,105,287,114,258,172,212,244,87,260,312,408,276,185,210,294,185,130,149,221,111,66,260,57,167,289,97,278,305,206,250,195,41,186,300,215,167,168,100,91,108,59,96,215,289,50,43,104,109,69,94,184,85,87,96,89,91,86,175,179,110,342,163,149,153,200,87,177,138,126,,156,318,300,124,230,119,137,111,110,103,88,66,81,50,124,62,39,57,73,289,230,288,117,121,185,93,154,116,290,219,73,263,218,85,109,117,160,172,203,146,72,,271,237,198,185,222,126,192,91,78,92,70,63,87,195,120,99,128,49,103,88,76,256,200,303,216,217,164,295,238,187,188,164,210,349,110,120,248,216,150,177,153,62,121,195,108,220,104,85,79,111,93,72,137,83,126,63,58,165,260,215,211,241,255,146,231,113,38,,47,235,61,110,109,76,56,45,81,132,42,57,38,58,72,77,65,77,265,31,274,59,44,193,39,41,273,121,251,239,105,139,139,193,119,129,104,163,223,500,120,146,67,,65,76,59,97,72,95,97,221,60,96,69,101,108,148,131,56,56,80,59,102,86,270,125,78,156,231,77,144
20150124,23,PM2.5,85,27,79,61,38,225,50,61,40,36,24,68,154,111,109,186,61,351,285,48,189,74,92,35,91,170,104,165,213,173,106,95,71,151,19,75,37,176,77,69,10,68,104,47,133,55,64,102,235,38,282,115,152,72,49,60,73,49,76,64,49,141,40,33,192,131,78,28,39,122,84,75,61,66,101,115,141,49,160,122,61,94,123,45,244,52,182,118,159,166,169,181,45,101,107,115,65,38,49,80,65,86,134,126,165,14,219,53,140,199,132,66,207,127,172,78,236,85,207,130,161,193,64,209,261,360,225,139,159,243,139,98,114,170,83,47,209,29,126,238,49,227,254,155,199,146,14,140,250,164,126,127,53,31,77,41,71,164,238,35,26,77,81,49,70,138,62,64,71,66,67,63,132,135,82,291,123,114,116,150,64,133,104,95,,118,267,249,93,179,89,104,83,82,76,65,47,59,29,93,42,16,37,45,238,179,237,88,91,139,69,117,68,239,168,52,212,167,62,81,88,121,130,152,111,52,,220,186,148,139,171,95,144,67,57,68,50,44,64,146,90,74,97,31,76,65,55,205,150,252,165,166,124,244,187,94,141,88,159,204,82,90,197,165,115,133,116,41,91,146,80,169,77,47,57,83,69,52,104,58,95,44,27,125,209,164,160,190,204,111,180,84,26,,24,184,35,82,81,41,38,24,59,100,10,38,25,40,52,51,46,28,214,15,223,5,21,145,12,6,222,91,200,188,50,106,91,145,89,96,77,123,172,223,90,111,38,,36,28,41,55,36,54,72,170,41,71,49,38,69,90,99,35,31,58,39,62,48,219,94,57,118,180,56,110
20150124,23,PM2.5_24h,95,107,183,125,61,286,213,36,34,134,110,263,218,80,59,105,82,205,172,110,190,133,134,95,171,165,153,196,198,177,120,77,130,131,71,103,124,187,116,98,38,125,91,97,139,63,68,78,202,88,241,100,101,74,49,62,64,53,81,60,43,102,39,26,155,158,62,16,28,130,45,94,52,116,98,95,114,47,100,67,57,137,187,225,231,177,189,190,138,175,144,132,131,90,152,78,70,39,50,79,59,66,93,109,80,15,238,65,123,159,130,49,109,91,94,40,160,93,153,107,141,186,56,177,308,247,200,164,147,218,133,81,113,143,58,36,72,24,118,203,51,177,207,149,145,115,11,149,175,107,100,130,51,35,58,45,93,235,187,89,127,103,146,104,108,128,125,75,87,96,124,110,139,171,127,231,170,144,152,169,106,121,106,117,,77,162,208,74,168,150,87,68,114,66,40,61,40,55,65,59,20,33,21,115,135,125,39,58,130,69,87,53,147,162,43,101,125,56,68,64,127,106,184,94,68,,155,159,167,90,154,54,151,63,57,69,62,61,67,141,82,67,67,54,71,53,64,207,161,212,160,150,124,186,147,83,119,82,165,116,82,83,179,186,85,111,86,44,76,133,87,136,74,32,36,50,50,81,74,55,51,62,48,108,161,177,183,152,195,119,154,101,17,,25,102,39,93,98,24,34,27,41,78,14,30,16,38,47,42,29,21,37,13,83,16,11,75,17,10,183,68,167,135,44,81,64,85,77,65,55,74,106,210,101,118,30,,48,41,29,58,36,39,51,118,56,85,29,41,92,61,77,34,23,57,94,50,29,188,57,73,90,105,45,76
20150124,23,PM10,75,44,106,114,60,298,87,111,61,65,40,53,202,160,172,231,91,398,337,46,273,78,126,43,165,264,153,222,224,244,156,106,125,219,29,129,58,177,110,100,20,109,144,72,209,116,86,188,299,70,,131,203,87,67,92,108,68,84,85,81,203,72,63,272,216,105,48,67,236,159,140,122,86,160,151,250,105,183,149,87,,148,60,258,49,246,186,213,243,249,201,68,134,130,146,103,58,74,97,91,110,208,158,183,34,228,90,191,282,210,116,262,167,230,99,282,127,262,155,223,209,80,257,269,,305,156,203,294,178,182,152,215,111,78,270,62,174,348,141,335,312,244,291,189,40,218,311,219,192,158,148,129,163,52,95,178,315,45,34,94,94,55,109,191,88,83,76,73,99,112,192,203,124,,183,135,148,205,82,241,223,155,,133,355,362,121,241,121,135,107,134,106,102,69,89,49,120,71,38,62,93,288,243,307,117,122,204,68,134,179,275,241,93,310,191,82,109,135,138,210,186,139,72,,343,221,172,206,184,125,173,99,94,94,87,64,102,273,172,137,161,48,119,115,84,,238,284,,198,162,303,231,321,201,276,195,458,166,147,270,177,187,272,144,72,109,230,133,273,92,117,106,134,86,80,141,113,141,64,63,224,310,223,216,300,261,209,278,142,37,,46,233,69,150,92,99,59,39,,135,32,62,37,52,77,102,,102,,30,381,65,17,221,,16,272,163,307,239,157,172,225,232,145,205,71,204,248,615,188,163,81,,78,99,63,142,92,138,109,224,67,104,55,150,164,244,120,43,60,81,66,152,119,,153,57,180,216,66,188
20150124,23,PM10_24h,114,171,283,204,111,415,312,85,70,195,191,419,308,128,124,137,112,234,184,131,276,165,176,127,252,264,214,252,263,232,180,103,202,184,96,148,177,234,156,148,52,169,128,129,186,93,97,161,320,125,271,162,135,104,82,93,98,79,104,88,84,151,74,54,223,252,84,36,69,251,119,164,108,176,156,144,218,99,124,99,87,176,256,301,298,229,301,272,190,263,239,205,175,124,197,119,109,74,78,131,87,97,138,146,99,30,308,128,169,203,241,84,162,140,107,58,198,123,201,126,197,220,121,248,411,271,296,226,194,295,204,164,150,201,98,65,110,50,166,279,113,215,255,246,204,153,29,250,236,161,156,179,158,136,165,77,121,302,288,122,153,130,175,134,151,174,187,106,111,139,168,171,187,239,179,276,245,170,193,232,138,196,201,184,,105,251,271,93,247,243,152,100,200,102,87,91,64,101,128,83,37,77,48,140,185,158,63,81,185,99,109,151,203,216,67,153,139,81,105,102,144,170,202,124,100,,233,199,175,133,145,72,178,88,93,97,110,88,109,223,165,111,104,89,110,90,97,200,238,240,194,202,198,222,196,183,183,164,239,237,123,142,266,237,147,194,122,98,101,236,146,212,106,63,69,92,76,122,135,85,87,87,96,169,215,235,254,245,264,215,234,173,26,,50,136,61,176,119,47,47,42,73,121,33,60,40,56,63,84,34,72,39,26,150,84,22,123,28,26,218,136,232,152,154,113,135,187,138,151,101,147,150,347,177,155,89,,128,88,50,231,86,102,96,149,107,132,38,107,182,203,96,48,40,75,128,121,59,212,115,114,118,138,66,112
20150124,23,SO2,7,25,20,87,43,51,44,73,36,14,17,23,29,123,91,287,104,133,121,14,48,17,30,14,41,44,35,57,45,49,13,16,11,47,10,27,22,30,30,9,4,26,39,15,32,10,16,25,33,32,34,22,29,17,11,10,24,10,23,18,11,42,15,4,33,25,52,16,17,60,31,26,267,23,50,33,92,48,111,52,17,25,29,28,35,35,51,36,44,37,60,39,12,26,35,23,22,5,9,9,17,9,28,19,28,26,54,37,54,499,29,222,193,55,109,95,50,107,49,28,24,41,18,48,65,38,44,46,52,41,22,24,42,10,28,5,51,2,24,38,56,44,28,24,11,28,20,70,70,48,25,26,76,18,183,4,14,28,59,21,7,37,33,26,17,31,14,24,30,19,17,40,20,61,26,54,61,47,26,33,14,32,21,24,,162,34,32,29,73,101,111,28,69,191,55,15,23,11,48,17,20,25,92,64,45,66,79,10,60,20,65,69,13,31,21,12,18,63,46,95,25,27,17,66,8,,18,37,32,17,43,21,46,9,33,55,11,8,19,69,50,84,81,21,43,32,139,27,56,51,46,40,32,67,82,11,64,13,30,13,12,3,24,14,41,98,49,7,121,59,29,9,30,4,7,24,153,26,16,8,38,8,43,18,47,38,30,43,25,12,12,34,6,,12,22,52,14,18,12,11,5,13,34,3,10,25,12,9,19,7,5,2,15,14,4,7,70,16,3,20,38,89,16,140,17,169,115,40,31,211,68,73,163,56,36,23,,11,20,52,15,15,14,28,330,10,13,24,32,44,82,23,9,36,16,20,25,3,36,78,12,42,138,40,79
20150124,23,SO2_24h,33,52,111,138,70,164,127,66,42,53,74,98,140,122,85,150,93,114,121,22,48,30,46,31,63,50,50,66,46,44,22,19,31,34,19,30,53,38,40,13,7,54,42,32,44,7,21,30,145,28,67,48,41,28,10,12,27,16,39,18,11,38,13,4,37,32,24,20,13,88,29,35,181,33,69,46,117,72,64,46,10,98,46,98,105,116,176,59,46,69,90,71,24,27,53,34,23,6,8,15,16,6,36,18,18,17,91,73,72,412,83,145,155,60,101,98,65,69,63,30,29,33,53,103,204,63,125,72,62,47,39,34,45,16,25,4,21,1,20,46,58,51,21,29,12,40,22,75,139,96,45,72,111,52,161,6,23,87,165,57,24,56,42,43,31,34,30,24,34,38,28,49,19,74,41,53,81,45,36,37,24,31,25,43,,140,34,38,25,132,245,130,29,92,122,31,14,27,53,61,17,37,23,68,50,44,60,41,15,33,44,65,69,19,37,23,16,21,43,50,55,42,40,27,84,14,,15,40,49,20,37,17,33,9,45,30,24,10,12,81,101,73,68,42,67,35,118,163,130,61,60,59,41,60,72,35,58,53,57,44,32,14,45,31,37,79,65,20,66,96,53,26,28,6,9,23,80,31,24,10,26,7,50,17,38,54,36,36,36,12,13,51,5,,25,21,51,36,33,13,6,8,19,54,5,10,34,21,10,15,7,14,2,16,11,5,8,44,16,3,38,48,101,38,88,29,85,120,42,29,84,60,41,134,60,27,23,,15,23,52,18,10,21,31,107,31,20,24,24,43,69,34,16,80,17,21,9,3,29,125,25,27,108,67,78
20150124,23,NO2,62,35,54,73,28,95,44,48,43,37,23,36,87,55,71,101,40,106,124,49,135,72,53,15,38,76,85,110,147,69,32,32,29,120,35,116,30,119,57,56,24,73,94,49,55,84,52,66,74,43,86,109,79,77,33,54,75,57,76,42,39,125,42,14,70,91,37,53,47,54,66,35,89,62,71,69,74,60,65,39,50,40,43,40,93,42,80,31,75,56,85,66,23,67,37,82,49,11,24,45,27,44,121,65,84,27,78,42,56,74,84,57,100,51,107,47,77,58,44,58,54,98,59,89,108,89,77,63,74,55,47,38,49,36,60,21,84,35,76,86,57,82,55,79,32,43,21,59,78,72,55,50,39,36,81,15,36,41,82,8,15,53,20,7,27,52,24,19,45,15,64,49,113,123,80,93,88,59,52,76,29,72,74,75,,57,139,71,64,44,47,54,32,51,41,55,28,65,20,57,27,7,28,42,68,79,66,64,60,82,33,38,33,55,26,35,65,45,33,70,51,52,32,40,99,36,,30,44,43,19,49,56,74,48,58,38,56,29,44,62,67,81,78,21,58,64,69,138,86,122,89,73,38,93,91,71,72,84,54,46,61,37,64,42,82,58,39,20,57,26,79,36,34,35,53,47,45,37,31,42,49,23,39,49,74,85,72,38,56,35,38,27,9,,25,24,24,26,24,41,70,18,20,11,3,30,18,8,21,52,21,37,7,18,49,9,13,62,6,2,50,89,70,51,39,47,60,46,69,78,51,57,75,190,55,59,9,,32,16,45,19,18,32,56,85,21,43,18,65,43,43,66,25,30,35,44,56,19,72,38,42,85,69,22,59
20150124,23,NO2_24h,69,64,95,78,44,103,77,33,47,60,56,93,96,48,62,63,41,68,87,75,119,90,67,37,64,66,89,104,121,53,32,28,41,97,53,92,77,104,70,45,26,89,60,56,52,52,53,58,112,41,95,92,71,90,32,51,73,48,63,45,34,91,25,14,65,83,29,25,31,62,39,45,57,78,50,49,74,58,44,28,42,71,63,85,98,72,101,53,64,61,82,66,48,50,54,81,41,12,19,60,29,37,95,50,47,15,81,42,57,79,79,43,65,46,81,40,52,41,46,43,32,75,48,91,108,82,83,79,63,61,64,47,45,41,43,14,39,26,60,65,46,50,38,67,27,41,14,66,74,68,61,59,28,42,60,25,52,62,84,22,35,65,35,10,38,46,39,28,40,21,70,88,98,105,119,77,90,76,107,98,55,56,66,98,,38,119,58,51,43,63,49,23,52,38,29,27,35,33,63,27,8,17,21,39,44,47,36,38,48,28,35,31,79,36,31,34,58,25,53,31,70,38,57,74,61,,30,48,49,20,43,39,63,39,49,25,55,21,27,60,72,48,61,37,60,44,54,108,91,89,85,96,38,77,77,61,54,57,61,57,44,36,73,49,72,49,33,40,47,41,75,48,33,15,18,49,23,37,29,23,40,28,44,37,51,66,69,36,55,30,43,40,14,,28,25,24,46,28,20,18,9,22,26,2,21,20,10,16,30,19,32,15,15,27,10,9,29,17,3,55,68,61,45,26,36,41,34,49,46,26,26,49,153,36,40,8,,16,14,29,11,13,14,27,59,21,54,11,38,35,27,45,29,28,41,62,17,17,65,37,63,53,47,22,43
20150124,23,O3,6,28,5,7,32,8,11,20,25,14,26,17,6,10,7,21,20,19,13,57,9,34,38,77,44,13,23,15,11,10,23,59,25,13,79,3,65,4,52,10,77,44,15,66,14,23,45,13,5,63,13,3,7,29,69,44,11,17,10,52,51,6,69,38,8,8,50,31,32,7,19,86,11,15,7,19,8,21,32,27,57,25,40,18,2,16,12,60,10,19,10,12,70,17,33,12,73,105,69,18,77,38,9,36,9,22,10,29,16,25,21,9,6,38,22,33,27,25,12,26,44,10,22,8,2,6,12,38,5,11,15,10,6,30,30,87,34,49,5,6,10,6,41,5,18,24,60,5,12,15,5,5,36,47,16,73,75,34,8,51,73,25,62,62,25,12,46,56,24,40,30,47,5,2,39,6,21,29,57,39,58,91,35,26,,1,4,28,39,3,44,11,23,28,23,29,52,7,57,17,40,42,55,19,41,15,25,23,20,7,33,27,21,24,39,26,29,42,26,31,4,31,24,19,48,39,,22,37,101,26,29,29,100,42,22,36,9,36,7,7,11,31,23,53,20,14,29,7,4,1,6,5,21,4,,7,19,8,12,7,25,22,5,3,9,10,8,79,42,34,16,4,56,16,45,34,54,83,58,12,52,69,40,11,4,7,10,19,15,16,12,59,31,,56,17,72,30,77,22,18,59,46,74,83,29,22,65,49,11,72,23,57,37,21,22,79,17,73,79,15,3,19,10,26,29,16,23,14,6,45,10,2,23,32,42,75,,45,48,55,74,15,29,11,11,23,66,18,13,45,16,15,108,52,37,22,,27,8,32,53,4,12,26,3
20150124,23,O3_24h,44,47,9,51,44,11,36,61,57,35,64,23,10,36,32,59,52,86,61,105,26,87,62,91,64,39,71,61,30,45,89,105,63,90,120,99,79,78,129,104,123,139,121,129,47,114,106,64,24,104,18,84,77,117,110,91,84,61,97,155,120,58,111,78,26,46,95,74,84,32,75,93,56,30,60,78,37,63,81,45,112,38,86,26,7,42,39,71,54,82,19,39,96,74,46,69,114,139,116,80,129,113,66,132,74,50,24,45,24,34,34,32,38,71,69,57,77,61,49,76,66,44,98,17,5,16,48,43,42,12,19,89,14,82,120,121,123,111,40,62,72,71,55,43,26,89,102,44,51,74,40,39,85,72,62,76,81,70,31,73,99,104,105,92,32,79,66,91,76,89,89,79,65,55,67,47,52,57,58,59,84,80,75,117,,32,37,27,120,14,64,40,72,42,33,92,73,60,85,56,68,61,97,46,83,83,107,79,68,66,49,69,39,136,54,65,80,111,60,79,42,64,60,45,111,105,,56,93,127,70,60,59,104,107,89,131,90,98,76,47,31,137,97,77,44,117,138,109,19,7,28,22,44,22,20,70,53,75,24,65,104,73,33,6,70,79,82,113,110,78,63,19,98,74,103,77,127,111,82,71,82,116,86,55,52,102,90,58,47,33,35,81,63,,100,48,96,31,78,83,110,127,82,87,98,106,47,91,85,117,103,91,59,51,84,32,92,95,81,83,22,54,36,79,56,103,59,92,84,56,85,85,97,114,95,121,113,,109,96,108,128,26,76,58,63,41,89,18,65,78,45,58,117,78,52,53,64,94,15,44,112,75,45,37,46
20150124,23,O3_8h,17,29,4,22,34,9,14,22,24,23,31,14,5,15,14,39,26,36,28,51,10,51,48,84,40,19,29,24,15,26,56,73,45,33,93,30,44,36,64,55,84,61,65,91,23,64,71,21,10,80,12,6,26,48,82,54,34,23,47,80,77,21,89,50,5,24,67,53,70,12,44,79,28,22,20,38,16,30,55,32,71,28,63,18,4,24,16,58,18,42,10,24,81,20,36,26,82,108,91,28,77,50,28,63,32,36,9,35,17,21,24,15,19,48,42,39,45,23,14,42,46,18,47,9,2,7,12,21,14,11,15,19,6,36,47,104,54,76,14,24,37,36,37,12,19,49,81,13,22,33,18,12,58,54,32,72,69,30,10,58,84,58,72,72,27,29,58,37,37,54,50,25,14,17,15,15,25,49,27,47,71,54,39,32,,5,9,12,55,3,47,19,34,33,22,53,53,20,68,31,48,44,73,30,59,35,47,30,30,25,32,45,19,27,31,34,34,47,32,52,8,29,28,24,48,67,,32,40,95,26,30,40,82,71,48,65,30,56,36,12,12,64,44,61,24,42,80,14,7,2,8,3,23,6,2,28,21,36,14,7,49,30,7,3,18,32,22,85,68,35,31,9,71,41,75,51,93,92,65,29,58,91,56,27,16,49,44,21,27,22,10,62,41,,81,29,77,25,61,56,62,88,64,74,83,71,32,77,72,56,86,58,57,40,52,29,87,63,77,80,15,16,21,20,37,54,43,52,43,39,63,48,29,53,77,76,100,,87,80,85,102,15,47,32,37,31,78,18,36,61,31,36,106,49,33,39,45,60,6,36,74,28,26,27,15
20150124,23,O3_8h_24h,31,38,13,39,40,15,27,56,42,29,60,14,8,27,22,51,42,63,46,77,21,63,53,86,46,29,41,39,30,33,71,90,53,57,110,66,67,47,91,91,115,107,93,105,34,99,87,45,28,95,22,38,65,88,106,98,66,68,93,121,120,82,106,64,32,29,87,68,76,22,65,81,41,24,52,74,19,44,71,41,96,28,69,22,17,33,23,60,45,63,29,30,88,76,39,53,128,132,111,61,133,116,72,125,59,48,34,37,30,31,29,31,29,58,49,49,68,52,31,64,52,31,79,18,14,29,32,42,34,17,19,72,19,59,104,124,119,116,19,59,54,68,53,19,22,79,97,22,38,46,29,27,77,68,50,73,69,41,34,66,88,76,82,79,29,55,61,74,60,69,67,49,42,39,34,49,36,52,59,49,73,68,57,73,,25,58,38,103,14,49,31,66,33,30,81,65,51,73,37,56,53,93,42,69,62,81,74,63,50,43,62,32,96,35,50,57,71,54,68,36,46,41,34,71,77,,45,55,106,42,52,45,82,92,69,105,67,76,60,45,38,108,72,67,48,96,110,28,14,22,39,41,32,30,37,59,47,62,39,58,85,63,30,7,60,58,73,97,106,56,48,21,65,74,99,62,111,102,77,67,78,106,70,45,68,63,57,56,38,25,30,70,46,,93,42,89,33,72,77,110,125,75,82,96,96,40,87,85,82,97,77,58,53,73,30,88,82,81,81,17,33,29,74,55,97,49,69,71,51,81,72,78,75,89,90,108,,94,94,101,113,21,68,53,49,34,80,18,45,69,37,52,112,68,39,39,55,89,23,40,87,75,38,35,41
20150124,23,CO,1.558,1.031,1.435,3.065,0.585,2.798,1.953,2.119,0.972,0.644,0.766,1.158,2.278,2.3,2.955,1.702,1.139,3.377,2.655,0.703,2.034,0.869,0.958,0.474,1.681,1.948,1.798,1.909,2.428,1.817,1.36,1.057,1.206,1.828,0.666,1.555,0.519,1.683,0.848,1.698,0.313,0.97,2.197,0.847,1.799,0.99,0.735,1.389,2.564,0.864,3.567,1.669,1.428,1.13,1.149,1.498,1.441,1.365,1.215,0.877,1.099,1.768,0.928,0.628,1.741,2.039,0.862,1.51,1.701,3.313,2.937,1.712,1.854,1.359,1.559,1.23,4.856,1.485,1.781,2.336,0.83,1.267,1.323,1.583,3.65,1.631,2.545,1.05,1.895,1.372,2.547,2.349,0.618,0.992,1.555,1.912,1.025,0.965,1.034,1.198,0.932,1.374,3.458,2.751,1.724,1.415,3.025,1.478,2.778,3.716,3.234,2.115,2.671,2.449,3.51,1.615,2.75,1.58,3.3,1.273,2.431,2.73,0.827,3.72,5.033,3.705,3.766,1.465,2.451,2.548,1.519,2.187,1.667,3.659,0.741,0.972,2.261,0.725,1.955,2.087,2.264,1.963,2.182,1.831,2.14,1.179,0.46,1.929,3.323,3.96,2.668,1.706,1.898,0.599,1.338,1.59,1.595,2.252,2.681,0.738,0.406,1.362,1.16,0.305,0.784,1.682,1.021,0.547,1.607,1.117,0.824,1.693,1.185,1.614,1.3,2.444,1.685,1.765,2,0.776,0.628,1.751,1.976,1.061,,1.19,2.404,3.261,1.048,4.479,1.255,2.152,2.011,3.556,5.131,1.872,0.632,1.125,0.713,1.668,3.545,0.37,0.851,2.1,1.715,1.971,3.011,1.562,2.401,2.706,0.556,1.621,3.387,3.824,1.316,0.958,3.73,2.153,1.186,1.426,1.843,1.77,1.317,1.835,3.323,1.948,,2.558,2.045,1.281,1.631,2.329,2.19,2.447,1.319,1.656,2.252,1.036,1.592,1.229,2.321,2.1,1.155,3.519,0.364,1.161,0.992,0.854,2.24,3.75,4.483,2.798,2.759,1.663,2.334,2.36,1.689,0.839,2.013,1.775,1.597,1.757,1.442,3.755,1.983,1.811,2.585,1.849,1.465,0.959,1.121,1.314,1.237,2.957,1.504,1.846,0.826,1.495,1.68,0.817,1.308,1.72,0.814,2.045,0.932,2.181,2.158,1.198,1.626,2.38,1.75,2.807,1.182,0.63,,0.725,1.3,1.049,3.032,1.26,1.941,0.754,0.521,0.5,1.394,0.322,1.348,1.107,0.24,0.851,1.289,0.379,1.588,0.62,2.063,3.291,1.947,2.017,6.726,1.364,0.328,3.176,3.853,3.221,2.415,1.829,1.223,2.383,0.929,1.66,1.082,3.588,1.741,2.761,6.841,3.181,0.859,0.785,,0.58,0.706,0.448,0.974,0.82,0.663,1.785,4.934,0.939,2.273,0.138,3.526,1.862,1.727,2.899,1.229,1.844,0.922,0.925,1.547,0.56,1.88,1.912,0.917,2.598,3.233,1.386,3.569
20150124,23,CO_24h,1.986,2.303,3.526,3.496,1.115,3.481,4.376,1.613,1.013,2.252,2.241,4.545,3.518,1.917,2.447,1.26,1.04,1.981,1.515,1.188,2.073,1.211,1.212,1.085,2.32,1.818,2.205,2.253,2.148,1.783,1.537,1.042,1.694,1.62,1.117,1.391,1.271,1.808,1.11,1.28,0.571,1.519,1.824,0.991,1.802,0.924,0.821,1.261,3.377,1.205,3.035,1.505,1.14,1.119,1.121,1.534,1.212,1.352,1.107,0.797,0.996,1.431,0.824,0.572,1.39,1.927,0.694,1.306,1.108,3.407,1.891,1.85,1.353,2.87,1.523,0.972,3.772,1.199,1.375,1.853,0.785,1.905,2.336,3.044,3.782,2.635,3.622,1.585,1.753,2.035,2.284,2.118,1.642,1.024,1.769,1.35,0.966,0.943,0.938,1.259,0.858,1.163,1.846,1.923,1.26,1.07,2.915,2.537,3.135,3.806,3.696,1.76,2.219,2.083,2.895,1.175,1.844,1.394,2.375,1.019,2.222,2.239,0.96,3.284,5.455,2.999,3.711,1.603,2.039,2.248,1.637,2.06,1.757,3.373,0.549,0.785,1.143,0.637,1.368,1.533,2.664,1.297,1.632,1.47,1.575,1.118,0.433,2.277,2.985,3.421,2.572,1.913,1.752,0.916,1.242,1.899,1.938,3.068,3.008,1.81,1.426,1.911,1.775,0.908,1.21,1.826,1.906,0.742,1.86,1.481,1.135,2.216,1.238,1.559,1.76,1.902,1.894,1.857,2.418,0.995,1.051,1.536,1.76,1.704,,0.682,1.635,2.903,0.989,4.977,2.43,1.893,1.963,4.141,5.033,1.011,0.697,0.465,1.016,1.876,1.04,0.419,0.647,1.5,0.981,1.528,1.984,1.163,1.362,1.53,0.611,1.323,2.848,2.641,1.985,0.752,1.674,1.294,0.719,1.003,1.081,2.007,1.564,1.864,3.38,2.777,,1.998,1.469,1.459,1.531,1.828,1.534,2.667,1.208,1.82,1.872,1.099,1.472,0.971,2.266,1.982,0.998,2.221,0.641,1.256,0.687,0.875,2.991,3.48,3.413,2.383,2.387,1.54,2.06,1.816,1.453,0.977,1.983,1.853,2.295,1.494,1.454,3.81,1.898,1.237,2.109,1.817,2.586,0.684,1.055,1.616,1.285,2.918,1.194,1.446,0.671,1.1,1.836,0.851,1.128,1.147,0.937,2.228,0.792,1.263,1.809,1.401,1.473,2.248,1.792,2.321,1.263,0.509,,0.873,0.967,1.022,3.208,1.488,1.679,0.604,0.602,0.552,1.376,0.379,1.162,1.003,0.362,0.798,0.88,0.334,1.28,0.555,2.082,1.487,1.909,2.063,4.283,1.418,0.354,2.574,3.478,2.913,2.081,1.28,0.861,2.072,0.965,1.254,0.577,2.567,0.907,1.485,4.105,2.814,1.177,0.759,,0.433,0.659,0.363,0.714,0.601,0.358,1.13,3.285,1.332,2.273,0.267,1.409,2.558,1.85,2.279,1.297,1.633,1.117,2.719,1.013,0.609,1.619,1.739,1.054,1.631,2.601,1.351,2.258
