date,hour,type,北京,天津,石家庄,唐山,秦皇岛,邯郸,保定,张家口,承德,廊坊,沧州,衡水,邢台,太原,呼和浩特,沈阳,大连,长春,哈尔滨,上海,南京,苏州,南通,连云港,徐州,扬州,无锡,常州,镇江,泰州,淮安,盐城,宿迁,杭州,宁波,温州,绍兴,湖州,嘉兴,台州,舟山,金华,衢州,丽水,合肥,福州,厦门,南昌,济南,青岛,郑州,武汉,长沙,广州,深圳,珠海,佛山,中山,江门,东莞,惠州,肇庆,南宁,海口,重庆,成都,贵阳,昆明,拉萨,西安,兰州,西宁,银川,乌鲁木齐,湘潭,株洲,包头,鄂尔多斯,营口,盘锦,泉州,莱芜,临沂,德州,聊城,滨州,淄博,枣庄,烟台,潍坊,济宁,泰安,日照,威海,东营,韶关,汕头,湛江,茂名,梅州,汕尾,阳江,清远,潮州,云浮,玉溪,菏泽,大同,长治,临汾,阳泉,赤峰,鞍山,抚顺,本溪,锦州,吉林,齐齐哈尔,牡丹江,大庆,芜湖,马鞍山,九江,洛阳,安阳,开封,焦作,平顶山,三门峡,宜昌,荆州,岳阳,常德,张家界,桂林,北海,柳州,三亚,绵阳,宜宾,攀枝花,泸州,自贡,德阳,南充,遵义,曲靖,咸阳,铜川,延安,宝鸡,渭南,金昌,嘉峪关,石嘴山,克拉玛依,库尔勒,寿光,章丘,即墨,胶南,胶州,莱西,平度,蓬莱,招远,莱州,荣成,文登,乳山,吴江,昆山,常熟,张家港,太仓,句容,江阴,宜兴,金坛,溧阳,海门,临安,富阳,义乌,诸暨,瓦房店,信阳,周口,漳州,晋城,朔州,晋中,运城,忻州,吕梁,乌海,通辽,呼伦贝尔,巴彦淖尔,乌兰察布,兴安盟,锡林郭勒盟,阿拉善盟,阜新,铁岭,四平,辽源,通化,白山,松原,白城,延边州,鸡西,鹤岗,双鸭山,伊春,佳木斯,七台河,黑河,绥化,大兴安岭地区,蚌埠,淮南,淮北,铜陵,安庆,黄山,滁州,阜阳,宿州,六安,亳州,池州,宣城,莆田,三明,南平,龙岩,宁德,景德镇,萍乡,新余,鹰潭,赣州,吉安,宜春,抚州,上饶,鹤壁,新乡,濮阳,许昌,漯河,南阳,商丘,驻马店,黄石,十堰,鄂州,荆门,孝感,黄冈,咸宁,随州,恩施州,衡阳,邵阳,益阳,郴州,永州,怀化,娄底,湘西州,梧州,防城港,钦州,贵港,玉林,百色,贺州,河池,来宾,崇左,广元,遂宁,内江,乐山,眉山,广安,达州,雅安,巴中,资阳,阿坝州,甘孜州,凉山州,六盘水,安顺,铜仁地区,毕节,黔西南州,黔东南州,黔南州,保山,昭通,丽江,临沧,楚雄州,红河州,文山州,西双版纳州,大理州,德宏州,怒江州,迪庆州,昌都地区,山南地区,日喀则地区,那曲地区,阿里地区,林芝地区,汉中,榆林,安康,商洛,白银,天水,武威,张掖,平凉,酒泉,庆阳,定西,陇南,临夏州,甘南州,海东地区,海北州,黄南州,海南州,果洛州,玉树州,海西州,吴忠,中卫,固原,吐鲁番地区,哈密地区,昌吉州,博州,阿克苏地区,喀什地区,和田地区,伊犁哈萨克州,塔城地区,阿勒泰地区,石河子,五家渠,克州,普洱,襄阳,葫芦岛,河源,揭阳,辽阳,朝阳,丹东
20150109,0,AQI,267,357,280,281,132,299,500,50,124,335,249,370,336,108,83,289,138,144,284,127,170,179,203,258,208,170,193,214,175,205,158,224,175,147,191,157,177,167,202,157,97,122,75,100,130,70,61,87,234,146,127,232,184,86,83,124,80,91,98,92,70,60,86,57,104,103,70,23,44,96,113,60,136,193,160,175,87,64,122,185,53,293,281,295,246,211,297,293,119,248,260,261,276,89,193,70,63,88,106,75,76,77,66,113,57,20,267,83,127,196,58,45,109,138,125,125,89,82,75,121,122,168,90,106,327,223,66,205,98,393,205,107,147,168,125,76,106,46,69,97,55,91,85,75,91,109,33,183,113,103,67,60,61,87,104,92,122,273,167,148,223,119,161,120,121,186,174,86,204,213,144,142,126,177,168,185,192,132,142,141,144,130,117,149,138,144,113,174,69,98,108,93,184,131,164,73,125,138,135,72,117,31,56,161,91,88,170,168,131,81,104,36,17,42,87,71,27,93,49,161,71,116,86,204,137,104,82,161,88,105,96,108,91,119,64,54,74,66,59,115,150,98,86,69,77,74,55,77,210,257,374,160,139,144,181,131,188,56,210,199,231,182,160,157,246,158,161,146,99,144,138,139,86,86,81,97,104,78,80,99,65,88,78,57,81,133,69,87,77,164,46,93,77,35,20,41,74,52,77,23,12,59,34,69,39,28,58,16,28,45,58,59,52,50,38,42,114,166,60,48,41,186,122,85,67,197,185,87,91,113,76,75,131,100,324,137,80,49,51,56,51,56,58,131,85,93,250,253,210,158,103,290,250,146,66,35,128,136,97,38,,138,82,86,214,245,104
20150109,0,PM2.5,216,283,229,230,100,237,521,27,93,284,198,306,285,80,33,238,105,110,233,96,128,135,152,207,157,128,145,163,132,154,120,173,132,112,143,119,133,126,151,119,72,92,54,75,98,50,43,64,183,111,89,181,138,63,61,93,58,67,73,68,47,33,63,39,77,76,50,16,13,51,84,38,103,145,121,132,45,20,92,139,34,242,230,244,195,160,246,242,89,197,209,210,225,66,145,50,38,65,79,54,55,56,47,84,31,14,216,49,96,147,27,18,81,105,94,94,66,60,54,91,92,127,62,72,276,172,41,154,51,342,154,76,112,127,94,55,79,31,49,72,28,67,62,54,67,81,23,79,83,62,47,36,34,23,54,58,92,222,126,113,172,89,122,90,91,140,131,63,153,162,110,108,95,133,127,139,144,100,108,107,110,98,77,114,105,110,84,131,49,73,73,69,138,99,124,48,94,105,102,52,88,7,31,122,67,65,128,127,99,59,77,25,8,26,64,27,16,67,34,122,51,87,63,153,104,77,60,122,65,78,71,80,67,89,45,37,53,38,41,86,115,73,63,49,56,53,36,56,159,206,323,121,106,110,136,99,141,37,159,149,180,137,121,119,195,120,122,111,74,110,105,106,63,63,59,72,77,57,58,74,46,65,57,27,59,101,49,64,56,124,31,69,56,21,14,26,53,34,56,14,6,41,17,48,27,13,40,10,19,31,40,41,21,8,26,10,83,66,42,33,8,140,85,62,31,92,139,64,67,84,55,47,99,75,273,104,42,23,31,39,31,37,40,99,62,69,199,127,159,120,45,239,126,111,47,11,97,94,64,16,,73,60,63,163,194,77
20150109,0,PM2.5_24h,140,146,165,131,85,186,345,32,65,141,124,182,264,78,86,158,46,100,170,75,104,134,81,153,119,90,140,146,97,127,115,107,111,84,124,69,103,97,120,79,59,75,50,62,108,34,35,56,113,50,161,157,129,47,45,57,41,48,51,49,35,30,55,42,72,74,55,45,13,62,66,47,74,205,115,110,88,28,107,83,30,155,189,143,146,127,155,184,50,93,144,165,114,32,107,44,39,58,60,42,43,42,37,54,25,34,177,44,90,107,56,74,77,77,80,75,91,39,36,89,81,117,58,78,201,217,69,133,73,205,163,75,98,90,82,51,67,35,43,83,52,63,66,60,65,57,35,67,65,56,39,59,42,24,97,71,84,128,79,67,77,51,74,65,51,73,85,35,61,61,114,76,87,114,85,94,104,92,92,101,81,76,105,90,84,54,89,130,36,90,35,76,123,110,92,40,68,64,46,49,70,17,34,63,70,71,94,100,83,41,117,21,7,22,45,20,25,45,27,84,23,91,54,115,95,55,48,91,83,78,62,84,55,73,34,35,36,29,33,63,95,57,56,46,60,45,42,36,78,145,261,145,94,119,128,101,137,49,138,154,187,114,103,117,94,112,122,137,76,95,91,107,59,49,49,57,54,41,46,60,47,69,52,19,52,73,58,65,68,96,53,66,46,21,16,44,87,42,51,28,49,49,23,75,32,19,48,31,28,47,44,39,48,22,20,25,24,23,39,27,14,100,58,63,47,67,115,90,53,64,56,49,62,46,220,98,42,31,69,33,23,33,37,58,80,38,177,75,186,77,40,215,69,45,27,14,102,132,55,43,,67,49,41,98,144,36
20150109,0,PM10,245,464,350,325,171,418,695,49,138,358,296,475,424,140,113,322,150,144,300,118,233,156,200,235,260,258,198,220,231,215,211,169,232,161,205,186,201,144,200,186,117,152,91,108,113,82,63,100,322,180,201,237,149,82,98,123,96,108,106,83,87,68,95,61,99,124,63,20,25,140,137,68,138,182,169,200,121,76,111,163,53,303,375,341,279,204,411,344,93,366,339,379,339,107,193,79,73,75,107,71,74,86,70,123,62,,330,113,130,176,63,44,119,156,151,152,91,86,78,107,132,178,127,159,428,265,79,227,144,439,223,162,143,136,106,79,96,36,80,86,57,107,88,79,88,127,23,313,173,153,81,67,70,122,156,132,141,284,263,160,230,126,155,119,111,198,176,102,113,205,156,143,130,193,172,157,203,125,146,194,142,149,182,179,130,165,115,178,76,125,164,133,245,149,142,93,151,146,200,69,105,30,60,239,94,101,169,194,131,103,132,20,15,41,89,90,26,134,41,140,87,144,97,159,143,131,59,250,83,107,138,98,114,120,62,54,57,80,52,148,161,132,95,62,83,78,57,83,239,341,321,167,155,160,212,140,197,60,238,184,257,180,181,194,180,172,187,189,144,148,169,162,93,83,81,103,87,73,75,94,64,78,70,61,87,113,60,90,86,142,45,118,95,26,17,40,68,52,79,18,9,57,33,86,31,27,,15,25,15,51,,52,49,19,25,176,280,34,42,14,160,191,71,81,341,219,112,99,137,63,97,164,129,341,139,107,33,50,49,50,59,40,149,94,109,282,386,258,151,153,393,384,173,62,19,146,219,142,37,,223,76,82,112,224,112
20150109,0,PM10_24h,172,247,271,201,173,298,496,78,128,196,210,293,401,130,188,220,75,138,203,99,189,174,114,194,216,203,197,202,171,173,192,141,195,123,182,105,163,118,170,124,100,127,79,94,143,57,54,86,222,97,331,190,144,67,75,89,63,75,74,70,63,54,78,61,93,115,70,65,22,143,117,75,139,275,166,172,200,122,132,109,56,209,295,207,213,181,282,303,66,165,241,291,193,58,149,63,64,71,80,57,58,71,60,72,40,57,278,119,125,151,127,135,110,118,93,106,124,53,57,108,127,169,107,160,300,297,131,214,143,275,241,154,131,121,94,67,83,50,63,103,107,92,92,82,80,80,50,148,138,143,73,102,85,84,230,127,136,186,199,111,115,76,95,87,60,119,124,59,53,112,167,104,124,169,108,121,147,129,126,185,111,123,172,145,131,74,126,200,54,147,106,134,195,167,99,135,109,94,141,103,102,41,84,147,91,106,125,183,117,72,160,30,20,37,67,41,39,58,46,104,48,142,90,136,128,86,58,166,106,119,118,107,90,109,59,54,58,50,55,102,132,101,80,54,99,63,65,53,145,253,294,210,138,179,181,163,205,75,205,254,280,164,159,180,124,156,171,211,130,130,137,167,86,65,69,79,63,53,85,82,69,83,63,50,82,91,78,82,103,116,78,112,79,25,25,65,109,76,74,37,81,64,36,115,48,38,63,63,39,60,63,49,84,39,43,57,78,88,47,41,21,113,120,87,109,182,174,140,96,116,99,136,113,83,298,123,115,51,103,57,47,202,50,145,160,86,236,306,306,95,122,339,283,89,43,20,140,241,142,71,,172,69,63,118,210,57
20150109,0,SO2,65,135,271,131,61,129,262,35,42,56,238,212,235,235,34,231,75,68,198,38,42,42,82,60,67,57,68,57,38,42,52,65,43,23,52,24,28,21,61,16,11,29,18,10,21,10,15,28,129,70,124,31,33,23,11,20,23,17,38,31,18,16,24,7,14,14,22,7,5,35,39,14,186,89,40,35,33,14,124,69,11,165,104,106,80,208,343,81,62,206,132,93,113,67,190,25,14,14,55,10,12,25,42,21,16,3,96,95,149,252,68,100,97,45,138,107,34,54,37,49,19,35,25,148,182,95,115,77,59,35,61,31,29,8,36,16,39,2,19,15,38,29,12,7,18,26,10,41,31,81,15,23,164,25,122,5,16,265,137,146,91,108,80,47,172,39,60,28,25,55,39,45,11,33,51,32,73,28,27,21,32,37,17,35,10,71,17,20,36,74,178,170,113,46,135,27,70,19,154,21,43,18,11,194,45,69,73,109,32,21,44,24,18,3,26,7,14,21,49,29,48,32,24,29,46,10,7,11,42,43,22,29,14,24,8,23,21,33,8,15,20,28,19,111,66,45,16,103,162,174,99,75,19,16,39,21,36,26,36,38,31,41,13,35,10,55,39,64,43,70,53,34,122,29,14,30,18,14,15,22,11,10,6,16,11,11,14,14,7,20,9,8,49,2,10,11,17,73,9,8,14,37,19,16,52,8,7,11,8,11,20,11,6,3,5,6,3,7,32,33,6,10,45,32,3,244,60,59,98,35,30,124,67,38,50,72,24,24,13,3,15,2,14,35,50,19,90,17,32,27,61,95,45,54,13,23,35,60,39,5,,155,20,25,87,102,94
20150109,0,SO2_24h,52,122,214,116,111,115,232,51,75,45,151,159,266,214,110,278,73,85,211,42,42,58,43,82,84,37,63,52,41,45,50,54,52,26,60,27,58,46,64,20,19,39,26,26,25,9,12,32,116,53,134,37,38,19,12,18,17,23,23,24,17,20,21,9,14,10,30,13,5,42,45,27,157,77,36,34,64,17,165,73,14,195,115,110,94,212,244,116,45,150,133,120,75,25,143,30,16,15,24,13,12,17,36,13,23,25,116,75,136,215,108,170,108,76,136,131,58,55,31,42,28,48,58,98,147,94,98,120,70,62,74,33,41,14,29,16,36,2,14,19,51,27,20,18,19,17,39,30,37,85,22,35,178,35,169,11,20,175,143,97,54,85,64,50,54,58,48,24,31,44,43,61,11,37,55,41,49,55,42,39,37,26,22,29,20,107,17,37,22,81,138,181,78,119,136,29,59,26,54,46,31,33,29,172,56,76,64,198,63,25,69,34,22,3,23,8,13,21,43,32,38,35,26,33,80,18,8,15,40,60,20,42,26,29,11,28,24,23,12,15,31,41,36,54,64,47,36,54,140,149,95,106,35,21,63,36,45,36,50,51,36,35,22,23,21,55,57,64,42,61,66,36,51,25,14,36,14,12,19,16,12,19,11,18,14,12,22,11,27,10,11,10,54,2,10,31,22,106,15,16,17,29,28,27,33,8,14,38,12,13,22,28,13,2,6,7,4,8,32,8,5,21,42,49,30,75,79,99,132,43,42,110,82,33,116,63,39,25,33,8,17,2,27,28,60,23,66,11,43,26,52,73,34,38,18,23,38,50,35,8,,169,22,20,87,156,72
20150109,0,NO2,127,149,135,134,71,178,144,10,55,84,112,117,118,47,23,100,74,61,110,107,114,113,82,67,76,68,66,84,101,59,51,54,64,79,104,100,81,124,122,61,40,80,50,38,47,39,24,63,105,91,75,119,58,61,70,86,70,59,80,68,38,50,35,5,38,47,22,32,8,50,56,33,67,103,52,86,37,19,78,78,27,94,109,107,93,94,126,92,53,89,89,85,110,47,107,44,30,23,33,38,22,34,51,51,63,14,89,39,70,34,50,29,63,54,84,66,42,37,34,31,46,74,63,56,107,83,35,78,70,55,83,50,57,29,27,24,24,15,34,40,40,39,28,49,30,46,26,52,58,59,36,40,28,90,24,60,35,97,60,56,93,92,70,27,88,56,65,37,44,22,84,87,63,96,86,51,116,78,92,85,48,58,43,58,54,45,39,36,53,25,46,43,41,50,33,28,41,32,78,30,37,4,8,56,40,72,68,58,61,36,39,16,6,9,21,17,17,23,26,98,28,67,21,78,72,67,25,32,29,43,35,51,45,41,16,34,12,46,5,48,32,55,49,55,64,28,50,51,153,99,114,97,34,32,77,26,75,19,91,31,37,96,35,53,38,60,49,33,51,60,41,46,29,18,15,29,20,24,20,18,24,25,26,34,37,29,38,28,19,36,14,31,23,3,11,20,23,15,37,22,17,25,19,14,15,13,16,20,5,12,31,23,22,,49,6,3,9,28,10,7,33,90,21,41,40,73,50,26,67,45,33,40,59,135,48,42,10,8,11,7,6,9,28,31,54,77,41,87,31,112,81,13,79,47,15,88,82,21,3,,60,30,39,60,44,49
20150109,0,NO2_24h,99,104,117,98,73,102,116,19,60,65,83,101,123,40,60,82,49,56,96,74,86,91,46,68,57,47,62,68,79,45,43,38,52,55,78,62,73,70,86,37,42,56,37,37,43,27,21,40,85,55,79,101,66,39,36,40,38,32,47,39,25,31,31,10,41,48,24,36,13,47,56,37,54,95,66,52,57,25,70,58,27,94,97,84,84,87,98,83,43,69,76,85,77,26,82,34,26,18,19,26,21,30,41,29,32,29,84,33,71,37,56,34,55,47,76,58,48,37,26,36,39,57,43,49,92,82,58,70,65,46,72,31,41,28,27,20,23,15,36,38,49,37,31,41,30,28,27,35,54,57,31,48,31,76,40,41,42,72,62,35,59,65,40,24,41,49,53,21,29,16,69,63,54,75,54,47,70,66,67,68,35,52,38,44,44,38,36,48,29,24,36,39,33,59,31,30,40,41,24,44,38,7,17,45,41,62,64,64,45,41,39,14,6,9,23,18,16,17,23,78,23,56,24,59,55,44,25,25,43,61,41,59,35,28,20,25,9,26,5,31,30,39,35,25,42,34,31,27,144,88,93,86,55,38,73,39,68,38,71,50,49,61,39,43,40,41,37,34,33,46,30,51,30,15,13,22,18,17,28,17,25,30,17,30,34,26,40,28,24,40,18,34,25,9,10,30,22,32,36,23,21,28,18,30,21,18,24,30,11,16,27,19,29,6,35,10,6,9,26,9,8,34,73,25,42,30,64,42,36,60,52,27,38,45,138,33,35,13,19,15,8,7,9,19,30,29,67,21,77,22,65,51,17,54,33,22,56,67,22,14,,53,27,28,51,41,26
20150109,0,O3,5,4,12,6,1,5,26,52,28,6,8,6,4,8,43,11,8,23,8,8,3,7,10,27,10,16,14,9,17,13,24,24,10,20,6,3,6,4,3,4,37,4,14,46,26,75,51,14,7,15,28,15,55,34,40,43,15,9,26,31,57,46,45,84,5,10,51,9,89,8,9,22,11,4,49,25,33,51,9,5,89,2,5,4,5,15,6,19,11,16,11,9,5,25,5,42,72,119,81,28,91,80,60,34,15,21,10,26,28,25,30,22,11,7,4,8,30,21,34,40,39,10,31,23,4,2,50,20,5,10,32,26,8,25,87,75,67,79,7,12,6,11,60,15,20,12,18,5,51,10,12,12,38,23,32,36,65,5,11,2,8,8,3,8,8,2,2,22,3,3,13,4,22,8,4,6,13,1,7,10,27,124,75,5,11,3,57,36,27,20,29,8,36,35,20,51,24,22,12,46,19,33,81,9,24,7,14,20,14,24,17,50,32,57,36,44,42,42,47,45,29,30,56,12,44,32,29,28,81,109,34,20,33,55,79,6,64,18,47,9,8,11,9,35,36,32,36,12,11,3,3,9,42,10,2,62,10,31,11,73,51,5,37,19,4,20,19,57,7,29,44,68,3,45,48,55,45,68,14,55,30,39,42,22,16,21,6,16,36,19,20,3,22,69,26,46,12,46,13,41,26,34,55,52,48,46,58,35,39,21,1,22,24,,29,87,34,83,53,60,75,13,6,13,18,3,11,16,25,9,22,53,12,6,12,23,14,75,77,74,81,8,96,6,29,10,9,15,20,20,12,24,35,8,95,80,8,5,46,52,,3,80,50,4,8,8
20150109,0,O3_24h,16,27,20,30,17,15,33,71,40,15,39,36,13,38,51,37,49,60,30,70,69,61,86,50,81,90,68,82,78,65,67,98,51,74,86,91,53,67,71,98,75,94,106,106,63,104,85,75,41,63,62,104,75,110,122,124,112,85,109,142,116,130,86,94,22,51,61,55,97,46,58,58,68,22,65,89,54,66,53,42,116,23,60,71,32,33,29,80,58,42,91,24,45,68,40,103,134,137,144,109,133,129,113,175,116,26,50,68,48,45,60,33,50,52,40,46,65,58,79,59,67,45,73,75,21,32,75,102,46,44,98,111,27,54,94,109,99,107,42,46,37,51,70,75,28,58,71,53,94,70,58,50,85,94,83,84,71,24,33,52,55,63,58,55,63,43,29,65,48,58,65,67,83,81,75,97,63,53,81,69,77,92,101,82,44,32,108,52,108,39,102,44,80,64,46,95,60,54,123,72,52,49,92,38,58,53,68,40,65,47,55,65,39,63,48,66,56,62,67,60,55,76,78,81,122,94,52,70,127,126,67,71,109,65,87,79,95,94,90,85,56,78,93,95,102,123,115,86,24,34,43,54,97,68,62,113,62,57,94,102,106,113,94,95,17,111,85,142,84,87,77,95,60,80,79,93,68,142,34,133,44,77,74,98,50,71,32,45,64,68,54,22,62,76,45,79,33,56,51,54,45,56,72,79,53,73,99,56,48,23,77,71,107,34,44,93,40,91,77,89,89,53,62,39,80,34,88,75,84,78,45,79,85,89,62,107,82,110,88,109,108,28,129,12,61,61,49,37,41,20,60,63,57,63,143,91,72,41,90,89,,39,115,152,48,20,47
20150109,0,O3_8h,5,4,11,8,1,5,18,41,12,6,6,6,5,17,22,13,15,27,9,20,16,12,27,20,24,23,23,19,25,21,33,34,18,30,23,25,14,16,15,32,41,21,34,72,27,83,57,23,12,21,25,25,59,49,60,78,47,31,52,58,76,76,51,86,6,19,46,18,87,13,14,34,37,6,42,42,25,51,11,8,84,3,10,9,10,16,8,22,11,16,20,8,6,31,6,57,96,116,113,52,112,102,69,96,56,21,10,34,26,27,42,23,12,13,7,13,29,22,42,32,40,17,38,33,6,4,42,33,16,20,50,59,15,32,84,95,67,90,17,20,17,30,55,21,20,30,31,16,52,21,23,16,55,32,28,50,58,6,10,5,12,11,11,10,20,7,5,31,12,8,31,14,38,18,21,24,21,9,21,32,46,130,55,15,15,9,70,29,45,30,48,15,45,33,23,47,28,18,43,37,19,33,71,13,22,11,21,20,18,18,21,53,32,56,35,48,40,46,33,47,24,37,54,33,52,42,29,33,63,86,45,32,35,53,75,26,47,39,60,28,24,34,39,77,72,46,73,37,11,7,5,19,39,25,6,71,29,32,32,67,53,38,55,38,4,42,48,85,30,51,45,69,18,48,64,74,54,90,15,62,36,50,56,45,26,21,6,11,38,26,20,8,28,69,31,53,18,51,26,44,23,31,58,51,47,55,61,26,37,15,27,42,24,25,36,82,35,83,57,77,80,25,17,23,31,11,29,25,36,23,25,52,28,21,21,55,26,97,71,82,96,14,104,4,29,27,22,20,25,19,27,43,40,29,104,69,34,14,66,58,,9,81,81,6,9,15
20150109,0,O3_8h_24h,11,13,14,20,11,11,21,54,21,10,25,20,9,29,27,27,38,47,23,55,42,46,74,37,52,69,53,62,61,53,46,80,34,56,65,69,42,52,57,79,66,65,78,94,45,97,71,55,30,48,43,46,61,94,101,104,95,67,86,120,102,111,74,87,23,34,55,44,90,27,36,46,58,13,49,67,37,59,35,29,89,15,30,36,23,28,18,51,52,36,45,16,28,60,42,97,117,119,126,91,118,114,100,145,94,28,40,55,35,33,55,26,36,39,33,33,52,43,67,48,45,30,58,48,13,19,58,75,33,33,76,89,24,44,89,100,88,98,26,36,24,40,62,34,27,57,70,30,77,47,42,30,71,73,39,61,60,31,24,34,43,48,48,42,70,32,25,58,46,48,56,54,64,70,61,57,53,36,61,50,67,157,74,56,27,25,92,40,83,34,77,29,65,45,35,85,46,41,80,64,34,43,87,30,44,40,48,33,34,34,47,62,36,60,42,60,52,58,65,52,45,53,63,60,83,69,39,44,81,98,51,54,65,55,78,69,83,86,80,64,43,64,62,89,88,80,93,71,17,18,28,39,75,50,41,93,41,45,63,79,75,72,82,71,11,66,70,117,68,74,59,80,42,67,72,81,55,106,26,119,41,62,70,75,40,65,26,33,47,50,31,13,52,69,41,68,29,51,50,50,41,52,65,75,50,66,66,47,57,27,51,70,60,27,38,84,38,87,70,83,84,40,44,37,52,28,56,57,64,58,36,69,58,64,41,78,59,108,75,100,105,15,121,10,52,53,35,32,35,19,41,52,50,50,129,77,52,28,73,68,,24,102,119,34,15,42
20150109,0,CO,4.675,6.839,5.728,3.525,2.635,5.901,10.065,0.897,2.133,4.782,6.9,6.072,8.138,3.066,1.693,2.853,1.422,1.568,2.039,1.517,2.068,2.084,1.596,1.656,3.082,2.14,2.079,2.526,1.992,1.714,1.414,1.655,1.968,1.799,1.484,1.788,1.522,1.625,1.686,1.358,1.34,1.307,1.433,0.859,1.074,0.63,0.711,1.133,2.539,2.026,1.561,2.252,1.259,1.373,1.399,1.691,1.437,1.665,1.727,1.213,1.253,1.279,1.135,1.062,1.263,1.116,0.633,1.361,0.668,2.579,3.121,1.43,1.993,3.334,1.365,1.444,1.217,0.527,2.902,3.703,0.711,2.756,3.505,3.291,2.925,3.678,4.258,2.159,2.287,4.091,2.491,3.044,3.549,1.129,2.524,1.186,0.731,1.706,1.145,1.131,1.269,1.341,1.302,1.583,1.764,1.295,1.999,2.768,4.601,4.83,1.258,0.872,2.074,2.389,3.251,3.014,1.316,1.552,1.1,1.156,1.734,2.617,1.252,1.676,5.779,2.186,1.718,1.595,1.972,2.285,1.761,2.637,1.892,3.126,1.004,1.71,1.214,0.991,0.899,0.843,1.707,0.559,1.027,0.859,0.869,0.723,1.943,1.557,1.872,5.085,1.832,0.954,1.803,0.693,0.993,2.438,0.773,4.791,3.71,3.112,3.167,2.186,2.4,1.881,3.636,2.681,3.249,1.345,3.282,4.193,1.355,2.366,1.33,2.089,1.927,1.681,2.351,2.021,1.893,0.549,1.399,1.23,1.452,1.722,2.288,1.833,1.026,2.325,0.652,1.416,1.493,2.645,5.059,2.633,3.348,0.749,1.766,0.9,3.281,0.819,2.056,0.33,1.596,3.198,1.141,1.524,1.898,3.215,2.644,0.699,0.686,0.581,0.88,1.198,0.803,0.36,0.802,0.557,0.605,0.949,0.987,1.447,0.966,1.71,2.103,2.97,0.599,1.837,0.906,1.088,0.901,1.324,1.012,2.413,0.645,1.037,1.328,1.386,0.832,1.176,1.428,1.377,1.209,1.745,0.962,0.854,1.059,1.063,2.97,5.492,2.354,1.666,1.524,2.518,2.783,0.768,2.855,0.686,3.287,1.62,2.373,3.16,1.987,3.637,1.546,1.776,1.713,2.151,6.366,1.292,0.977,1.421,0.63,1.295,1.52,1.462,1.456,1.263,1.166,1.045,1.013,0.79,1.269,0.759,0.972,0.61,1.165,0.632,0.93,1.705,0.739,1.333,0.731,0.372,0.372,0.63,1.005,1.252,1.996,1.206,0.999,0.848,0.67,0.731,0.641,1.332,1.529,0.48,0.664,1.009,0.943,0.718,1.024,0.124,1.767,0.058,0.698,1.383,1.587,0.787,0.31,2.555,3.195,1.911,2.847,2.29,1.745,1.913,1.18,10.564,1.072,3.396,2.398,1.24,2.102,2.936,1.342,1.404,0.11,,0.256,1.528,0.829,1.845,0.655,1.666,4.306,4.455,2.795,1.868,3.236,5.145,1.554,7.354,3.089,1.856,3.25,3.502,2.229,0.367,,2.873,0.911,1.037,4.271,2.965,2.572
20150109,0,CO_24h,3.243,3.765,4.344,2.795,2.855,3.585,7.173,1.265,2.881,2.613,3.393,3.445,7.039,3.151,3.623,2.122,0.876,1.529,1.644,1.132,1.584,1.591,1.14,2.108,2.583,1.396,1.731,1.867,1.461,1.362,1.537,1.443,1.974,1.29,1.412,1.105,1.158,1.393,1.329,1.037,1.167,1.361,1.409,0.919,1.31,0.709,0.849,1.07,2.082,1.186,2.725,2.103,1.455,1.413,1.453,1.678,1.335,1.621,1.651,1.195,1.319,1.381,1.173,1.365,1.178,1.018,0.83,1.281,0.737,2.351,2.711,1.636,1.576,3.999,1.607,1.552,2.33,0.589,2.589,2.725,0.828,2.437,3.397,2.571,2.597,3.528,3.611,1.888,1.412,1.878,2.462,3,2.107,0.812,2.139,1.191,1.13,2.097,1.349,1.527,1.488,1.558,1.465,1.465,1.719,1.928,2.175,2.527,4.384,4.469,2.159,1.504,2.034,1.903,2.693,2.149,1.426,1.308,0.761,1.156,1.603,2.114,1.323,2.479,3.73,2.545,2.22,1.771,2.081,1.707,1.925,2.38,1.741,3.072,0.987,1.79,1.296,0.957,0.889,0.833,2.505,0.526,1.053,0.799,0.894,0.66,1.763,1.377,1.81,4.877,1.844,1.403,1.479,0.796,1.621,2.096,1.406,2.529,3.143,1.705,1.634,1.304,1.515,1.143,3.039,1.894,2.242,0.75,1.585,1.326,1.147,2.117,1.101,1.431,1.711,1.205,1.131,1.949,1.648,0.711,1.02,1.084,1.388,1.486,2.027,0.918,1.067,2.933,0.971,2.1,1.166,3.001,4.443,3.088,3.622,0.654,1.035,1.347,0.702,0.933,1.351,0.345,1.809,2.351,1.05,1.497,1.571,2.938,2.284,0.889,1.142,0.528,0.782,0.849,0.682,0.449,1.105,0.323,0.607,1.092,0.767,1.494,1.09,1.547,2.207,2.003,0.591,1.449,1.449,1.366,0.962,1.519,0.844,2.237,0.657,1.291,1.379,1.465,0.891,1.051,1.462,1.532,1.047,1.63,1.077,1.122,1.351,0.842,2.203,3.762,2.026,2.175,1.669,2.66,1.565,1.366,2.839,0.739,3.113,1.856,3.063,2.385,2.377,3.426,0.911,1.527,1.71,2.122,5.535,1.34,0.892,1.715,0.828,1.719,1.733,1.502,1.572,1.407,1.228,1.195,1.159,0.984,1.213,0.908,0.867,0.527,0.989,0.541,1.21,1.334,1.121,1.42,0.723,0.498,0.276,0.739,0.884,1.252,1.993,1.198,0.95,0.955,0.882,0.898,0.481,1.504,1.714,0.779,0.694,1.16,0.95,0.93,1.529,0.251,1.346,0.301,0.706,1.289,1.33,0.741,0.34,2.067,3.037,1.933,3.217,1.675,1.605,2.45,1.109,6.504,1.299,3.066,1.917,1.335,2.14,2.51,1.89,1.46,0.493,0.285,0.311,1.153,0.792,0.94,0.721,0.878,3.797,1.602,3.456,0.654,1.179,4.136,1.501,3.817,2.104,1.879,2.927,3.277,2.14,0.596,,2.246,1.022,1.276,2.963,2.425,1.36
20150109,1,AQI,248,388,295,280,148,312,500,46,109,336,311,411,262,139,58,300,153,124,261,131,171,172,204,278,208,165,195,213,178,202,158,239,181,150,202,161,178,168,204,150,94,111,76,103,125,71,55,88,229,160,115,243,188,81,86,113,78,93,100,88,66,59,85,65,109,100,64,16,44,91,108,57,132,193,160,177,86,63,132,181,53,300,297,303,259,218,334,293,111,275,251,251,274,88,175,69,62,93,113,74,80,82,69,98,57,19,264,80,128,178,58,46,158,125,120,131,78,85,72,115,113,165,92,104,350,198,66,192,92,380,212,114,156,143,127,83,106,44,75,93,54,89,80,76,91,105,29,188,95,92,63,60,57,75,107,84,127,279,167,139,232,126,175,106,126,179,158,125,167,150,148,139,139,196,170,181,196,138,146,156,149,127,119,146,132,111,128,184,70,99,107,110,191,126,175,71,136,72,206,61,131,29,56,145,97,76,163,186,120,86,96,31,25,43,91,71,29,102,38,143,63,106,81,199,141,99,72,171,89,109,96,111,88,116,67,53,66,79,60,108,153,93,83,71,80,69,56,78,174,242,377,157,127,143,171,121,193,55,206,212,235,192,143,185,240,160,174,148,99,149,128,141,81,75,81,109,104,86,77,103,65,96,80,55,77,120,67,97,76,153,45,83,75,35,32,36,66,53,71,23,15,61,29,70,35,27,55,18,28,74,56,58,56,,36,42,91,113,50,38,40,171,117,87,65,177,156,64,72,108,70,71,109,78,326,,71,47,50,53,47,51,60,154,93,94,318,227,206,167,121,285,196,136,74,36,133,138,105,34,,129,82,87,203,207,96
20150109,1,PM2.5,197,300,244,229,113,254,535,22,81,285,260,325,211,106,19,250,116,93,210,99,129,130,153,227,157,125,146,162,134,151,120,188,136,115,151,122,134,127,153,115,70,83,55,76,94,51,38,65,178,121,86,192,141,59,63,84,57,69,75,65,47,35,62,37,81,75,45,11,9,47,80,34,100,145,121,133,45,22,100,136,35,250,246,252,208,167,247,242,83,224,200,200,223,65,132,49,41,69,84,53,58,60,49,73,29,13,213,48,97,134,27,20,120,94,90,99,57,62,52,86,84,125,68,70,299,148,39,144,53,329,161,78,118,109,96,61,79,29,54,69,31,66,58,55,67,78,20,77,69,50,38,32,30,27,52,57,96,228,126,106,181,95,132,79,95,135,120,94,126,115,113,106,106,147,128,136,147,105,111,118,114,96,80,111,100,83,97,138,50,74,67,82,143,95,132,41,103,52,155,43,99,6,32,110,72,55,123,140,90,63,71,18,8,27,67,25,14,67,26,109,41,79,59,149,107,74,52,129,66,81,71,83,65,87,48,36,47,42,42,80,116,69,61,51,58,49,36,57,131,191,326,119,96,109,129,91,145,35,155,161,184,144,109,139,189,121,131,113,65,114,97,107,59,54,59,81,77,63,56,76,46,71,58,20,56,90,48,72,55,116,31,61,54,21,17,22,47,31,51,14,10,43,15,50,24,10,38,2,19,53,39,40,15,,25,8,67,51,35,22,6,129,88,64,28,82,118,34,52,80,50,40,81,57,275,,36,25,34,36,26,29,42,117,69,70,267,126,155,126,77,232,102,103,53,6,101,105,59,18,,69,60,64,152,156,71
20150109,1,PM2.5_24h,145,158,170,138,88,191,351,31,65,150,130,192,263,76,82,165,50,98,175,77,106,133,86,159,122,91,141,148,99,128,116,112,114,86,127,72,104,99,122,81,60,76,50,63,107,35,35,56,116,54,157,159,130,48,46,59,42,50,53,50,36,31,55,41,73,74,54,43,12,60,66,47,73,202,115,110,84,27,106,85,30,160,194,149,149,131,160,188,53,99,147,167,119,34,112,45,39,58,61,43,44,44,38,56,25,33,180,43,90,108,53,70,81,78,81,76,90,40,37,91,80,118,65,77,206,215,66,133,73,211,163,71,99,91,83,50,68,35,45,80,51,63,65,58,65,57,34,66,65,56,39,59,43,25,94,71,86,135,81,70,81,54,79,67,55,78,88,38,66,65,114,79,87,114,88,98,105,92,92,102,83,77,103,91,85,57,88,129,36,88,36,76,123,108,96,40,69,64,51,49,70,16,33,68,70,69,95,103,84,41,117,21,8,22,47,21,25,46,27,87,24,90,52,118,97,56,49,94,81,79,62,84,56,74,35,35,37,30,33,63,95,57,56,46,60,45,41,37,81,147,269,142,94,118,128,101,137,49,138,154,186,115,103,119,98,113,123,135,76,96,91,107,60,49,50,58,55,41,46,61,47,69,52,18,52,74,55,65,68,97,51,66,46,21,16,43,86,41,51,27,48,50,23,74,32,18,47,28,27,45,43,40,36,,21,23,26,25,37,27,11,103,62,63,47,68,113,82,53,64,56,49,61,46,221,,42,30,67,32,23,32,37,61,81,40,179,75,185,78,41,212,72,48,27,13,104,129,54,42,,68,50,43,101,146,37
20150109,1,PM10,217,489,347,302,193,428,740,45,150,377,394,510,325,177,63,326,161,127,273,118,230,145,200,260,265,266,193,226,199,197,212,188,244,156,213,194,198,156,216,179,114,132,97,107,115,78,57,100,317,193,178,230,148,79,89,125,91,102,114,76,74,65,95,56,110,123,55,14,21,129,134,61,182,197,176,190,120,74,118,162,54,261,368,342,299,187,446,351,91,365,340,359,329,109,176,72,72,87,114,71,79,95,72,115,62,,299,108,127,181,64,45,172,141,152,152,77,87,69,87,130,177,123,155,442,259,80,215,131,421,225,176,142,140,121,88,99,35,89,83,55,105,77,77,85,116,,324,138,132,73,67,61,97,161,116,149,329,259,160,249,142,152,95,131,194,154,123,117,183,158,131,133,212,158,151,204,128,157,223,135,141,185,180,116,131,126,182,77,134,162,143,246,146,149,89,155,67,273,51,124,28,59,237,93,81,162,215,127,104,95,30,24,42,98,90,28,151,36,132,73,130,89,168,141,125,69,238,81,117,133,99,103,132,71,46,59,106,64,146,183,129,76,65,87,71,60,85,220,305,310,155,133,159,191,133,210,57,241,210,260,200,163,211,187,177,198,194,145,153,159,146,88,80,78,117,92,78,72,100,65,77,69,57,89,109,59,93,79,138,43,101,87,27,31,35,46,53,81,17,7,59,27,59,31,25,,7,25,15,46,,60,,34,19,46,173,43,30,11,152,158,78,78,301,180,75,86,117,54,89,135,94,327,,90,31,49,40,44,50,42,179,95,115,344,368,236,151,190,408,339,166,73,12,152,174,158,33,,206,76,99,121,217,102
20150109,1,PM10_24h,177,265,276,209,175,309,504,77,130,209,218,308,400,128,183,229,80,136,211,101,192,174,120,200,219,207,198,204,173,173,195,145,200,125,185,110,164,119,172,127,101,128,80,96,141,59,55,86,225,102,325,192,144,69,76,92,66,77,77,71,65,56,79,60,94,115,69,61,22,143,119,75,137,274,166,172,194,116,131,112,56,212,302,216,219,186,291,307,69,176,246,293,200,61,155,63,64,71,81,59,60,72,61,76,42,56,281,117,125,150,123,129,115,119,95,108,123,54,57,109,134,169,114,159,308,297,127,213,144,283,239,161,133,122,94,68,84,48,66,102,104,92,89,80,80,82,50,155,138,144,71,102,84,85,226,126,138,197,202,116,121,80,99,88,67,126,128,63,56,117,166,106,124,169,111,122,148,128,126,186,114,125,173,147,133,78,124,196,54,144,108,133,197,165,100,132,111,93,147,102,102,41,79,157,91,104,126,188,119,74,159,29,20,37,69,41,39,60,46,108,50,141,86,139,130,88,59,171,104,119,116,107,92,111,60,54,59,53,56,103,133,103,79,55,99,63,65,54,149,256,298,205,137,176,183,160,205,74,207,252,278,164,159,182,125,158,172,210,129,132,138,166,86,67,69,81,65,55,84,84,68,83,64,49,82,92,73,80,102,117,75,112,79,25,24,65,107,73,75,36,80,64,36,112,47,38,64,58,39,57,62,49,100,,43,54,79,92,47,40,21,115,118,87,110,186,172,136,94,115,97,135,112,82,297,,116,49,101,56,47,190,49,143,157,86,239,299,304,96,116,331,290,94,45,19,142,236,139,66,,176,70,65,118,213,58
20150109,1,SO2,64,151,245,107,61,124,214,33,38,58,185,203,198,263,26,229,57,62,139,43,40,45,97,59,61,46,71,59,36,50,51,70,44,23,47,28,30,24,57,15,11,22,17,9,26,9,12,29,80,72,121,28,31,22,11,20,24,20,38,34,18,19,27,6,15,13,21,7,5,37,40,17,177,78,39,38,27,19,110,69,11,113,99,89,112,166,386,54,45,126,78,68,107,43,202,29,14,14,27,13,12,27,40,11,16,3,86,68,133,220,99,73,110,49,134,91,26,42,32,48,28,40,56,123,210,76,131,76,73,35,50,21,66,7,36,16,37,2,22,16,46,20,16,6,13,21,9,36,24,59,14,21,117,18,151,8,16,199,125,157,103,95,82,46,164,50,55,24,25,43,48,43,11,27,56,32,70,29,27,19,28,27,13,27,11,87,19,20,35,75,154,160,80,52,143,26,56,17,147,17,31,17,9,149,39,68,68,138,30,18,17,17,19,3,27,6,14,15,41,31,29,31,32,25,53,9,4,10,41,37,20,23,14,26,9,19,21,33,8,15,17,23,20,74,69,33,110,67,169,145,87,67,15,13,35,22,31,24,37,40,32,49,11,58,9,69,43,63,37,63,43,13,84,30,15,37,19,14,15,23,12,12,5,17,9,16,14,14,6,16,9,8,51,2,9,28,18,71,7,9,16,35,13,8,31,8,7,7,8,10,18,8,4,,5,6,3,7,32,10,5,7,42,32,4,181,54,22,33,20,15,82,36,42,22,,13,21,11,3,18,2,13,40,86,16,110,10,32,27,50,83,26,52,10,22,44,55,37,5,,166,21,35,85,79,71
20150109,1,SO2_24h,54,127,216,116,111,117,231,51,73,46,155,163,266,210,105,280,74,86,213,43,43,58,46,82,83,38,64,53,42,46,52,55,52,26,60,27,57,45,65,20,19,39,26,26,25,10,12,32,116,54,135,37,38,20,12,18,18,23,24,25,17,20,21,9,14,10,29,12,5,42,45,27,155,78,36,34,61,18,166,74,14,195,116,111,94,216,253,115,45,154,132,120,78,27,150,30,15,15,24,13,12,17,37,13,23,23,113,74,138,216,106,164,110,76,138,131,57,55,31,43,29,49,51,99,151,94,100,121,70,63,73,30,43,14,30,16,36,2,17,19,52,27,18,18,19,17,38,31,37,84,22,35,182,35,168,11,21,182,142,102,56,86,66,51,60,54,50,24,32,45,44,61,11,37,57,41,51,54,42,38,37,26,21,30,20,108,17,37,22,81,137,180,78,116,138,29,59,26,58,45,32,32,27,170,56,76,66,199,63,25,70,34,22,3,23,8,13,20,44,33,38,35,29,33,80,18,8,15,40,60,20,38,26,30,11,27,24,26,12,15,31,41,36,55,64,47,39,55,144,151,96,106,33,21,62,36,46,36,50,51,37,37,22,25,21,55,57,65,41,61,65,36,54,25,14,36,15,12,19,16,12,19,11,18,13,12,21,11,26,10,11,10,53,2,10,32,22,101,15,16,17,30,27,27,34,8,14,37,12,13,21,28,18,,6,7,4,8,31,7,5,21,47,47,30,77,80,99,132,44,41,113,82,34,115,,39,25,33,8,17,2,27,28,60,23,66,11,43,26,52,73,31,38,18,23,38,51,35,8,,172,22,21,88,153,74
20150109,1,NO2,119,153,131,131,83,174,136,9,48,85,102,127,106,48,23,93,76,59,101,103,110,108,77,66,76,68,66,82,94,61,58,54,59,76,101,92,74,141,119,56,36,74,44,41,44,35,20,53,92,88,69,114,59,52,62,92,65,60,80,48,37,45,34,4,37,43,20,25,7,47,61,32,55,98,54,81,30,16,76,80,26,79,89,107,89,91,90,52,55,51,57,89,104,24,88,39,27,22,35,41,20,42,49,41,61,12,81,35,69,32,51,23,67,52,81,58,36,40,33,36,27,69,58,61,107,81,36,75,67,50,67,46,47,27,26,23,22,15,39,43,37,37,27,41,26,46,30,49,46,55,32,39,16,88,28,53,37,85,60,58,95,95,70,26,83,54,63,33,44,23,88,88,67,89,86,48,120,82,91,78,52,54,39,54,44,37,50,41,56,26,44,42,32,41,34,33,41,30,75,33,38,3,10,49,40,70,59,59,58,34,18,13,6,10,18,14,16,18,20,110,23,68,21,72,69,61,24,25,32,45,40,52,43,36,15,30,11,34,5,42,30,55,48,55,72,33,63,40,150,91,111,90,28,34,72,24,75,17,89,33,28,97,40,50,34,55,48,38,47,56,35,20,32,16,15,30,19,32,16,17,20,17,38,33,32,34,36,26,14,33,13,24,24,4,13,21,23,16,37,27,17,30,16,9,15,12,15,6,7,12,19,17,9,,45,7,2,9,28,15,7,33,85,19,35,36,70,31,25,60,42,17,32,56,130,,33,10,7,17,11,6,6,29,38,57,80,34,86,28,110,75,12,77,30,11,86,83,16,2,,58,28,36,58,41,46
20150109,1,NO2_24h,101,108,118,101,74,106,117,19,60,67,84,103,124,40,57,83,51,56,97,76,88,92,48,68,58,47,63,68,80,45,43,38,52,56,79,63,73,73,88,38,42,57,37,37,43,27,21,40,86,57,79,101,65,41,38,42,40,33,49,40,25,32,31,10,40,47,24,35,13,47,56,37,53,95,65,53,55,25,71,59,27,94,97,85,84,88,99,83,44,69,76,85,79,26,85,34,26,18,20,27,21,30,42,29,33,28,84,33,72,37,55,34,57,48,77,59,47,37,27,37,36,58,47,49,94,83,56,70,65,46,70,37,40,28,27,21,24,15,40,39,48,37,31,40,29,29,27,35,54,57,31,49,31,77,40,41,42,74,62,37,61,67,42,25,44,50,54,23,30,17,70,65,54,76,56,47,72,66,68,68,37,52,39,45,45,38,36,47,29,24,36,39,33,59,31,30,40,42,26,44,38,7,17,42,41,62,64,64,46,41,39,14,6,9,23,18,17,17,23,82,24,56,23,60,55,44,25,25,41,59,40,59,36,29,19,25,10,22,5,31,30,39,35,26,42,34,32,28,146,89,94,85,52,38,73,38,67,37,71,49,48,63,40,43,40,41,38,33,34,47,29,50,30,15,14,22,18,18,27,17,25,29,18,30,34,28,39,28,24,40,18,33,25,9,10,31,23,30,36,23,21,28,18,28,20,18,24,29,11,16,26,19,27,,36,10,6,9,26,9,8,34,68,25,41,30,64,41,36,60,51,28,37,46,138,,37,12,19,15,9,7,9,20,31,31,67,21,78,22,65,52,15,55,33,21,58,69,21,13,,53,27,28,51,41,27
20150109,1,O3,5,4,13,6,2,4,20,48,30,5,4,4,4,8,42,12,8,23,7,7,3,6,12,25,8,16,15,9,19,13,15,26,10,18,5,1,6,3,2,4,37,3,11,36,26,77,53,16,7,15,32,14,50,39,37,36,14,7,23,52,57,50,43,79,6,11,52,22,89,6,6,20,17,6,42,23,37,52,9,6,89,2,6,4,5,16,6,15,9,16,9,6,5,31,4,46,70,119,70,21,85,65,58,39,13,23,12,29,25,26,27,17,10,7,4,7,34,17,33,34,43,12,16,15,4,2,48,19,6,10,44,22,8,25,87,72,64,78,3,8,7,11,61,18,21,11,15,4,55,10,12,12,46,22,30,39,61,5,8,2,8,9,3,10,9,2,2,21,3,8,9,3,15,8,5,6,13,1,7,10,17,135,52,4,12,6,44,29,25,18,29,5,36,39,18,48,19,27,11,41,15,33,77,6,31,7,14,19,13,22,36,50,32,51,35,45,40,38,53,40,38,33,59,9,42,33,28,29,71,103,31,21,34,52,83,5,45,26,47,11,9,7,7,26,25,29,11,9,11,3,3,8,38,9,6,62,10,29,6,70,61,7,27,14,3,21,18,50,6,21,50,33,2,45,47,48,40,56,11,58,32,39,23,20,17,13,3,10,37,21,21,5,18,62,24,42,10,41,9,36,25,27,50,50,51,44,57,55,36,21,12,30,24,,25,85,33,81,52,59,72,9,7,13,20,5,10,31,32,13,26,64,10,6,15,,17,75,77,48,75,8,99,4,22,5,10,11,21,19,12,20,37,5,111,86,9,5,53,50,,3,77,47,3,7,6
20150109,1,O3_24h,16,26,20,30,17,15,33,71,45,15,39,36,13,38,51,37,49,60,30,70,69,61,86,50,81,90,68,82,78,65,67,98,51,74,86,91,53,67,71,98,75,94,106,106,63,104,85,75,41,63,62,104,75,110,122,124,112,85,109,142,116,130,86,94,21,51,62,55,97,46,58,58,68,22,65,89,54,66,53,42,116,23,60,71,32,33,29,80,58,42,91,24,45,68,34,103,134,137,144,109,133,129,113,175,116,26,50,68,48,45,60,33,50,52,40,46,65,58,79,59,78,45,74,75,21,32,75,102,46,44,98,105,27,54,95,109,99,107,41,44,37,51,71,75,28,58,70,53,94,70,58,49,85,94,83,84,71,24,33,52,55,63,58,55,60,43,29,65,48,58,65,67,83,81,75,97,63,53,81,69,77,92,101,82,44,32,108,52,108,39,102,44,80,64,46,95,60,54,123,72,52,49,92,39,58,53,68,40,65,47,52,65,40,63,48,66,56,62,67,60,55,76,80,81,122,94,51,70,105,126,67,71,109,65,87,79,95,97,90,85,56,78,93,95,102,123,115,86,24,34,43,54,97,68,62,113,62,57,94,102,106,113,94,95,17,111,85,142,84,87,77,95,60,80,79,93,68,142,34,133,44,77,74,98,50,71,32,45,64,68,54,22,62,76,45,79,32,56,51,54,45,56,72,79,54,73,99,56,48,22,77,70,97,,44,93,40,91,77,89,89,53,69,39,80,34,88,75,84,78,45,79,85,89,62,,82,110,88,109,108,28,129,12,61,61,49,37,39,20,60,63,57,63,143,92,72,41,90,89,,39,115,152,48,20,47
20150109,1,O3_8h,5,4,12,7,1,5,19,40,14,6,7,5,4,14,23,13,14,25,8,11,8,9,19,20,17,17,18,13,20,16,27,27,14,25,15,18,9,10,7,22,38,13,25,65,24,80,55,17,9,18,25,19,57,41,51,67,36,22,42,47,69,67,47,85,6,15,47,16,87,9,11,31,31,5,40,34,24,51,10,7,84,3,7,6,9,16,6,18,9,17,15,7,5,28,5,50,89,115,104,42,107,94,63,81,43,20,7,30,23,26,38,23,11,11,7,10,28,21,38,32,49,13,30,28,4,2,40,25,11,16,45,50,13,29,83,92,65,87,7,15,14,25,55,19,20,25,26,11,50,16,18,12,50,27,23,46,59,5,10,3,9,8,6,8,19,3,3,26,8,4,25,8,31,11,14,13,16,4,15,29,40,127,54,8,12,7,62,27,37,27,42,12,40,28,19,42,25,16,35,34,19,32,69,8,21,10,19,20,17,19,22,52,32,56,35,47,40,44,36,46,24,36,54,24,48,39,28,32,60,87,41,28,33,52,76,17,41,30,55,19,18,25,28,70,63,40,61,28,10,4,3,14,35,19,3,67,24,29,23,66,48,28,47,28,4,31,40,76,21,44,44,61,13,57,60,69,52,79,13,60,35,46,50,38,22,19,4,8,38,24,20,7,24,68,29,50,16,51,21,44,24,29,57,48,47,52,56,27,37,15,21,39,23,,35,82,35,82,55,74,78,20,12,20,24,8,19,23,29,16,22,51,19,13,16,,19,93,72,74,92,12,100,4,24,20,18,16,24,19,21,38,38,21,100,70,27,9,61,55,,6,77,69,4,8,13
20150109,1,O3_8h_24h,11,12,15,20,10,10,21,54,21,10,25,20,9,29,28,27,38,47,22,55,42,46,74,38,52,69,53,62,61,53,46,80,34,57,65,69,42,52,57,79,66,65,78,94,45,97,71,55,30,48,43,46,61,94,101,104,95,67,86,120,102,111,74,87,20,34,55,43,90,27,36,46,58,13,49,67,37,59,35,29,89,15,30,36,23,27,18,51,52,34,45,16,28,60,38,97,117,119,126,91,118,114,100,145,94,21,40,55,35,33,55,26,36,39,33,33,52,43,67,48,53,30,60,48,13,19,58,75,33,33,76,78,24,44,89,100,88,98,23,33,24,39,62,34,26,55,70,30,77,47,42,30,71,72,39,61,61,28,24,34,43,48,48,42,69,31,25,58,44,48,56,54,64,70,61,57,53,36,61,50,67,157,74,56,27,25,92,40,83,34,77,29,65,45,32,85,46,41,80,64,34,43,87,29,44,40,48,33,34,34,47,62,36,60,42,60,51,58,65,52,45,53,65,60,83,69,39,44,81,98,51,54,64,56,79,69,83,88,80,64,43,64,62,89,88,80,93,71,17,18,28,39,75,50,41,93,41,44,63,79,75,72,82,71,11,66,70,117,68,74,59,80,42,67,72,81,55,106,26,119,41,62,70,75,39,65,26,33,48,49,31,13,51,69,40,67,29,51,44,50,41,52,65,73,50,66,66,47,52,25,51,68,59,,38,84,38,87,70,83,84,40,44,34,52,28,56,57,64,58,36,69,58,64,41,,59,108,75,100,105,15,121,9,51,53,35,32,35,19,41,52,50,50,129,77,52,28,73,68,,24,102,119,34,15,42
20150109,1,CO,4.383,7.545,5.743,3.512,3.077,6.073,8.82,0.945,2.037,4.688,5.931,5.918,7.294,3.525,1.667,2.893,1.553,1.409,1.749,1.526,2.03,2.185,1.464,1.609,3.042,2.085,2.104,2.518,1.642,1.607,1.501,1.774,1.76,1.644,1.507,1.799,1.301,1.641,1.677,1.292,1.308,1.254,1.512,0.791,1.025,0.637,0.691,1.076,2.182,1.936,1.537,2.149,1.257,1.283,1.424,1.697,1.427,1.634,1.717,1.169,1.178,1.188,1.112,6.427,1.256,1.13,0.618,1.178,0.672,2.6,2.988,1.542,1.648,3.42,1.398,1.358,1.45,0.477,3.33,3.795,0.71,2.299,3.58,3.28,2.924,3.479,3.976,1.947,1.941,2.474,1.651,3.098,3.719,0.924,2.113,1.082,0.685,1.697,1.148,1.087,1.206,1.336,1.412,1.308,1.704,1.291,1.936,2.938,4.845,4.893,1.387,0.985,2.969,2.21,3.261,3.198,1.157,1.666,1.12,1.239,1.467,2.464,1.262,1.811,6.242,2.157,1.781,1.613,2.339,2.209,1.648,2.68,1.901,3.025,0.998,1.715,1.213,0.981,1.096,0.847,1.8,0.484,1.019,0.832,0.845,0.788,1.931,1.572,1.705,4.741,1.755,1.08,1.395,0.586,1.127,2.228,0.766,4.687,3.638,3.602,2.945,2.624,2.595,1.711,3.666,2.159,3.259,1.448,2.926,2.311,1.52,2.101,1.398,2.05,1.893,1.59,1.75,2.003,1.902,0.764,1.656,1.237,1.443,1.547,2.166,1.217,1.235,2.352,0.657,1.455,1.473,3.051,4.164,3.274,3.683,1.067,2.245,1.395,3.906,0.92,1.938,0.373,1.663,2.918,1.197,1.446,1.792,2.91,2.477,0.934,0.65,0.546,0.935,1.436,0.731,0.284,0.812,0.691,0.545,1.142,0.542,1.444,1.016,1.677,2.177,2.869,0.585,1.606,0.843,1.079,0.911,1.337,0.892,2.4,0.656,0.985,1.301,1.493,0.834,1.089,1.426,1.582,0.816,1.805,0.995,1.027,1.138,0.811,3.332,5.657,2.361,1.661,1.456,2.782,1.721,0.754,2.97,0.509,3.228,1.535,2.146,3.218,2.024,3.445,1.741,1.605,1.759,2.025,6.498,1.678,0.942,1.12,0.779,1.06,1.516,1.429,1.504,1.231,0.885,1.066,0.968,0.884,1.264,0.759,0.639,0.604,1.156,0.659,0.879,1.699,0.721,1.153,0.73,0.403,0.384,0.641,1.116,1.258,1.979,1.335,1.139,0.88,0.653,0.704,0.595,1.281,1.461,0.27,0.659,0.988,0.816,0.685,0.576,,1.688,0.056,0.699,1.381,1.979,0.737,0.277,2.378,3.572,1.908,2.791,2.069,1.922,1.336,1.022,6.241,1.07,2.625,2.065,1.261,1.906,,1.276,1.338,0.056,0.317,0.422,1.445,0.504,2.243,0.764,1.708,5.681,2.148,3.277,1.452,4.572,5.308,1.401,6.528,2.34,1.611,3.317,3.93,2.16,0.377,,2.959,0.882,1.033,4.3,2.853,2.472
20150109,1,CO_24h,3.33,4.04,4.406,2.825,2.91,3.794,7.192,1.251,2.888,2.755,3.497,3.604,7.124,3.127,3.477,2.186,0.918,1.509,1.672,1.163,1.619,1.629,1.169,2.114,2.586,1.438,1.753,1.909,1.476,1.374,1.544,1.473,1.953,1.312,1.424,1.147,1.172,1.407,1.356,1.058,1.185,1.361,1.414,0.918,1.293,0.703,0.833,1.072,2.091,1.231,2.655,2.112,1.446,1.396,1.445,1.657,1.321,1.608,1.637,1.184,1.305,1.359,1.169,1.573,1.19,1.024,0.822,1.276,0.739,2.345,2.748,1.65,1.548,3.987,1.6,1.52,2.21,0.589,2.63,2.757,0.816,2.464,3.405,2.616,2.587,3.58,3.657,1.907,1.471,1.958,2.449,2.963,2.204,0.837,2.201,1.185,1.105,2.072,1.34,1.488,1.471,1.539,1.452,1.463,1.711,1.864,2.156,2.542,4.437,4.501,2.071,1.452,2.106,1.92,2.721,2.176,1.419,1.335,0.783,1.183,1.498,2.14,1.348,2.412,3.825,2.523,2.158,1.751,2.103,1.728,1.903,2.552,1.741,3.076,0.989,1.788,1.295,0.973,0.918,0.841,2.496,0.526,1.045,0.799,0.894,0.664,1.773,1.382,1.808,4.881,1.836,1.413,1.483,0.802,1.585,2.1,1.394,2.683,3.119,1.83,1.695,1.368,1.593,1.189,3.09,1.956,2.255,0.797,1.671,1.408,1.17,2.145,1.108,1.459,1.737,1.23,1.157,1.961,1.661,0.69,1.061,1.1,1.394,1.495,2.043,0.952,1.054,2.895,0.951,2.058,1.179,2.97,4.39,3.069,3.644,0.686,1.08,1.369,0.862,0.928,1.366,0.338,1.792,2.239,1.058,1.474,1.58,3.004,2.304,0.901,1.146,0.529,0.786,0.883,0.687,0.441,1.092,0.325,0.614,1.114,0.779,1.475,0.942,1.566,2.213,2.04,0.591,1.476,1.4,1.348,0.95,1.498,0.857,2.247,0.651,1.259,1.369,1.59,0.884,1.052,1.44,1.524,1.042,1.644,1.068,1.097,1.347,0.842,2.249,3.846,2.074,2.102,1.639,2.66,1.594,1.322,2.834,0.724,3.107,1.84,2.983,2.411,2.363,3.425,0.942,1.528,1.711,2.094,5.417,1.348,0.888,1.702,0.829,1.703,1.721,1.498,1.569,1.402,1.225,1.189,1.141,0.977,1.214,0.896,0.869,0.536,0.971,0.536,1.199,1.355,1.099,1.415,0.718,0.487,0.283,0.744,0.904,1.259,2.003,1.207,0.968,0.952,0.872,0.89,0.496,1.492,1.708,0.743,0.694,1.16,0.945,0.917,0.9,,1.361,0.287,0.706,1.3,1.329,0.734,0.34,2.093,3.774,1.936,3.214,1.697,1.599,2.396,1.12,6.557,1.306,3.064,1.898,1.32,2.118,,1.918,1.45,0.48,0.285,0.318,1.16,0.791,1.005,0.736,0.916,3.81,1.576,3.461,0.689,1.186,4.118,1.459,3.953,2.098,1.857,2.961,3.331,2.154,0.57,,2.293,1.012,1.261,3.028,2.462,1.42
20150109,2,AQI,215,390,298,265,157,308,500,42,97,364,270,390,231,128,43,309,148,113,241,131,168,182,189,284,214,162,207,216,174,204,167,263,185,150,205,156,177,184,200,144,97,110,75,100,127,74,61,78,226,168,118,235,191,75,86,105,77,91,104,87,67,62,85,54,109,104,59,14,44,90,111,52,115,189,168,178,84,63,137,167,55,292,313,306,269,193,317,319,117,272,250,287,269,96,170,66,63,99,106,75,72,85,69,99,58,19,261,76,124,170,66,48,144,120,126,99,80,91,70,165,106,170,91,103,371,170,64,191,112,362,217,117,143,131,127,85,109,43,74,93,67,94,85,80,91,98,26,106,89,85,61,66,41,68,106,76,125,277,164,174,234,146,202,117,128,150,148,114,150,119,150,138,147,192,160,164,208,130,153,146,168,120,119,153,124,105,130,191,67,110,102,105,170,131,215,69,144,77,205,46,124,26,55,138,89,69,149,174,117,86,82,33,17,52,99,55,28,78,29,164,39,99,80,192,138,94,66,167,91,110,92,113,80,111,72,53,65,76,61,99,139,88,81,72,82,65,60,77,171,222,377,149,126,147,168,105,200,54,199,234,235,196,135,182,232,165,175,153,100,156,124,136,81,75,80,104,99,86,81,104,64,98,78,52,72,115,75,81,70,148,48,77,74,34,26,38,65,52,66,22,26,60,28,64,33,26,53,17,30,40,46,61,55,,33,42,45,66,46,38,38,146,103,85,64,129,160,71,67,86,78,66,76,82,280,,67,45,47,56,50,39,54,111,69,79,234,165,211,139,135,274,165,119,64,37,175,168,112,27,,128,85,93,193,213,77
20150109,2,PM2.5,164,312,247,214,119,257,474,18,72,313,219,320,180,97,10,258,113,84,190,99,127,137,142,233,163,119,156,165,131,153,126,212,139,115,154,118,133,138,150,110,72,82,53,75,96,53,43,57,175,127,86,184,143,54,63,78,56,67,77,64,47,34,62,37,81,77,41,6,9,46,83,29,86,142,127,134,42,21,104,126,38,241,262,255,218,145,242,268,88,221,199,236,218,71,128,47,37,74,79,54,52,62,49,74,28,13,210,44,93,128,34,23,110,90,95,68,58,67,50,125,79,128,67,68,320,128,39,143,63,311,166,85,109,99,96,62,81,30,53,69,30,70,62,58,67,73,18,79,59,43,33,38,22,22,62,51,94,226,124,131,183,111,151,88,97,115,113,85,115,89,115,105,112,144,121,124,157,98,116,111,127,90,81,116,93,78,98,143,48,82,59,78,128,99,164,42,110,56,154,32,93,8,31,99,66,49,114,131,88,63,60,23,9,32,74,16,15,57,20,124,17,74,58,144,105,70,47,126,67,82,68,84,58,83,52,36,46,47,43,74,106,64,59,52,60,46,40,56,129,171,326,114,95,112,127,78,150,37,149,183,184,147,102,137,181,125,132,116,69,118,93,103,59,54,58,77,74,63,59,77,45,73,57,22,52,86,54,59,50,113,32,56,53,21,18,25,46,33,47,13,18,42,15,45,23,11,36,2,21,28,32,43,18,,23,8,31,29,32,26,7,111,73,62,25,80,121,51,48,63,57,40,55,60,229,,41,21,26,39,27,21,37,83,43,53,183,111,160,106,90,223,72,89,45,5,132,127,67,13,,69,62,69,145,162,56
20150109,2,PM2.5_24h,148,170,174,143,90,196,354,31,66,162,134,200,263,74,78,171,53,95,179,80,108,133,89,164,125,93,142,150,101,128,117,117,117,88,129,75,106,102,124,83,61,76,50,65,106,36,35,56,120,58,154,161,130,48,47,60,43,51,54,51,37,31,56,40,73,74,54,39,13,59,69,46,71,199,116,110,80,27,106,88,30,166,197,155,155,135,164,193,56,104,151,170,125,36,116,45,40,58,61,44,45,44,39,58,25,32,183,43,91,108,50,67,83,79,82,77,89,42,38,95,80,118,65,75,211,211,64,133,73,217,162,71,100,92,84,51,69,34,45,78,49,63,63,57,65,58,33,66,64,55,38,60,43,25,92,70,88,143,82,75,86,57,84,70,58,82,90,41,70,69,114,81,87,113,91,100,107,93,92,102,86,80,102,93,86,58,87,128,36,87,37,75,122,107,100,40,71,64,56,48,72,16,32,71,71,67,96,107,86,43,117,21,8,23,49,21,25,46,28,91,24,89,52,120,98,57,50,96,79,79,62,84,57,75,36,36,37,31,34,63,95,58,56,46,60,44,41,39,84,148,276,139,94,117,128,99,138,48,139,156,184,116,103,120,102,114,123,132,75,97,91,106,60,49,51,59,57,43,46,63,47,69,51,18,52,75,52,62,67,98,49,66,47,21,16,43,84,40,51,26,47,50,23,73,31,18,47,23,26,44,43,40,35,,21,23,27,25,36,27,10,104,60,62,46,69,112,79,53,65,56,49,59,46,218,,42,29,66,31,23,30,37,62,81,41,178,74,185,79,41,203,74,50,27,13,105,126,54,40,,69,51,44,103,149,38
20150109,2,PM10,188,491,358,286,240,416,620,41,137,375,334,491,278,173,42,339,157,115,246,122,220,162,181,278,258,272,213,234,195,216,214,238,250,154,217,185,192,165,219,169,114,130,97,107,115,80,66,89,324,202,184,212,145,67,89,110,85,101,109,71,82,71,97,51,113,124,51,13,20,127,129,52,146,164,183,189,115,74,125,163,56,280,390,354,297,179,432,377,87,354,342,408,320,105,174,61,74,96,117,71,82,103,69,103,63,,289,100,128,173,80,47,156,135,172,146,79,101,67,136,127,185,113,154,461,231,76,222,171,398,232,182,142,128,119,91,105,36,86,90,81,108,79,96,88,102,19,155,126,117,70,80,38,84,160,99,146,320,267,217,260,170,184,94,135,168,134,128,160,130,163,123,142,210,154,147,207,136,161,212,148,131,185,197,115,90,137,186,71,134,151,138,223,157,147,86,161,75,275,43,109,25,57,224,96,70,147,211,121,103,81,25,16,51,108,57,27,62,28,144,38,122,92,169,135,112,70,233,81,108,129,98,102,135,77,50,52,100,61,133,144,123,79,68,94,65,68,83,206,279,290,145,125,172,172,113,221,55,234,230,251,201,158,207,187,185,198,202,147,154,152,152,91,78,79,114,89,83,80,106,63,80,75,52,83,97,71,84,84,140,47,92,82,30,23,37,52,52,75,16,10,56,27,38,27,25,,9,22,31,42,,58,,21,18,24,80,41,25,10,159,153,74,76,206,171,66,68,102,72,79,93,84,266,,81,26,46,49,49,38,43,159,86,105,261,277,247,129,218,326,277,142,,8,185,,172,21,,203,74,101,168,203,78
20150109,2,PM10_24h,182,284,282,216,179,320,507,76,131,221,225,321,399,126,177,237,85,133,218,104,195,173,125,204,220,211,199,206,174,173,198,150,206,128,188,115,166,122,175,131,103,129,81,98,139,61,56,86,230,108,316,192,142,69,78,93,67,79,78,72,66,57,80,59,96,114,68,58,22,142,121,75,135,272,167,172,189,110,131,115,57,216,308,224,226,189,297,312,72,184,251,298,209,65,160,64,65,71,82,60,61,74,62,79,43,55,284,117,126,150,118,124,118,119,98,111,121,56,59,112,134,170,115,158,315,296,123,212,146,290,236,161,133,123,95,68,85,47,67,95,102,93,88,78,81,82,50,155,139,145,71,103,83,85,223,125,140,207,204,123,128,85,105,90,72,131,129,67,63,118,166,108,123,168,115,126,150,129,128,186,117,127,174,151,134,80,123,192,55,142,110,133,197,162,102,128,114,94,153,100,103,41,74,162,92,102,127,192,121,76,160,29,20,38,73,41,39,60,47,113,50,140,86,141,131,90,62,176,101,118,115,107,93,114,62,54,59,56,57,105,134,104,79,56,99,63,65,56,153,258,301,201,137,176,184,156,206,73,208,250,275,165,159,183,126,159,172,208,129,133,139,168,87,68,70,83,67,56,83,85,67,83,64,47,82,93,68,78,101,118,73,112,79,25,24,65,105,70,76,35,79,64,36,111,46,38,64,52,39,52,61,49,98,,43,53,81,92,46,39,20,118,126,87,111,186,172,133,93,114,96,132,110,81,292,,115,48,99,56,47,181,48,141,153,86,239,293,303,97,117,328,294,97,45,19,145,236,137,62,,180,71,67,121,215,59
20150109,2,SO2,53,161,226,106,67,121,181,25,36,59,157,179,196,254,25,259,54,60,126,36,40,44,120,60,58,50,68,57,33,53,49,67,56,22,46,31,39,29,80,14,11,20,15,9,24,9,15,12,112,78,126,27,32,20,12,17,22,25,35,37,18,20,28,8,17,11,15,8,4,31,31,16,143,78,35,38,21,13,121,83,10,112,97,100,91,204,265,70,65,203,144,79,91,68,269,29,18,18,20,9,11,27,42,20,15,3,79,38,154,200,139,84,114,56,133,78,21,34,35,36,21,29,265,108,204,66,137,95,61,36,49,17,29,9,37,22,43,2,20,15,36,19,16,5,14,16,10,33,19,51,18,21,120,24,213,3,14,150,109,163,92,99,79,47,170,38,52,26,24,42,40,39,12,46,62,31,82,28,28,23,25,24,10,26,8,81,18,20,38,82,155,169,68,41,116,26,46,15,118,19,25,19,10,121,37,76,60,100,26,15,36,28,19,3,30,6,11,19,37,34,24,30,25,28,54,7,5,9,39,37,19,27,14,20,11,19,19,41,7,17,18,30,18,78,84,37,115,76,165,124,74,57,16,13,33,20,36,21,42,55,33,31,9,23,18,54,42,73,31,77,46,27,75,29,16,55,19,15,10,28,13,13,5,17,8,13,12,12,6,12,9,8,49,2,11,96,20,69,7,6,16,27,10,5,30,8,10,7,8,11,18,6,5,,4,5,4,6,38,10,5,6,32,30,3,143,44,22,20,15,12,47,25,25,24,,14,22,10,3,17,2,13,21,37,12,86,5,30,27,44,66,28,47,9,19,36,46,37,5,,165,21,32,94,62,60
20150109,2,SO2_24h,54,131,218,116,111,119,230,51,73,47,158,166,266,206,102,284,74,86,215,43,43,57,50,82,82,39,65,53,43,46,53,57,53,27,59,28,56,45,66,20,19,38,25,27,25,10,13,32,117,56,137,37,38,20,12,18,18,23,25,26,17,21,22,9,14,10,29,12,5,42,44,27,154,79,37,34,58,18,167,76,14,194,116,112,94,221,254,114,47,160,131,120,80,29,161,30,16,15,23,13,12,18,38,14,23,21,112,72,140,218,105,161,113,77,141,132,57,54,32,43,29,49,51,99,155,95,102,120,71,63,72,29,43,14,30,16,37,2,17,18,53,26,18,19,18,17,36,32,38,84,22,35,186,36,172,11,21,186,141,107,58,88,68,52,67,53,51,25,32,44,45,62,11,37,58,41,52,53,42,37,37,27,21,30,20,110,18,37,23,80,139,177,78,111,138,30,59,26,63,43,32,32,27,172,56,78,67,199,63,26,68,34,22,3,23,8,13,20,44,34,38,35,29,33,80,18,8,15,41,59,20,36,26,30,11,27,23,28,13,15,31,42,36,56,64,47,42,55,149,152,97,104,32,22,62,35,46,35,50,51,37,37,22,25,21,55,57,65,41,61,64,36,56,26,14,36,15,12,19,17,12,18,11,18,14,12,19,11,25,10,11,10,53,2,10,35,23,94,15,15,17,29,25,26,34,8,14,36,12,13,21,27,17,,6,7,4,8,32,7,5,21,40,46,30,79,79,99,132,44,40,114,82,33,114,,39,24,33,8,17,2,27,28,61,23,66,11,43,26,51,73,28,39,17,22,38,50,36,8,,176,22,21,90,152,75
20150109,2,NO2,101,153,126,136,76,158,134,7,43,86,100,126,100,49,22,86,73,57,93,104,104,105,76,65,70,68,65,79,91,61,51,52,57,71,94,82,72,90,118,50,36,66,36,47,44,32,19,22,100,89,69,109,63,42,47,79,62,60,82,41,36,43,34,3,36,40,20,14,8,45,61,37,48,97,61,68,22,14,75,81,24,95,105,93,84,77,100,75,56,82,83,91,97,40,96,35,26,32,36,35,19,49,46,38,54,14,74,20,70,33,53,21,69,50,80,55,33,36,32,31,33,63,59,60,107,78,35,73,65,48,83,43,37,26,22,21,25,13,35,41,31,39,26,41,21,41,25,46,43,50,31,46,18,88,32,47,30,73,57,62,95,96,70,27,83,49,61,29,39,21,92,84,68,94,84,48,112,79,87,75,53,51,36,50,37,37,58,44,46,26,41,40,30,46,32,36,35,39,68,53,31,5,10,46,37,64,52,56,53,36,20,15,5,15,18,11,14,29,22,124,21,66,19,72,66,55,22,25,31,43,40,46,37,33,17,29,10,33,5,40,26,47,41,39,63,29,57,40,142,97,106,88,35,37,67,23,78,16,80,51,27,94,39,42,30,48,45,48,42,51,28,40,29,14,14,29,18,32,26,16,17,26,24,28,29,31,33,25,13,30,12,20,26,5,9,20,23,16,32,25,17,22,16,14,11,9,15,6,5,11,11,8,32,,38,4,2,8,29,12,7,29,79,17,32,35,65,30,18,55,44,13,30,52,142,,40,11,6,17,8,6,9,23,20,47,76,26,82,26,99,59,13,75,34,6,88,82,15,3,,58,34,46,58,38,42
20150109,2,NO2_24h,102,112,118,103,75,110,119,19,59,69,84,105,124,40,56,84,53,56,98,79,89,93,50,67,58,48,62,68,80,46,44,39,52,57,80,65,74,74,90,39,43,57,37,37,43,28,21,41,87,60,78,102,65,41,39,44,41,34,51,41,26,33,31,10,40,47,24,33,12,47,63,37,51,95,65,53,54,25,71,60,26,94,98,86,84,89,99,84,46,71,76,86,81,28,88,34,26,19,21,28,21,31,42,31,34,26,84,32,72,37,54,34,58,48,78,59,47,38,27,37,36,58,47,49,95,83,54,70,65,47,70,37,40,28,28,21,24,15,40,38,47,37,31,40,29,30,27,35,54,57,31,49,31,79,39,41,41,75,61,39,63,69,44,26,46,51,55,23,31,18,70,66,55,77,58,47,74,67,69,68,37,53,39,46,45,38,36,46,30,24,36,39,32,58,31,31,40,42,29,44,38,7,17,43,41,62,64,64,48,42,39,15,6,10,23,18,17,19,24,85,24,56,22,61,56,45,25,25,41,59,40,58,36,29,19,25,10,23,5,32,30,39,35,27,43,34,33,28,147,89,95,85,50,38,72,37,68,36,72,48,46,64,40,43,40,42,38,33,34,48,29,31,30,16,14,22,18,19,27,17,24,29,19,29,34,29,38,28,24,40,17,33,25,9,10,30,23,27,37,23,21,28,19,27,20,17,23,27,11,16,25,19,27,,36,9,6,10,25,9,8,34,73,25,41,30,65,41,36,60,51,28,37,46,137,,37,12,19,14,9,7,9,20,31,31,67,21,79,21,65,52,14,55,32,20,60,70,22,12,,54,28,29,51,41,28
20150109,2,O3,6,3,14,7,1,3,21,50,30,5,4,5,4,8,42,12,8,23,7,24,4,6,12,23,9,15,13,9,18,13,20,22,8,17,5,1,6,3,2,6,33,3,12,21,23,72,53,9,7,15,31,12,40,44,42,41,14,6,19,60,60,50,42,88,5,11,48,41,86,7,9,16,19,4,33,30,43,51,9,7,89,3,45,5,5,15,5,15,9,15,8,4,5,34,5,47,71,89,63,22,81,53,46,37,13,21,12,39,24,27,24,18,6,7,4,7,36,19,33,36,41,13,19,14,3,2,44,16,5,10,24,22,7,22,93,70,62,80,3,8,7,10,61,16,20,10,15,5,55,9,11,7,46,20,25,39,65,5,9,2,7,9,3,10,9,2,2,27,4,9,2,3,14,9,5,6,13,2,7,10,19,135,67,3,11,6,38,23,32,14,33,4,38,33,18,42,19,22,8,21,22,32,76,5,32,12,15,19,15,16,32,44,32,44,33,47,44,40,55,36,43,39,57,12,45,24,28,32,66,101,28,28,39,51,81,4,42,23,47,9,7,10,6,35,25,20,10,10,8,3,2,7,29,9,5,60,6,35,4,50,58,5,25,15,3,22,14,37,7,21,47,35,2,46,49,45,39,57,4,58,33,34,36,20,20,13,2,7,37,16,23,7,15,54,28,44,9,39,10,32,25,36,46,41,57,50,58,52,37,22,17,50,7,,28,86,33,79,54,59,66,9,6,10,21,3,10,34,43,16,24,65,12,5,8,,8,69,79,47,63,7,87,5,32,14,7,14,22,20,13,24,38,5,106,93,8,6,54,48,,2,65,36,3,7,8
20150109,2,O3_24h,18,26,20,30,17,15,33,71,46,15,39,36,13,38,52,37,48,60,30,73,69,61,86,50,81,90,68,82,78,65,67,98,51,74,86,91,53,67,71,98,75,94,106,106,63,104,85,75,41,63,63,104,75,110,122,124,112,85,109,142,116,130,86,96,21,51,62,55,97,46,53,58,68,22,65,89,54,66,53,42,116,23,59,71,32,33,29,80,54,42,91,24,45,68,34,103,134,137,144,109,133,129,113,175,116,26,50,68,48,45,60,33,50,52,40,46,66,58,79,59,78,45,74,75,21,32,75,102,46,44,98,105,27,54,96,109,99,107,41,46,37,51,71,75,28,58,70,53,94,70,58,49,84,94,83,84,72,24,33,52,55,63,58,55,59,43,29,65,48,58,65,67,83,81,75,97,63,53,81,69,77,92,101,82,44,32,108,52,108,39,102,44,80,64,46,95,60,54,123,72,52,49,93,39,58,53,68,40,65,47,51,65,40,63,48,66,56,62,67,60,55,76,80,81,122,94,51,70,105,126,67,71,109,67,87,79,95,97,90,85,56,78,93,95,102,123,115,86,24,34,43,54,97,68,62,113,62,57,94,102,106,113,94,95,17,111,85,142,84,87,77,87,60,80,79,93,68,142,34,133,44,77,74,98,50,67,32,45,64,68,54,22,62,76,45,79,32,56,51,54,44,56,72,79,57,73,99,56,48,22,77,70,97,,44,93,40,91,77,89,89,53,62,39,80,34,88,75,84,78,45,79,85,89,62,,82,110,88,109,108,28,129,12,61,61,49,37,39,20,60,63,57,63,143,93,72,41,90,89,,39,115,152,48,20,47
20150109,2,O3_8h,5,3,13,7,1,5,21,42,17,6,7,5,4,12,26,12,11,24,8,11,5,7,14,21,13,17,16,11,18,14,25,24,11,22,11,12,7,6,2,18,36,7,18,55,23,78,53,15,9,16,25,16,54,36,43,58,27,15,34,41,64,59,44,85,6,11,47,18,86,8,11,26,26,4,38,28,27,50,10,7,84,3,12,5,9,16,6,17,8,17,13,6,5,27,4,45,83,109,95,34,100,85,57,66,33,20,8,29,23,25,34,22,10,10,5,9,29,21,35,33,48,12,25,24,4,2,39,21,9,14,39,43,11,27,84,88,63,84,4,15,12,20,56,16,20,20,22,7,50,14,14,9,47,23,23,44,60,5,10,3,8,8,5,8,18,2,2,25,6,4,19,5,27,9,8,11,14,1,12,28,36,128,55,5,12,7,56,26,33,25,36,10,37,26,19,38,24,16,24,31,20,32,68,7,27,9,18,20,16,20,22,50,32,54,35,46,41,44,39,44,28,34,55,20,45,35,27,27,60,91,37,28,32,52,77,11,37,21,52,15,14,18,20,63,54,33,51,21,10,4,3,11,31,15,3,64,19,29,15,63,46,19,39,25,4,26,33,66,14,38,42,52,8,52,56,63,50,74,10,58,34,44,48,32,20,17,4,6,37,22,20,6,20,66,28,48,14,48,16,43,24,30,55,45,50,49,54,28,38,17,16,38,17,,33,82,35,81,53,70,75,15,7,18,20,5,13,22,26,12,20,51,15,10,11,,14,88,73,67,86,9,95,4,24,16,14,14,22,19,16,33,37,15,96,72,21,6,57,53,,5,74,61,4,8,12
20150109,2,O3_8h_24h,11,12,15,20,10,10,23,54,23,10,25,20,9,29,29,27,38,47,22,55,42,46,74,39,52,69,53,62,61,53,46,80,34,57,65,69,42,52,57,79,66,65,78,94,45,97,71,55,30,48,44,46,61,94,101,104,95,67,86,120,102,111,74,87,18,34,55,43,90,27,34,46,58,13,49,67,37,59,35,29,89,15,30,36,23,27,18,51,52,33,45,16,28,60,34,97,117,119,126,91,118,114,100,145,94,21,40,55,35,33,55,26,36,39,33,33,52,43,67,48,53,30,60,48,13,19,58,75,33,33,76,78,24,44,89,100,88,98,23,36,24,39,62,34,26,55,69,30,78,47,42,30,71,70,39,61,61,25,24,34,43,48,48,42,67,31,25,58,43,48,56,54,64,70,61,57,53,36,61,50,67,157,74,56,27,25,92,40,83,34,77,29,65,45,31,85,46,41,80,64,34,43,87,29,44,40,48,33,34,34,46,62,37,60,42,60,51,58,65,52,45,53,66,60,83,69,39,44,81,99,51,54,64,57,79,69,83,88,80,64,43,64,62,89,88,80,93,71,17,18,28,39,75,50,41,93,41,44,63,79,75,72,82,71,11,66,70,117,68,74,59,73,42,67,72,81,55,106,26,119,41,62,70,75,39,65,26,33,48,49,31,13,51,69,39,67,29,51,38,50,41,52,65,72,52,66,66,47,46,24,51,66,59,,38,84,37,87,70,83,84,40,44,32,52,28,56,57,64,58,36,69,58,64,41,,59,108,75,100,105,15,121,9,51,53,35,32,35,19,41,52,50,50,129,78,52,28,73,68,,24,102,119,34,15,42
20150109,2,CO,3.558,7.749,6.106,3.856,3.205,4.086,8.957,1.006,1.796,3.939,5.06,4.047,7.473,3.587,1.576,3.037,1.594,1.339,2.001,1.751,1.972,1.979,1.413,1.605,3.245,2.009,2.302,2.573,1.676,1.53,1.573,1.963,1.667,1.562,1.508,1.635,1.141,1.503,1.714,1.231,1.313,1.272,1.462,0.854,1.066,0.651,0.684,0.639,2.879,2.033,1.543,2.154,1.295,1.196,1.354,1.57,1.386,1.601,1.718,1.132,1.139,1.179,1.091,1.021,1.219,1.139,0.601,0.925,0.673,2.674,3.259,1.778,1.62,3.542,1.399,1.285,1.16,0.463,3.857,3.462,0.724,2.278,3.804,3.459,2.978,3.617,3.59,2.173,2.082,3.86,2.476,3.696,3.166,1.03,2.009,1.041,0.658,1.733,1.12,1.05,1.148,1.295,1.382,1.313,1.658,1.311,1.966,2.473,5.633,5.002,1.293,1.174,3.031,2.161,3.443,2.439,1.109,1.524,0.999,1.204,1.4,2.763,1.399,2.039,6.721,2.189,1.815,1.485,2.202,2.051,1.841,2.659,1.688,3.008,0.965,1.693,1.256,0.943,1.092,0.819,1.71,0.445,0.986,0.82,0.831,0.821,1.934,1.509,1.643,4.475,1.819,1.323,1.526,0.693,1.244,2.187,0.748,4.114,3.169,3.896,2.767,2.622,2.729,1.486,3.759,2.397,2.821,1.213,2.912,1.854,1.446,2.074,1.295,2.093,1.903,1.62,1.895,1.903,1.929,0.852,1.402,1.155,1.447,1.585,2.081,1.286,1.253,2.328,0.621,2.204,1.549,4.03,4.056,2.916,3.782,1.214,2.239,1.945,2.948,1.258,1.577,0.387,1.747,2.922,1.131,1.175,1.5,2.779,2.475,1.005,0.708,0.568,0.982,1.833,0.777,0.208,0.789,0.929,0.413,1.351,0.499,1.441,0.898,1.648,2.223,2.699,0.577,1.466,0.854,1.08,0.885,1.271,0.873,2.41,0.675,0.994,1.291,1.485,0.808,1.003,1.318,1.598,0.774,1.786,0.987,0.981,1.182,0.959,3.255,5.072,2.25,1.443,1.468,2.862,2.245,0.758,3.045,0.546,3.147,1.647,2.068,3.058,2.025,3.407,1.278,1.568,1.713,2.201,6.53,1.603,0.895,1.634,0.897,1.124,1.519,1.551,1.543,1.225,1.154,1.075,0.927,0.621,1.138,0.74,0.781,0.55,1.178,0.594,0.867,1.581,0.699,1.088,0.729,0.399,0.264,0.677,1.226,1.279,1.904,1.357,1.177,0.829,0.675,0.722,0.508,1.225,1.412,0.289,0.657,0.976,0.683,0.605,0.595,,1.43,0.016,0.698,1.424,1.668,0.72,0.301,2.122,2.754,1.88,2.754,1.974,1.653,1.837,0.688,7.534,1.417,2.57,2.032,1.151,2.387,,1.179,1.411,0.03,0.223,0.353,1.231,0.785,2.231,0.512,1.459,4.283,1.402,3.509,1.21,4.842,4.835,1.327,7.454,2.995,1.445,3.354,4.491,2.146,0.444,,2.868,0.884,1.04,4.278,2.72,2.111
20150109,2,CO_24h,3.39,4.327,4.487,2.872,2.964,3.894,7.176,1.241,2.887,2.857,3.568,3.686,7.22,3.107,3.333,2.248,0.964,1.482,1.703,1.2,1.65,1.657,1.192,2.11,2.599,1.475,1.78,1.949,1.493,1.383,1.55,1.511,1.932,1.332,1.435,1.181,1.182,1.419,1.38,1.077,1.201,1.36,1.415,0.919,1.275,0.698,0.815,1.073,2.118,1.276,2.578,2.115,1.435,1.364,1.435,1.632,1.31,1.595,1.627,1.172,1.292,1.34,1.166,1.555,1.201,1.031,0.814,1.26,0.74,2.339,3.007,1.675,1.514,3.978,1.59,1.484,2.1,0.59,2.717,2.798,0.806,2.488,3.417,2.678,2.564,3.619,3.667,1.927,1.534,2.063,2.425,2.974,2.288,0.866,2.254,1.176,1.08,2.05,1.33,1.449,1.453,1.52,1.439,1.465,1.702,1.714,2.158,2.543,4.495,4.545,1.965,1.405,2.153,1.94,2.758,2.187,1.412,1.371,0.803,1.208,1.509,2.182,1.336,2.355,3.939,2.502,2.09,1.73,2.112,1.745,1.894,2.554,1.731,3.081,0.99,1.786,1.296,0.989,0.934,0.813,2.479,0.524,1.04,0.802,0.894,0.669,1.785,1.381,1.807,4.875,1.83,1.423,1.485,0.813,1.556,2.096,1.362,2.8,3.068,1.97,1.754,1.421,1.668,1.226,3.143,2.024,2.286,0.835,1.756,1.473,1.191,2.171,1.115,1.497,1.765,1.259,1.191,1.964,1.675,0.67,1.092,1.115,1.403,1.508,2.057,0.984,1.044,2.86,0.926,2.04,1.2,2.92,4.359,3.028,3.667,0.725,1.105,1.42,0.977,0.935,1.363,0.337,1.778,2.27,1.064,1.437,1.582,3.051,2.328,0.916,1.15,0.532,0.793,0.935,0.696,0.43,1.078,0.366,0.613,1.146,0.796,1.462,0.92,1.581,2.216,2.074,0.592,1.492,1.345,1.326,0.942,1.485,0.871,2.258,0.648,1.234,1.362,1.574,0.872,1.049,1.416,1.521,1.036,1.656,1.057,1.065,1.345,0.848,2.289,3.902,2.109,2.019,1.612,2.664,1.641,1.295,2.833,0.706,3.099,1.831,2.904,2.423,2.35,3.424,0.954,1.529,1.711,2.073,5.308,1.355,0.885,1.791,0.839,1.684,1.711,1.5,1.568,1.397,1.221,1.183,1.123,0.976,1.209,0.893,0.869,0.544,0.96,0.534,1.186,1.371,1.074,1.408,0.717,0.478,0.283,0.748,0.929,1.266,2.011,1.217,0.988,0.948,0.864,0.886,0.507,1.477,1.701,0.714,0.693,1.16,0.932,0.904,0.896,,1.372,0.281,0.706,1.312,1.315,0.731,0.341,2.102,3.018,1.937,3.21,1.715,1.588,2.38,1.121,6.533,1.32,3.063,1.898,1.277,2.077,,1.93,1.436,0.463,0.275,0.323,1.162,0.805,1.07,0.743,0.938,3.797,1.539,3.474,0.717,1.29,3.999,1.396,4.102,2.068,1.829,2.986,3.397,2.168,0.558,,2.338,1.004,1.249,3.085,2.492,1.466
20150109,3,AQI,175,373,300,287,147,261,500,42,85,349,255,333,250,117,32,277,150,98,218,130,167,192,186,295,209,164,204,221,167,206,167,256,189,153,186,157,167,185,199,141,91,106,70,104,130,74,56,80,232,172,115,238,192,72,87,99,80,93,105,87,66,59,85,60,110,111,56,15,44,84,100,54,97,184,175,179,79,61,147,167,56,277,320,318,270,196,291,306,111,261,253,324,259,108,168,63,63,109,108,77,77,83,67,111,56,16,254,73,122,175,69,49,130,114,131,84,78,94,69,124,115,167,89,104,342,160,65,178,90,348,220,123,139,120,131,89,109,42,72,89,58,91,87,77,89,93,20,104,81,73,58,79,47,61,117,76,128,251,139,171,231,168,195,114,136,143,136,99,135,111,150,160,165,229,156,172,217,132,147,158,160,115,119,142,128,94,135,177,67,114,94,103,158,143,184,68,142,117,172,50,111,28,52,138,83,64,141,144,105,82,98,38,21,57,99,54,32,88,55,186,34,103,81,193,135,91,65,143,88,115,88,111,80,114,76,53,61,73,63,93,130,85,70,72,82,63,63,78,147,228,403,141,119,148,178,131,206,61,196,241,231,199,133,184,160,175,170,156,103,143,116,133,82,76,83,108,94,83,75,108,61,104,81,51,70,116,80,92,72,143,41,74,71,33,18,28,55,43,60,21,32,55,31,59,37,33,56,15,25,42,62,50,30,,47,43,23,53,53,33,37,124,86,85,58,137,142,80,63,86,126,63,76,82,272,,75,43,44,55,42,29,53,89,58,74,216,140,206,120,125,165,155,113,49,38,158,182,117,29,,127,85,106,196,195,70
20150109,3,PM2.5,132,315,250,236,112,210,508,17,62,298,204,280,199,88,8,226,115,73,167,98,126,144,140,244,158,123,153,170,126,155,126,205,142,116,140,119,126,139,149,107,67,79,50,77,98,53,37,58,181,130,86,187,144,52,64,74,58,69,78,64,46,34,62,42,82,83,39,6,10,41,75,31,64,138,132,135,39,22,112,126,39,226,269,267,219,147,240,255,83,210,202,186,208,80,127,44,40,81,80,56,56,61,48,83,27,11,203,42,92,132,41,24,98,85,99,59,57,70,49,93,86,126,66,56,291,121,41,134,65,297,169,86,106,90,99,66,81,28,52,66,29,67,64,56,66,69,13,77,53,42,31,55,21,18,65,55,97,200,105,129,180,127,146,85,103,109,103,74,102,83,115,121,125,178,118,130,166,100,112,120,121,86,83,108,97,70,102,133,48,85,52,76,120,109,138,40,108,88,130,31,83,10,32,104,61,45,107,110,78,60,73,26,6,39,74,18,20,65,16,140,8,76,59,145,102,67,41,109,65,86,65,83,58,85,55,36,43,44,44,69,98,62,50,52,60,44,44,57,112,177,353,107,89,113,134,99,155,43,147,190,180,149,101,138,121,132,128,118,76,109,87,101,60,55,61,80,70,61,54,80,43,77,59,26,50,87,58,68,52,109,22,53,51,21,7,18,38,30,38,12,22,38,16,41,18,23,39,6,17,29,33,35,18,,16,5,16,20,36,14,7,93,60,62,26,76,108,58,44,63,95,33,55,60,221,,38,19,25,38,28,16,36,66,31,49,165,95,155,90,94,125,73,84,34,4,120,137,87,14,,65,62,79,147,146,50
20150109,3,PM2.5_24h,150,182,179,150,93,198,357,30,66,171,137,207,263,73,71,174,57,93,183,82,110,133,93,170,127,94,142,151,103,129,117,119,120,91,131,78,107,104,125,85,62,77,50,66,105,37,36,56,125,62,148,163,131,49,48,61,44,52,56,52,38,31,56,39,74,74,53,37,13,57,69,45,68,197,117,110,76,27,107,90,31,171,199,162,159,137,168,197,59,109,153,171,131,39,120,46,40,58,62,45,46,45,40,60,25,31,186,42,91,109,48,65,84,80,84,77,88,44,38,97,82,119,65,73,215,207,61,133,73,222,161,72,101,93,84,51,70,34,45,76,48,64,63,56,65,58,32,66,64,55,38,60,43,25,90,69,90,148,84,79,90,60,89,73,62,85,93,44,74,71,113,84,88,115,94,103,108,94,93,103,89,82,101,95,88,60,87,127,37,86,38,75,121,105,104,40,73,66,60,47,72,16,32,74,70,66,97,109,86,44,118,21,8,24,51,20,25,48,28,95,24,88,53,122,99,58,51,97,77,79,61,84,58,76,37,36,37,32,35,64,95,58,56,47,60,44,41,40,86,150,283,135,94,116,129,99,139,47,140,157,182,117,103,121,103,116,123,129,75,98,90,105,60,50,52,61,58,44,45,64,47,70,51,18,52,76,49,62,66,99,47,66,47,21,15,42,82,38,51,26,45,49,23,73,30,18,47,21,26,42,42,40,34,,21,22,27,24,36,26,10,105,61,63,46,70,111,78,53,65,58,49,59,46,215,,42,28,64,30,23,30,37,63,81,41,180,73,185,79,42,193,75,52,27,12,106,124,56,38,,70,52,46,105,138,38
20150109,3,PM10,173,477,378,316,210,335,672,41,108,360,302,445,297,158,31,317,161,104,215,120,215,170,171,270,264,276,210,231,179,203,205,251,244,150,199,183,183,162,206,160,104,127,84,103,116,72,59,83,329,206,177,217,138,66,88,105,86,105,106,83,79,66,96,59,112,128,45,4,21,115,114,55,142,179,193,195,106,70,135,148,54,284,398,352,292,179,397,362,90,334,332,438,306,118,173,60,74,100,112,77,80,108,72,117,59,12,282,94,127,190,86,48,140,138,158,115,77,92,71,115,125,169,108,155,409,206,78,210,127,379,242,194,132,102,117,88,102,39,87,80,63,97,86,82,78,92,13,147,109,94,63,105,46,70,181,99,148,283,226,233,248,181,177,92,130,160,127,103,136,133,161,158,151,244,146,136,217,129,153,221,144,124,185,177,111,84,149,180,75,142,136,131,206,155,142,83,169,130,228,49,106,27,52,223,87,64,129,202,109,98,86,34,20,61,105,55,31,79,26,163,33,128,85,170,140,99,77,205,74,113,115,100,87,113,76,46,48,93,54,119,134,117,65,67,97,61,73,82,194,309,295,136,120,181,172,126,243,47,247,241,251,216,157,205,168,182,184,181,154,143,142,149,92,80,80,112,82,89,70,112,61,79,73,50,81,91,75,88,76,123,40,90,78,27,17,27,53,42,68,15,,50,30,35,36,24,,7,,17,72,,29,,46,15,21,54,33,20,10,124,120,80,63,221,149,77,68,92,110,73,89,89,273,,97,26,43,46,37,28,38,122,64,95,223,228,247,106,188,276,257,135,,2,174,,181,28,,202,83,116,105,211,68
20150109,3,PM10_24h,180,302,289,224,184,326,510,75,132,232,230,332,399,125,168,242,90,130,224,107,198,174,130,208,223,215,199,207,175,173,200,155,211,131,190,119,168,124,177,133,103,129,82,100,139,62,56,86,235,115,306,194,142,70,78,93,69,82,80,72,67,59,82,58,97,114,68,56,22,140,121,75,133,272,167,172,184,103,133,118,57,221,311,233,231,191,299,317,75,191,255,304,217,68,165,64,66,72,83,61,63,76,63,83,45,52,287,116,127,152,114,120,120,121,102,113,120,59,60,114,129,170,117,156,320,293,118,209,147,296,235,163,134,123,95,70,86,47,68,92,100,93,88,77,81,84,49,156,139,146,70,104,83,85,222,123,141,215,205,132,133,90,111,93,78,136,131,70,68,120,165,111,124,170,119,127,152,128,129,186,120,129,175,154,136,81,123,189,56,141,111,132,196,161,103,126,117,97,158,98,103,41,70,167,92,99,128,194,122,79,161,29,20,40,76,41,40,61,46,119,50,138,86,143,132,91,63,179,98,117,115,107,94,115,63,54,59,58,58,106,134,106,79,57,99,63,65,58,156,260,303,195,135,175,185,154,207,72,209,247,272,168,159,185,128,161,172,206,129,134,139,166,88,69,72,85,68,56,83,88,67,83,65,47,82,94,64,77,100,119,69,112,79,25,23,64,103,67,77,33,78,64,36,111,46,38,65,47,39,50,60,49,95,,44,53,81,90,46,38,21,120,127,87,110,185,171,133,93,114,97,130,109,81,288,,116,46,96,55,47,174,47,138,150,86,241,287,302,97,115,317,295,101,44,18,147,236,136,60,,184,72,69,122,205,60
20150109,3,SO2,49,175,213,103,71,118,165,25,30,67,147,159,173,253,24,253,64,71,141,36,38,41,111,52,49,56,69,54,30,50,49,68,54,20,40,32,35,35,79,19,11,21,13,9,24,8,13,45,108,86,127,129,33,21,13,18,22,31,34,33,18,20,28,10,18,12,15,6,4,29,22,28,126,76,35,37,23,13,118,67,10,114,101,103,81,214,258,56,79,198,155,78,84,76,264,29,17,19,23,10,12,27,41,16,15,4,74,35,128,158,134,57,135,55,132,80,20,47,31,34,19,38,23,95,173,55,180,150,49,28,45,16,26,11,34,18,42,2,17,17,37,20,13,4,20,12,10,27,17,46,26,22,104,38,272,4,11,147,110,161,82,106,74,50,155,32,55,22,26,44,29,37,12,53,61,31,70,33,25,31,24,23,23,29,6,186,18,17,45,96,124,163,69,45,100,23,49,15,108,17,24,13,12,123,35,59,68,76,35,16,39,57,19,3,30,6,10,23,177,45,22,28,24,25,100,15,5,11,37,42,18,29,12,23,12,21,16,21,7,15,22,33,18,78,111,43,84,73,131,144,70,68,17,11,33,20,41,19,55,76,32,39,11,14,9,57,47,62,24,64,49,26,88,29,18,47,19,15,10,25,11,15,6,17,17,13,11,13,5,12,9,8,49,2,10,60,11,67,8,8,11,10,16,7,41,8,8,8,8,13,17,7,17,,6,5,4,7,25,9,5,7,26,35,3,77,43,11,21,11,26,35,19,19,25,,13,23,11,3,18,2,14,22,17,11,103,5,26,26,37,58,24,35,8,19,37,45,37,5,,146,25,32,82,55,53
20150109,3,SO2_24h,56,137,220,115,111,119,228,50,72,49,160,169,266,204,97,287,75,87,218,44,43,57,53,82,81,41,65,54,43,47,54,58,54,27,58,29,55,44,67,21,19,37,24,27,25,10,13,32,118,58,140,37,38,21,12,18,19,24,26,27,18,21,22,9,14,10,28,11,5,41,44,28,153,80,37,35,57,18,168,78,14,194,116,113,93,226,251,112,49,165,132,120,83,32,170,30,16,15,23,13,12,19,38,14,22,18,111,70,141,217,104,159,116,76,143,132,56,51,32,43,28,48,51,99,159,96,106,122,71,64,72,29,44,14,31,16,37,2,17,18,53,25,18,18,18,17,34,32,38,83,22,35,190,37,178,11,21,191,141,112,59,90,68,53,73,53,53,26,32,44,45,61,11,37,59,41,54,52,42,37,38,27,21,31,20,114,18,36,24,81,139,175,78,108,139,31,59,26,67,41,32,32,26,173,56,78,68,200,64,26,69,34,22,3,24,8,13,20,50,35,38,35,29,33,81,18,8,15,41,59,20,35,26,29,11,27,23,28,12,15,32,42,36,57,65,48,45,56,152,154,97,100,31,21,61,34,47,35,51,53,38,38,22,25,21,56,55,65,41,62,64,35,60,26,14,37,16,13,19,17,12,18,11,18,14,13,18,11,24,11,11,10,52,2,10,37,22,88,15,15,17,28,24,26,35,9,14,34,12,13,21,27,17,,6,7,4,8,32,7,5,21,39,46,30,81,80,100,132,43,40,115,82,32,114,,39,24,32,8,17,2,27,27,61,24,68,11,43,26,50,72,28,39,17,22,39,51,36,8,,180,23,22,91,126,76
20150109,3,NO2,86,152,131,139,83,139,129,7,36,88,98,121,97,45,21,78,73,53,88,106,99,102,76,69,66,65,60,76,87,65,44,50,57,67,88,76,65,91,113,47,37,56,37,43,41,29,15,46,99,91,70,95,59,43,48,74,60,59,84,35,24,40,35,3,35,39,19,13,6,43,53,31,45,98,58,64,21,13,74,74,25,83,107,104,77,92,94,59,59,79,82,79,90,46,108,33,25,26,31,40,23,49,48,35,51,14,72,19,70,30,53,21,72,47,81,55,31,32,31,33,37,66,62,61,94,72,32,70,61,42,82,41,31,25,23,21,25,11,36,37,30,36,25,46,21,33,21,43,44,48,28,41,8,94,30,43,36,67,59,61,90,96,66,28,81,47,61,27,38,19,92,80,71,99,77,45,116,78,83,65,50,47,38,47,39,37,50,45,45,30,37,37,30,57,33,36,34,35,67,25,27,2,10,44,34,50,49,53,55,35,24,21,5,13,20,11,16,28,17,162,22,66,23,71,69,58,24,24,31,45,37,41,38,35,20,27,9,30,5,37,30,43,33,28,53,27,48,37,131,103,106,86,44,41,65,22,75,14,74,74,36,85,36,39,29,49,40,43,34,39,33,29,25,12,14,28,18,16,26,16,15,29,25,27,30,26,29,22,11,29,13,19,24,4,5,14,23,14,31,32,15,12,15,11,11,9,15,12,4,10,8,7,28,,37,4,2,11,27,26,6,30,74,18,30,33,62,34,18,52,41,11,27,48,142,,33,10,7,8,11,6,9,21,16,44,74,32,81,26,83,54,15,63,44,5,85,81,12,3,,55,48,53,56,36,38
20150109,3,NO2_24h,103,116,119,106,76,114,120,19,59,71,85,106,126,40,52,84,54,56,99,81,90,94,52,68,59,49,62,69,81,47,44,41,52,58,80,66,74,76,91,40,43,58,37,38,43,28,21,41,88,62,77,103,64,42,40,46,43,35,52,41,26,34,32,9,40,46,24,32,12,47,57,37,51,96,64,53,52,24,72,60,27,94,98,87,84,90,98,84,47,71,75,86,83,30,89,34,26,19,22,28,21,32,42,32,35,25,84,31,72,37,53,34,59,48,79,59,47,38,28,38,40,59,48,49,96,83,51,69,65,47,71,38,39,29,28,21,24,15,41,37,47,37,31,41,28,31,27,36,54,57,31,49,31,81,38,42,40,75,62,42,64,70,46,26,49,51,55,24,33,18,71,67,56,78,60,48,77,68,70,68,38,53,40,47,46,38,37,46,31,24,36,39,32,59,32,32,40,42,31,42,37,7,17,43,41,61,64,64,49,42,39,15,6,10,23,19,17,20,24,91,24,56,23,61,57,45,25,25,40,58,41,57,36,29,19,26,10,24,5,32,30,39,35,27,43,34,34,29,147,90,96,84,49,38,72,35,68,35,72,49,45,64,40,43,40,42,39,33,35,48,29,30,31,16,14,23,18,19,27,17,23,29,19,29,34,30,38,28,24,40,17,33,26,8,10,30,24,25,37,24,21,28,19,25,20,17,23,26,10,16,24,19,27,,36,9,5,10,25,9,8,34,73,25,41,31,65,42,36,60,51,28,37,46,136,,39,11,18,14,9,7,10,20,32,33,68,21,79,22,65,53,14,56,32,20,61,71,22,11,,54,28,30,52,40,29
20150109,3,O3,12,3,13,7,1,4,26,49,30,5,4,4,4,7,41,11,7,24,8,7,3,6,10,15,8,15,13,9,17,12,22,25,6,17,5,1,6,4,1,8,28,10,12,24,21,71,55,19,7,14,31,12,36,41,44,47,13,6,16,64,69,49,40,90,4,8,46,46,87,7,6,17,20,4,30,27,45,53,10,7,82,3,6,4,5,15,5,13,6,15,8,3,3,29,5,48,69,67,63,14,69,48,58,26,10,20,10,37,21,23,27,21,4,8,4,7,38,23,31,35,40,14,23,12,3,4,41,19,5,10,20,19,8,22,91,69,64,83,3,11,9,10,55,12,31,14,16,4,57,9,12,10,61,19,23,39,58,5,9,2,7,10,3,9,7,1,2,25,2,11,3,3,13,9,5,6,13,1,6,27,17,127,56,3,11,6,39,18,37,8,40,5,34,24,18,37,16,22,8,42,29,35,74,6,35,20,17,19,13,14,27,36,32,43,32,45,41,42,56,25,47,40,53,9,42,31,30,34,63,81,29,32,37,52,76,4,39,27,48,10,10,8,7,42,31,23,14,8,9,3,3,7,18,8,7,60,8,27,9,21,41,6,22,11,3,10,23,42,5,31,33,39,3,48,50,43,39,72,5,57,38,32,35,18,16,15,3,5,36,20,19,5,14,50,34,47,10,39,8,25,37,43,38,42,56,43,62,46,38,22,21,49,10,,29,85,32,72,47,43,63,8,5,6,20,4,10,21,37,20,22,68,10,7,6,,11,75,76,62,68,7,89,3,35,14,8,10,23,19,9,22,39,7,94,93,8,6,56,46,,3,45,24,3,9,8
20150109,3,O3_24h,22,25,20,30,17,15,34,71,46,15,39,36,13,38,50,37,48,60,30,73,69,61,86,50,81,90,68,82,78,65,67,98,51,74,86,91,53,67,71,98,75,94,106,106,63,104,85,75,41,63,63,104,75,110,122,124,112,85,109,142,116,130,86,97,21,51,62,55,97,46,58,58,68,22,65,89,54,70,53,42,116,23,59,71,32,33,29,80,53,42,91,24,45,67,34,103,134,137,144,109,133,129,113,175,116,26,50,68,48,45,60,33,50,52,40,46,66,56,79,59,67,45,74,75,21,32,75,102,46,44,98,105,27,54,96,109,99,107,40,46,37,51,71,75,38,58,70,53,94,70,58,49,84,94,83,84,73,24,33,52,55,63,58,55,59,43,29,65,48,58,65,67,83,81,75,97,63,53,81,69,77,92,91,82,44,32,108,52,108,39,102,44,80,64,46,95,60,54,123,72,54,49,93,39,58,53,68,40,65,47,49,65,40,63,48,66,56,58,67,60,55,76,80,81,106,94,51,70,105,126,67,69,109,67,89,79,95,97,90,85,56,78,93,95,102,123,115,86,24,34,43,54,97,68,62,113,62,57,94,102,106,113,94,95,17,111,85,142,84,87,77,87,60,80,79,93,68,142,34,133,46,77,74,98,50,65,32,45,64,68,54,22,62,76,45,79,32,56,51,54,41,56,72,79,59,73,99,56,48,22,77,70,97,,44,93,40,91,77,89,89,53,62,39,80,34,88,75,84,78,45,79,85,89,62,,82,110,88,109,108,28,129,12,61,60,49,37,39,20,60,63,57,63,143,93,72,41,90,89,,39,115,152,48,22,47
20150109,3,O3_8h,6,3,13,7,1,5,22,46,20,6,6,5,4,10,29,12,10,24,8,10,5,6,12,21,11,16,15,10,17,13,24,24,10,21,8,7,7,4,2,14,34,7,15,44,23,77,52,14,8,15,26,16,52,35,40,53,21,9,28,41,62,53,42,85,6,10,48,20,87,8,8,22,23,5,40,25,32,52,10,7,84,2,11,5,9,16,6,17,8,16,11,6,5,26,5,42,79,102,87,26,93,77,54,53,26,21,9,30,23,25,32,22,9,9,5,9,30,21,34,34,40,12,22,22,4,2,40,21,7,12,35,37,10,26,86,84,63,83,4,13,12,17,56,16,22,17,20,5,50,12,13,10,48,20,25,41,60,5,10,3,8,9,5,8,16,1,2,23,4,5,16,4,24,8,5,11,13,1,10,28,34,127,57,4,12,6,52,24,32,23,34,9,36,26,19,35,23,17,21,33,22,33,70,6,29,10,17,20,15,21,23,48,32,53,34,45,42,43,43,41,32,34,55,18,44,34,28,29,61,92,35,28,32,53,78,7,35,27,48,13,11,14,16,57,49,29,44,15,10,3,3,9,29,13,3,64,16,29,11,59,45,14,34,23,4,21,28,59,9,35,40,50,5,50,53,59,48,72,9,58,34,41,45,27,19,18,3,6,36,21,20,5,18,64,27,48,12,47,12,40,26,32,53,44,51,47,54,29,40,18,14,36,13,,32,84,35,79,50,65,73,13,7,16,19,4,12,21,24,12,19,55,13,7,9,,13,84,75,63,82,8,91,5,25,14,11,12,22,19,11,28,36,9,95,75,18,5,53,52,,5,72,53,4,9,11
20150109,3,O3_8h_24h,11,11,15,20,10,10,25,54,26,10,25,20,9,29,30,27,38,47,22,55,42,46,74,39,52,69,53,62,61,53,46,80,34,57,65,69,42,52,57,79,66,65,78,94,45,97,71,55,30,48,44,46,61,94,101,104,95,67,86,120,102,111,74,88,17,34,55,42,90,27,36,45,58,13,49,67,39,63,35,29,89,15,30,36,23,26,18,51,52,33,45,16,28,60,31,97,117,119,126,91,118,114,100,145,94,21,40,55,35,33,55,26,36,39,33,33,52,43,66,48,46,30,60,48,13,19,58,75,33,33,76,78,24,44,90,100,88,98,23,36,24,38,62,34,26,55,67,30,78,47,42,30,71,68,39,61,61,21,24,34,43,48,48,42,65,30,25,58,43,48,56,54,64,70,61,57,53,36,61,50,67,157,74,56,27,25,92,40,83,34,77,29,65,45,31,85,46,41,80,64,34,43,87,29,44,40,48,33,34,34,45,62,37,60,42,60,50,58,65,52,45,53,66,60,83,69,39,44,81,99,51,54,64,58,79,69,83,88,80,64,43,64,62,89,88,80,93,71,17,18,28,39,75,50,41,93,41,44,63,79,75,72,82,71,11,66,70,117,68,74,59,73,42,67,72,81,55,106,26,119,41,62,70,75,39,65,26,33,48,49,31,13,50,69,39,67,29,51,36,50,41,52,65,71,53,66,66,47,41,22,51,64,59,,38,84,36,87,70,83,84,40,44,32,52,28,56,57,64,58,36,69,58,64,41,,59,108,75,100,105,15,121,9,51,53,35,32,35,19,41,52,50,50,129,79,52,28,73,68,,24,102,119,34,17,42
20150109,3,CO,2.764,7.426,5.989,3.921,3.266,3.185,10.36,1.065,1.203,4.358,5.109,3.388,7.14,3.614,1.728,2.93,1.795,1.242,1.827,1.493,1.935,2.003,1.385,1.62,2.998,2.024,2.897,2.658,1.712,1.505,1.603,1.908,1.693,1.542,1.463,1.522,1.206,1.575,1.675,1.172,1.286,1.244,1.38,0.845,1.125,0.686,0.662,0.928,2.908,2.064,1.565,2.081,1.289,1.173,1.355,1.516,1.371,1.606,1.728,1.095,1.12,1.167,1.084,1.033,1.216,1.223,0.609,0.846,0.672,2.447,2.401,1.686,1.578,3.29,1.392,1.255,1.049,0.47,4.378,3.38,0.743,2.516,4.624,3.182,2.879,3.234,3.412,2.282,2.145,3.459,2.755,2.775,2.578,1.044,2.17,1.031,0.642,1.866,1.121,1.055,1.139,1.267,1.37,1.364,1.611,1.389,2.112,2.396,6.423,4.527,1.225,1.032,3.344,2.055,3.792,2.216,1.039,1.275,1.077,1.226,1.583,2.515,1.433,2.209,5.602,2.27,1.785,1.504,2.196,2.019,1.9,2.622,1.552,2.974,0.941,1.646,1.243,0.911,0.872,0.79,1.59,0.417,0.999,0.839,0.819,0.744,1.85,1.401,1.604,4.493,1.877,1.133,1.367,0.723,1.151,2.2,0.763,4.085,2.984,3.726,2.937,2.5,2.963,1.641,3.799,2.339,2.468,1.336,2.859,1.436,1.572,2.29,1.164,2.179,1.855,1.534,1.869,1.853,2.006,0.762,1.495,1.069,1.449,1.531,2.122,1.071,1.212,2.301,0.605,2.818,1.416,2.807,4.423,2.956,4.021,1.367,1.113,1.658,3.469,0.798,1.348,0.366,1.721,3.075,1.067,1.161,1.32,2.997,2.551,1.004,0.766,0.593,1.012,1.642,0.787,0.284,0.833,0.602,0.37,1.644,0.607,1.436,0.908,1.623,2.359,2.545,0.581,1.324,0.855,1.1,0.907,1.243,0.826,2.392,0.703,0.984,1.275,1.448,0.797,0.967,1.29,1.798,0.718,1.669,0.984,0.974,1.133,1.004,3.148,5.708,2.441,1.347,1.478,2.918,1.695,0.811,3.138,0.538,3.035,1.68,2.274,2.957,2.018,3.269,1.031,1.619,1.67,2.146,5.77,1.409,0.914,1.754,0.771,1.065,1.52,1.405,1.483,1.223,1.139,1.069,0.828,0.997,0.931,0.731,0.777,0.535,1.236,0.529,0.85,1.522,0.683,1.135,0.759,0.391,0.165,0.653,1.106,1.25,1.88,1.572,1.065,0.805,0.749,0.724,0.428,1.182,1.387,0.333,0.652,0.966,0.613,0.597,0.562,,1.259,0.017,0.696,1.463,1.982,0.746,0.3,1.955,2.649,1.877,2.76,1.934,1.487,2.337,0.746,4.182,0.782,2.508,1.644,1.032,2.514,,0.983,1.384,0.173,0.092,0.293,1.077,0.673,2.001,0.431,1.499,4.89,2.737,3.724,1.14,3.306,4.93,1.293,7.175,4.145,1.536,3.257,4.415,2.146,0.429,,2.822,0.908,1.121,4.254,2.832,2.027
20150109,3,CO_24h,3.486,4.597,4.566,2.916,3.02,3.917,7.217,1.233,2.863,2.961,3.643,3.735,7.3,3.095,3.221,2.282,1.017,1.456,1.727,1.234,1.678,1.684,1.212,2.077,2.602,1.518,1.832,1.987,1.511,1.39,1.554,1.538,1.903,1.35,1.443,1.21,1.195,1.435,1.402,1.092,1.212,1.361,1.414,0.92,1.262,0.694,0.797,1.07,2.148,1.329,2.5,2.119,1.426,1.329,1.427,1.608,1.3,1.585,1.621,1.162,1.279,1.33,1.163,1.537,1.21,1.042,0.807,1.242,0.742,2.335,2.774,1.694,1.482,3.965,1.582,1.449,2,0.595,2.835,2.823,0.798,2.514,3.431,2.74,2.538,3.64,3.669,1.957,1.599,2.157,2.423,2.965,2.348,0.897,2.305,1.165,1.053,2.034,1.32,1.411,1.438,1.502,1.428,1.47,1.691,1.648,2.176,2.547,4.582,4.557,1.853,1.372,2.197,1.956,2.811,2.199,1.405,1.389,0.827,1.232,1.659,2.208,1.333,2.305,4.021,2.477,2.043,1.719,2.12,1.763,1.891,2.556,1.72,3.084,0.991,1.781,1.295,0.999,0.941,0.805,2.457,0.521,1.037,0.808,0.897,0.671,1.796,1.382,1.808,4.864,1.83,1.412,1.481,0.823,1.529,2.099,1.294,2.903,3.05,2.099,1.823,1.46,1.76,1.272,3.198,2.084,2.294,0.879,1.84,1.519,1.215,2.204,1.121,1.523,1.789,1.284,1.237,1.958,1.693,0.653,1.123,1.128,1.413,1.518,2.072,1.002,1.042,2.84,0.9,2.058,1.221,2.839,4.323,3.016,3.69,0.773,1.096,1.457,1.118,0.924,1.365,0.336,1.763,2.312,1.068,1.405,1.581,3.094,2.353,0.934,1.156,0.536,0.802,0.976,0.705,0.419,1.067,0.376,0.612,1.193,0.819,1.446,0.901,1.593,2.226,2.12,0.592,1.505,1.298,1.311,0.939,1.471,0.884,2.268,0.645,1.213,1.356,1.556,0.862,1.043,1.394,1.533,1.027,1.664,1.046,1.039,1.342,0.854,2.318,3.952,2.147,1.928,1.601,2.669,1.669,1.262,2.827,0.689,3.071,1.828,2.847,2.424,2.337,3.42,0.949,1.536,1.71,2.048,5.214,1.356,0.885,1.784,0.847,1.661,1.7,1.496,1.564,1.393,1.218,1.175,1.103,0.976,1.194,0.892,0.871,0.55,0.954,0.531,1.173,1.389,1.047,1.404,0.723,0.47,0.277,0.747,0.949,1.272,2.018,1.236,1.003,0.942,0.859,0.883,0.517,1.463,1.694,0.689,0.689,1.162,0.917,0.89,0.891,,1.382,0.277,0.705,1.324,1.341,0.735,0.343,2.101,2.992,1.939,3.206,1.737,1.561,2.399,1.124,6.501,1.304,3.058,1.897,1.235,2.065,,1.941,1.419,0.444,0.274,0.325,1.162,0.812,1.128,0.746,0.971,3.863,1.561,3.474,0.742,1.361,3.928,1.369,4.256,2.055,1.809,2.985,3.465,2.18,0.549,,2.391,1,1.244,3.124,2.32,1.509
20150109,4,AQI,139,365,327,298,150,233,500,44,58,353,260,322,279,94,34,268,157,93,211,131,167,195,189,308,208,159,206,222,161,214,164,237,196,149,179,153,163,186,202,135,89,104,68,103,126,76,60,80,230,186,116,238,202,72,87,103,78,106,103,88,67,60,85,60,108,114,56,15,45,82,93,55,93,184,177,184,67,59,165,160,59,283,319,327,266,196,283,300,121,250,255,214,249,110,168,64,64,113,109,75,88,86,69,97,58,21,255,63,122,164,66,48,133,120,130,78,70,89,67,116,106,163,86,102,303,157,63,165,90,331,227,125,122,115,130,87,108,42,69,87,52,91,86,86,89,80,20,102,78,71,54,75,52,64,108,72,130,241,127,186,238,174,200,115,143,141,128,100,125,116,157,165,165,239,164,171,221,131,163,153,156,116,124,143,125,96,138,168,65,121,83,93,149,128,199,65,108,98,172,44,91,22,49,122,78,60,125,154,100,75,115,33,25,56,100,52,32,87,24,228,30,100,83,204,158,85,69,137,89,113,87,115,77,106,80,50,61,64,63,86,133,85,71,71,87,61,65,76,146,240,412,128,117,148,188,127,208,60,188,251,221,196,132,182,147,174,168,160,100,131,119,131,82,86,88,104,94,88,71,110,59,114,81,45,69,115,71,87,71,143,47,75,74,31,15,24,48,35,58,20,32,60,39,50,31,26,55,17,23,39,39,45,46,,37,42,26,48,48,31,36,120,77,83,58,125,127,77,64,74,55,64,69,71,248,,69,40,45,49,41,23,48,78,53,68,193,149,203,106,105,234,141,89,49,40,127,242,111,26,,122,86,91,185,200,65
20150109,4,PM2.5,106,314,276,247,115,182,610,17,34,302,209,271,228,70,11,217,119,69,160,99,126,146,142,257,157,110,155,171,122,163,124,186,147,114,135,116,123,140,151,102,66,77,48,76,95,55,42,58,179,140,87,187,151,52,64,76,57,79,76,65,46,41,62,42,80,85,39,6,9,47,69,31,69,138,133,138,30,19,125,121,41,232,268,276,215,147,232,249,91,199,204,163,198,82,127,45,43,84,81,54,65,63,49,72,26,10,204,34,92,124,38,25,101,90,98,53,50,66,48,87,79,123,63,65,252,119,42,125,63,280,176,89,92,86,98,64,80,23,49,64,29,67,63,63,66,58,14,74,44,38,29,51,17,23,54,51,98,190,96,140,187,131,150,86,109,107,97,75,94,87,119,125,125,188,124,129,170,99,123,116,118,87,89,109,94,71,105,127,46,91,42,69,114,97,149,39,80,73,130,25,67,9,30,92,57,42,94,117,75,54,86,22,8,39,75,19,22,64,16,177,10,75,61,153,120,62,49,104,66,84,64,86,56,79,58,35,43,44,44,63,101,62,51,51,64,43,46,55,111,189,366,97,88,113,141,96,157,42,141,200,170,147,100,137,112,131,127,121,75,99,89,99,60,63,65,77,70,65,51,82,41,85,59,24,49,86,51,64,51,109,25,54,53,21,9,15,33,24,31,12,22,42,26,35,17,18,38,3,16,27,27,31,27,,10,7,18,14,33,20,7,90,38,61,24,82,96,56,45,53,37,34,49,51,197,,37,22,25,34,28,10,33,57,33,41,145,93,152,79,71,118,66,66,33,9,96,191,64,13,,70,63,67,139,150,46
20150109,4,PM2.5_24h,150,194,185,157,96,197,365,30,66,180,141,213,263,71,68,177,61,91,187,85,111,132,97,175,130,94,141,152,104,129,118,121,123,93,132,80,108,106,127,87,62,78,50,68,105,38,36,56,129,67,143,164,131,50,50,63,45,54,57,53,38,32,57,39,75,73,52,34,13,54,69,45,66,195,117,110,74,26,108,91,31,176,202,169,163,140,171,201,62,115,154,172,137,42,123,46,40,59,62,46,47,47,40,62,26,29,189,39,92,110,46,63,84,77,85,78,87,47,39,99,81,119,65,71,218,203,59,132,73,227,161,73,101,94,84,52,71,34,44,74,47,64,63,56,66,58,31,65,64,55,37,59,42,26,89,67,92,153,85,85,95,64,94,76,66,89,94,47,77,75,113,87,90,117,97,106,112,94,94,103,90,84,101,96,89,62,88,128,37,85,39,73,119,103,106,40,74,68,64,45,73,15,32,76,71,64,99,112,87,46,119,21,7,25,53,20,26,48,28,102,24,86,53,125,100,59,52,99,75,79,61,84,59,78,38,36,37,33,35,64,96,58,56,47,60,44,41,40,89,152,290,129,93,116,130,99,140,47,140,159,180,119,103,122,105,117,123,127,74,99,90,105,61,50,53,62,59,45,45,66,46,71,52,18,53,77,47,61,66,100,45,66,48,21,14,41,81,37,51,24,43,49,24,72,30,19,47,19,26,41,42,41,33,,21,22,28,23,37,26,10,106,60,63,46,71,110,75,54,65,58,49,59,45,213,,42,26,62,30,23,28,37,64,81,42,181,73,183,80,42,183,76,54,27,12,104,124,56,36,,71,53,48,107,156,39
20150109,4,PM10,125,461,397,326,207,291,794,43,63,363,312,427,344,134,33,288,166,97,194,116,210,168,171,292,257,265,215,229,175,231,205,233,235,151,192,173,182,153,202,151,101,119,84,105,113,71,57,85,328,221,177,228,153,61,85,107,85,114,96,80,81,67,95,63,113,128,43,,19,111,113,57,122,285,183,220,82,66,152,136,55,269,384,359,291,189,378,350,106,326,325,311,291,121,172,62,76,98,110,75,83,107,68,118,63,,278,74,126,161,80,47,146,130,169,103,68,95,72,105,113,163,111,151,343,194,73,204,127,369,248,197,113,114,111,84,96,34,83,74,52,88,101,96,79,83,15,151,104,89,56,97,52,76,163,92,148,273,200,222,270,175,180,100,130,152,126,106,126,125,166,144,148,258,139,135,224,121,161,203,144,117,195,180,112,,140,167,76,149,114,118,196,141,123,78,120,122,228,43,81,21,48,192,77,59,114,221,107,96,103,32,24,55,106,52,29,73,23,198,29,120,79,175,163,90,66,176,81,117,118,101,81,110,75,44,49,75,56,105,134,114,62,67,100,61,76,80,194,328,347,130,116,182,168,129,229,42,238,272,245,205,155,207,156,178,168,179,137,128,143,172,92,85,85,104,80,72,69,112,52,86,71,44,81,103,64,86,76,121,46,94,78,25,13,23,37,32,64,14,,52,38,38,30,22,,9,18,15,34,,45,,36,17,18,47,33,,13,116,102,67,63,198,149,89,64,84,58,75,55,82,251,,86,25,44,38,40,22,37,104,53,83,226,245,246,97,158,373,229,114,,9,138,,170,17,,191,96,96,104,206,63
20150109,4,PM10_24h,179,318,297,231,187,328,518,75,130,244,235,342,401,123,163,245,95,128,228,110,200,173,134,214,225,218,199,209,177,174,201,158,215,133,191,123,169,125,178,136,104,130,82,102,138,64,57,87,241,122,294,195,143,70,79,93,71,84,82,73,69,60,83,57,98,114,67,54,22,139,121,74,130,275,168,173,178,103,134,119,58,227,314,241,236,193,300,320,78,198,258,309,225,73,169,65,68,73,85,63,64,79,64,87,46,52,291,106,128,152,110,117,120,116,107,113,118,61,61,115,134,170,117,155,323,290,114,207,147,302,235,165,134,123,96,70,87,46,65,89,97,93,89,78,81,84,47,158,140,146,70,104,84,86,219,122,143,221,207,140,141,94,117,96,84,141,133,74,74,121,164,113,125,174,123,131,156,127,130,186,122,131,177,156,138,82,123,188,58,141,113,130,196,160,104,122,118,100,163,95,103,41,66,170,92,96,129,199,124,82,162,30,20,41,79,41,40,63,46,122,50,136,85,145,135,91,65,181,96,117,114,107,94,116,64,54,60,60,58,107,134,107,79,58,99,63,66,59,159,263,307,187,134,175,186,152,208,71,210,246,269,170,159,186,130,163,172,202,128,134,139,165,89,70,73,86,69,58,82,90,66,83,65,47,83,96,61,77,100,121,66,112,80,25,23,63,102,63,77,32,78,64,37,112,48,37,66,43,38,49,59,49,93,,44,53,85,88,46,38,20,122,126,88,110,186,170,133,93,115,96,128,108,81,284,,117,43,94,55,46,160,46,135,147,85,243,282,300,97,116,314,296,104,44,18,146,236,137,58,,187,74,72,123,222,61
20150109,4,SO2,43,177,203,104,86,122,196,25,16,74,138,139,195,228,25,328,78,86,141,33,36,40,123,46,48,54,67,54,27,56,37,73,55,18,35,33,53,29,85,23,9,18,13,9,21,8,10,48,125,94,127,23,36,21,13,18,24,36,32,36,19,25,26,9,20,13,15,11,4,33,26,31,114,65,35,34,25,20,110,81,10,146,105,96,96,226,222,50,93,211,175,69,76,95,326,29,18,20,38,11,15,28,36,11,17,6,65,32,111,134,156,92,128,50,130,83,18,52,34,37,17,38,20,88,157,64,110,159,49,24,58,17,24,10,35,17,39,2,17,16,30,26,12,4,17,12,10,23,16,36,25,21,105,30,191,3,11,147,103,163,91,100,56,68,148,26,67,30,29,48,27,35,11,51,49,31,87,30,26,29,26,22,24,24,6,116,15,20,46,102,121,156,74,47,104,22,39,130,84,18,21,22,13,100,26,54,75,78,34,18,31,75,18,4,34,6,11,25,39,54,27,30,24,25,83,13,4,10,35,48,14,32,11,26,14,24,16,23,7,15,20,32,22,90,96,41,43,98,103,136,77,68,17,8,32,22,49,18,49,80,28,21,8,12,8,47,39,66,23,109,48,23,117,37,19,36,19,16,13,21,10,21,7,18,16,14,9,22,6,9,9,8,50,2,9,50,11,69,7,8,8,25,32,8,31,8,7,8,8,15,17,6,22,,4,5,4,6,31,10,5,7,20,35,2,75,33,13,17,8,25,14,17,25,21,,12,23,14,3,18,2,14,14,26,8,98,3,19,26,35,52,16,32,8,20,31,40,36,5,,119,30,36,78,62,62
20150109,4,SO2_24h,56,142,221,113,113,120,229,50,71,50,161,170,266,202,95,291,77,88,219,44,44,55,57,81,80,42,66,54,43,48,55,61,56,27,57,29,55,44,69,21,18,37,23,26,25,10,13,33,120,60,140,37,37,21,12,18,19,25,26,27,18,21,23,9,15,10,28,11,5,41,43,29,151,81,38,35,56,19,169,80,13,196,116,114,92,232,248,109,52,172,134,119,84,36,182,30,16,15,24,13,12,20,39,14,22,17,110,55,141,215,104,159,118,75,144,133,55,51,32,44,29,48,51,99,160,96,106,122,71,64,74,29,44,14,31,16,37,2,16,18,53,25,18,18,18,16,33,32,38,82,22,35,193,38,182,11,21,194,141,118,61,92,69,55,78,53,55,26,33,45,44,60,11,38,59,41,56,51,41,37,37,27,22,31,20,115,18,36,25,82,141,172,79,103,139,31,59,27,71,38,32,31,25,174,56,78,70,200,63,26,70,35,21,3,24,8,13,20,51,36,38,35,29,33,82,18,8,15,41,59,20,34,26,30,12,27,23,29,12,16,32,43,36,59,66,48,46,58,154,156,96,98,30,21,61,34,48,35,52,55,38,39,22,25,21,56,53,65,41,63,63,35,64,27,15,36,16,13,19,17,12,18,11,18,14,13,17,11,23,11,11,10,53,2,10,36,22,84,15,15,16,28,25,25,36,9,14,33,11,13,21,27,18,,6,7,4,8,32,7,5,21,38,45,30,83,80,98,131,43,40,115,81,32,113,,39,23,32,8,17,2,27,27,62,24,70,11,43,26,49,72,28,39,17,22,39,51,36,8,,180,23,22,92,152,77
20150109,4,NO2,81,151,129,140,82,129,133,8,23,93,93,113,92,44,27,73,77,50,84,103,94,98,76,71,63,67,59,73,81,66,44,50,58,63,82,75,66,87,110,46,39,52,35,45,43,30,12,47,93,94,74,102,61,41,43,79,55,58,82,41,20,41,37,3,34,36,16,13,5,44,49,31,43,87,54,62,20,17,74,72,25,84,103,103,75,93,91,55,61,76,81,73,88,63,111,31,24,27,28,39,36,50,43,27,55,13,71,21,67,29,58,23,74,45,76,52,28,31,30,38,27,64,58,60,86,69,29,65,62,36,78,41,28,22,23,17,17,11,34,33,24,32,24,48,19,32,22,40,40,44,27,42,6,53,31,43,35,66,55,58,88,91,54,33,84,41,64,24,38,21,79,76,73,95,74,44,117,71,78,61,44,47,37,44,39,37,50,52,47,28,41,37,30,59,31,38,35,36,61,29,24,2,8,40,29,48,48,52,54,37,22,21,5,18,26,12,18,40,17,182,23,70,27,65,66,54,21,25,29,50,42,55,39,33,22,26,9,26,5,33,25,40,31,41,58,23,40,35,120,102,103,84,46,44,60,21,68,12,77,68,35,77,43,36,23,44,33,36,34,36,36,29,26,12,14,27,19,15,23,16,10,31,28,28,29,25,25,22,10,25,14,21,23,4,5,13,23,14,34,28,9,11,14,13,9,8,14,11,4,9,5,10,25,,27,5,4,9,31,24,5,29,67,15,28,32,59,32,13,44,28,9,27,47,139,,32,14,10,6,9,5,8,18,20,39,66,34,77,21,54,52,12,60,30,6,72,84,11,3,,52,43,40,54,35,35
20150109,4,NO2_24h,103,120,120,108,77,116,122,18,58,73,86,107,126,40,50,85,56,56,100,84,91,94,54,68,59,50,62,69,81,48,44,41,53,59,81,67,74,77,92,41,44,58,37,39,43,28,21,42,88,65,77,103,63,43,41,47,44,37,55,42,27,35,32,9,40,46,24,31,12,47,57,37,49,95,64,53,50,25,72,61,26,94,99,88,84,91,98,84,49,73,75,86,84,32,92,35,26,20,23,29,23,33,43,32,36,24,84,28,72,37,53,33,60,48,80,59,46,38,28,39,36,60,49,49,97,83,50,69,65,47,71,38,38,29,27,20,24,15,37,37,46,37,30,43,28,31,27,37,54,57,31,48,30,79,38,42,39,76,61,43,66,72,47,27,52,52,56,25,34,19,71,67,57,80,61,48,79,68,71,67,38,54,41,47,47,38,37,45,32,24,36,39,32,59,32,33,40,42,34,41,37,7,16,43,41,60,64,65,51,43,39,15,6,11,24,19,18,22,24,97,25,57,23,62,58,46,25,26,39,57,41,57,37,30,19,26,10,24,5,32,30,40,35,28,44,33,34,30,148,90,97,83,47,37,72,34,68,35,72,49,45,65,41,42,40,43,39,33,35,48,30,30,31,15,14,23,18,19,27,17,23,29,20,29,34,31,37,28,24,40,16,33,26,8,10,30,24,23,37,24,21,28,19,24,19,17,23,25,10,16,23,19,27,,35,9,5,10,25,9,8,34,72,24,41,31,65,42,36,60,50,28,37,46,135,,40,11,18,14,9,7,10,21,32,35,68,21,79,22,64,53,14,58,32,19,61,73,22,11,,55,30,31,52,42,31
20150109,4,O3,15,3,12,7,1,4,24,48,39,5,3,4,4,7,35,11,7,25,8,7,5,5,9,11,8,15,14,9,17,12,19,25,6,16,5,1,6,4,1,8,20,9,11,18,25,63,61,15,8,13,28,69,32,43,43,39,17,6,15,55,70,46,38,87,4,8,47,46,87,7,7,15,19,12,30,24,44,43,10,7,79,2,5,4,5,21,5,15,6,14,8,4,3,16,5,43,68,58,57,9,54,41,58,36,9,19,7,34,19,21,28,20,4,8,4,6,39,24,34,31,39,14,23,11,3,4,47,22,5,10,21,14,10,23,90,72,70,84,3,11,17,10,58,10,32,12,16,5,59,8,13,7,65,40,22,38,56,5,8,2,7,9,3,7,5,1,2,29,2,10,4,4,12,9,4,7,13,2,7,26,15,127,89,3,10,6,33,9,31,9,33,8,34,23,17,40,13,19,6,40,34,34,76,5,41,23,18,19,13,13,24,35,31,44,29,43,40,34,56,19,47,38,51,11,49,35,28,41,59,74,26,31,33,53,74,3,36,35,48,11,7,7,5,25,20,22,15,8,8,3,3,6,15,8,8,67,10,27,3,14,35,4,15,11,2,6,29,45,4,29,28,33,1,47,48,42,38,64,6,56,44,31,26,16,18,12,2,5,36,20,21,2,12,47,34,46,12,39,5,26,41,42,38,39,57,45,64,47,39,24,25,39,10,,32,77,31,70,36,42,63,7,3,8,19,6,9,18,37,28,33,67,10,6,6,,13,63,66,64,66,7,92,5,36,18,8,8,23,19,15,20,39,7,109,90,17,8,56,45,,3,51,36,3,7,9
20150109,4,O3_24h,24,25,20,30,16,15,34,71,50,15,39,36,13,38,50,37,48,60,30,73,69,61,86,50,81,90,68,82,78,65,67,98,51,74,86,91,53,67,71,98,75,94,106,106,65,104,85,75,41,63,63,103,75,110,122,124,112,85,109,142,116,130,86,97,20,51,62,55,97,46,58,58,68,23,65,89,54,66,53,42,116,23,59,71,32,31,29,80,51,42,91,24,45,66,34,103,134,137,144,109,133,129,113,175,116,26,50,71,48,45,60,33,50,52,40,46,66,56,79,59,78,45,74,75,21,32,75,102,46,44,98,105,27,54,96,109,99,107,41,46,38,51,71,75,40,57,70,53,94,70,58,49,84,94,83,84,73,24,33,52,55,63,58,55,58,43,29,65,48,58,65,67,83,81,75,97,63,53,81,69,77,92,91,82,44,32,108,52,108,39,102,44,80,64,46,95,60,54,123,72,56,49,93,39,58,53,68,40,65,47,49,65,40,63,48,66,56,58,66,60,51,76,80,81,105,86,51,70,105,126,67,69,109,67,90,79,95,97,90,85,56,78,93,95,102,123,115,86,24,34,43,54,97,68,62,113,62,57,94,102,106,113,94,95,17,111,85,142,84,87,77,87,60,80,79,93,68,142,34,132,47,77,74,98,49,62,32,45,62,68,54,22,62,76,45,79,32,56,51,54,42,56,72,79,59,73,99,56,48,24,77,70,97,,44,93,40,91,77,89,89,53,62,39,80,34,88,75,84,78,45,79,85,89,62,,82,110,88,109,108,28,129,12,61,59,49,37,39,20,60,63,57,63,143,93,72,41,90,89,,39,115,152,48,20,47
20150109,4,O3_8h,8,3,13,7,1,4,22,48,24,5,5,5,4,9,33,12,9,24,8,10,5,6,11,20,10,16,15,10,17,13,24,24,10,19,6,5,6,4,2,10,32,7,14,37,24,74,53,14,8,16,27,21,50,36,39,47,18,10,26,43,62,50,40,86,6,10,48,25,88,7,7,20,19,6,39,24,36,50,9,7,85,2,11,5,8,16,6,16,8,16,9,5,5,26,5,41,75,96,80,21,84,69,53,45,19,21,9,34,23,25,31,22,8,8,4,8,32,21,34,34,47,12,21,19,4,2,43,19,7,11,32,31,9,25,87,79,64,83,8,12,10,15,56,15,23,15,18,5,52,11,12,9,49,22,27,40,62,5,9,2,7,9,4,8,13,2,2,25,3,6,13,4,20,8,5,9,13,1,8,25,29,129,60,4,11,6,48,22,31,20,31,8,36,26,18,37,22,18,16,33,24,33,73,6,31,12,16,20,14,21,25,46,32,51,33,44,42,41,47,38,36,34,55,15,44,33,27,30,63,91,33,29,32,52,78,5,32,27,46,11,8,11,13,49,41,28,37,11,10,3,3,8,28,12,4,64,15,30,7,54,45,10,31,20,3,17,25,54,7,32,39,48,4,48,51,54,46,69,8,57,35,38,40,23,18,17,4,6,36,20,20,5,17,61,28,47,12,45,11,38,28,34,49,43,52,46,56,33,40,19,13,35,12,,31,83,33,78,47,60,71,12,5,14,19,4,11,21,26,14,21,58,12,6,9,,13,79,76,62,77,8,91,5,28,13,9,12,22,19,11,24,36,8,97,79,18,6,52,51,,4,69,48,3,7,9
20150109,4,O3_8h_24h,12,11,15,20,10,10,25,54,28,10,25,20,9,29,33,27,38,47,22,55,42,46,74,39,52,69,53,62,61,53,46,80,34,57,65,69,42,52,57,79,66,65,78,94,45,97,71,55,30,47,44,46,61,94,101,104,95,67,86,120,102,111,74,89,17,34,55,42,91,27,36,45,58,14,49,67,40,60,35,29,89,15,30,36,23,25,18,51,50,33,45,16,28,60,28,97,117,119,126,91,118,114,100,145,94,21,40,58,35,33,55,26,36,39,32,33,53,43,66,47,54,30,60,48,13,19,58,75,33,33,76,78,24,44,91,100,88,96,26,36,24,38,62,34,28,55,64,30,78,47,42,30,71,66,39,61,62,17,24,34,43,48,48,42,63,29,25,58,42,48,56,54,64,70,61,57,53,36,61,50,67,157,74,56,27,25,92,40,83,34,77,29,65,45,31,85,46,41,80,64,34,43,87,29,44,40,48,33,34,34,44,62,38,60,42,60,50,58,65,52,45,53,66,60,83,69,39,44,81,99,51,54,64,58,80,69,83,88,80,64,43,64,62,89,88,80,93,71,17,18,28,39,75,50,41,93,41,44,63,79,75,72,82,71,11,66,70,117,68,74,59,73,42,67,72,81,55,106,26,119,41,62,70,75,39,65,26,33,48,49,31,13,50,69,39,66,29,51,36,50,40,52,65,70,53,66,66,47,41,21,51,64,59,,38,84,36,87,70,83,84,40,44,32,52,28,56,57,64,58,36,69,58,64,41,,59,108,76,100,105,15,121,9,51,53,35,32,35,19,41,52,50,50,129,79,52,28,73,68,,24,102,119,34,15,42
20150109,4,CO,2.367,6.93,5.741,3.94,3.196,3.628,11.17,1.067,0.627,3.726,5.238,3.844,8.033,3.432,2.009,2.588,2.002,1.2,1.831,1.503,1.907,2.076,1.405,1.748,3.061,1.823,2.719,2.591,1.66,1.511,2.403,2.221,1.646,1.477,1.44,1.43,1.176,1.557,1.679,1.077,1.312,1.179,1.362,0.846,1.207,0.714,0.669,0.949,2.639,2.144,1.65,3.357,1.283,1.13,1.352,1.482,1.323,1.608,1.662,1.091,1.096,1.213,1.069,1.01,1.227,1.199,0.619,0.85,0.666,2.492,2.177,1.731,1.44,3.181,1.402,1.302,1.174,0.576,5.165,3.332,0.765,2.553,4.535,3.475,2.636,3.252,3.534,2.337,1.934,2.904,2.833,2.694,2.527,1.161,2.555,1.039,0.658,1.937,1.132,1.025,1.199,1.271,1.324,1.26,1.572,2.038,2.471,2.721,6.745,4.159,1.487,1.099,3.349,2.078,3.999,2.036,0.995,1.067,0.928,1.478,1.314,2.601,1.249,2.438,4.956,2.226,1.8,1.464,2.238,1.926,1.999,2.622,1.475,2.898,0.938,1.614,1.156,0.907,0.875,0.774,1.536,0.415,1.001,0.884,0.811,0.703,1.849,1.498,1.534,4.31,1.845,1.04,1.346,0.474,1.136,2.045,0.82,4.34,2.687,3.59,2.576,2.316,3.46,1.561,3.859,2.514,2.325,1.208,2.675,1.378,1.429,2.509,1.197,1.817,1.87,1.508,1.925,1.935,1.869,0.786,1.815,1.073,1.469,1.573,2.129,1.126,1.181,2.274,0.583,2.968,1.4,2.891,4.891,2.762,3.753,1.257,1.121,1.551,2.896,0.852,1.341,0.376,1.63,2.796,1.002,1.119,1.271,2.692,2.48,0.985,0.654,0.564,0.966,1.853,0.854,0.195,0.867,0.463,0.3,1.86,0.424,1.406,0.88,1.584,2.329,2.566,0.581,1.404,0.881,1.08,0.854,1.264,0.778,2.36,0.721,0.999,1.291,1.48,0.783,0.919,1.483,1.805,0.716,1.718,1.072,0.899,1.07,0.985,2.86,6.259,2.632,1.273,1.528,2.889,1.492,0.815,3.223,0.453,3.097,1.632,2.402,3.057,2.138,3.274,0.789,1.695,1.604,2.168,6.289,1.375,0.921,1.798,0.738,1.058,1.523,1.356,1.453,1.237,1.206,1.054,0.77,1.105,0.926,0.699,0.787,0.606,1.108,0.554,0.82,1.389,0.68,1.176,0.747,0.369,0.207,0.627,1.185,1.245,1.893,1.55,0.945,0.841,0.76,0.713,0.342,1.176,1.402,0.242,0.668,0.948,0.558,0.631,0.54,,1.105,0.072,0.704,1.436,1.785,0.719,0.303,1.931,2.248,1.84,2.75,2.091,1.345,1.978,0.615,3.473,0.442,2.514,1.775,1.277,2.72,,1.179,1.457,0.368,0.11,0.268,0.986,0.672,1.628,0.493,1.422,4.578,3.216,4.01,0.672,1.303,4.476,1.229,7.052,2.813,1.763,2.988,5.605,2.152,0.405,,2.862,0.9,0.947,3.967,3.152,2.02
20150109,4,CO_24h,3.404,4.839,4.628,2.96,3.074,3.923,7.293,1.227,2.821,3.032,3.737,3.8,7.387,3.079,3.118,2.292,1.075,1.435,1.753,1.267,1.706,1.71,1.232,2.068,2.605,1.554,1.876,2.022,1.529,1.397,1.589,1.579,1.868,1.365,1.448,1.236,1.207,1.453,1.422,1.102,1.221,1.362,1.414,0.921,1.26,0.69,0.779,1.067,2.164,1.385,2.42,2.121,1.42,1.313,1.42,1.585,1.291,1.576,1.615,1.152,1.265,1.316,1.161,1.518,1.221,1.053,0.801,1.226,0.745,2.337,2.768,1.717,1.443,3.955,1.573,1.433,1.92,0.591,2.97,2.83,0.786,2.543,3.465,2.801,2.515,3.671,3.658,1.992,1.654,2.229,2.419,2.956,2.395,0.934,2.373,1.156,1.029,2.021,1.312,1.374,1.426,1.487,1.417,1.471,1.679,1.656,2.214,2.548,4.681,4.557,1.769,1.349,2.213,1.971,2.866,2.203,1.401,1.402,0.844,1.263,1.532,2.23,1.322,2.262,4.027,2.446,1.99,1.701,2.131,1.779,1.9,2.556,1.707,3.084,0.994,1.775,1.29,1.002,0.924,0.802,2.43,0.519,1.038,0.82,0.898,0.673,1.809,1.392,1.81,4.857,1.83,1.387,1.47,0.828,1.503,2.1,1.242,3,3.041,2.217,1.879,1.499,1.871,1.32,3.255,2.145,2.292,0.918,1.921,1.56,1.232,2.236,1.14,1.548,1.805,1.31,1.282,1.949,1.706,0.639,1.159,1.14,1.422,1.53,2.087,1.009,1.041,2.828,0.873,2.087,1.248,2.785,4.319,2.987,3.696,0.806,1.092,1.492,1.234,0.907,1.368,0.332,1.742,2.339,1.071,1.37,1.579,3.119,2.371,0.951,1.15,0.538,0.811,1.02,0.719,0.409,1.057,0.379,0.615,1.248,0.829,1.428,0.883,1.598,2.225,2.168,0.592,1.515,1.263,1.294,0.928,1.456,0.894,2.277,0.643,1.196,1.351,1.541,0.852,1.036,1.366,1.539,1.019,1.674,1.038,1.014,1.334,0.865,2.349,4.012,2.191,1.832,1.6,2.672,1.689,1.229,2.822,0.668,3.064,1.822,2.814,2.458,2.33,3.418,0.952,1.546,1.703,2.034,5.131,1.358,0.888,1.78,0.851,1.639,1.692,1.494,1.561,1.388,1.216,1.166,1.081,0.982,1.179,0.888,0.874,0.559,0.95,0.532,1.161,1.406,1.027,1.402,0.733,0.46,0.277,0.745,0.973,1.28,2.027,1.255,1.015,0.937,0.855,0.882,0.522,1.446,1.69,0.665,0.686,1.159,0.901,0.878,0.886,,1.387,0.275,0.705,1.336,1.369,0.722,0.344,2.104,2.968,1.939,3.204,1.761,1.535,2.382,1.125,6.281,1.267,3.049,1.897,1.209,2.052,,1.963,1.407,0.433,0.271,0.326,1.159,0.808,1.171,0.754,1.006,3.904,1.636,3.462,0.746,1.366,3.827,1.357,4.437,2.09,1.804,2.955,3.583,2.191,0.544,,2.448,0.997,1.232,3.157,2.6,1.553
20150109,5,AQI,78,352,300,297,163,233,500,37,39,291,252,324,258,94,51,266,170,88,205,130,165,192,195,311,214,153,207,225,156,221,164,234,185,146,178,141,156,164,206,131,92,109,69,100,130,74,55,85,219,196,122,242,205,71,86,100,76,104,103,87,66,65,85,61,106,117,61,16,45,93,92,51,87,189,178,189,60,60,148,147,61,279,356,326,266,203,274,296,120,223,245,192,246,120,189,65,64,113,116,76,98,88,70,88,55,15,257,59,122,142,67,49,124,135,127,78,70,81,65,121,110,163,81,102,278,148,59,157,91,318,232,119,113,109,136,89,104,42,67,86,51,89,87,85,88,74,19,106,70,67,53,67,51,58,104,70,132,257,117,179,225,168,219,121,164,141,132,105,115,124,146,161,161,238,167,161,234,132,170,133,164,116,131,141,124,99,131,165,69,127,76,89,168,106,146,61,100,89,137,40,87,20,41,111,83,55,119,132,103,72,81,46,28,67,110,52,39,109,26,239,28,100,83,210,156,82,61,144,86,114,86,114,72,104,83,53,67,64,60,83,121,86,72,72,88,61,63,76,127,233,413,122,121,147,174,125,207,56,181,241,217,191,132,177,128,178,168,158,98,142,110,132,77,81,91,99,92,83,59,117,59,115,81,52,72,124,69,91,71,138,39,69,72,30,19,28,36,36,56,18,22,63,43,59,29,24,64,20,22,33,35,42,46,,31,42,40,46,33,30,35,116,71,81,57,134,111,64,56,69,48,65,60,81,230,,64,39,47,40,41,28,47,83,50,63,170,150,196,103,81,185,135,79,50,43,110,186,100,26,,129,85,103,171,202,66
20150109,5,PM2.5,57,301,249,246,123,182,651,20,18,240,201,273,207,70,17,215,128,65,154,98,125,144,146,260,163,112,156,174,118,170,124,183,139,111,134,107,118,124,155,99,68,81,49,75,98,53,38,62,168,147,92,191,154,51,63,75,55,77,76,64,47,46,62,43,79,88,43,6,8,56,68,32,60,142,134,142,24,23,113,112,43,228,305,275,215,152,223,245,90,172,194,144,195,90,142,46,45,84,87,55,73,65,50,65,25,8,206,30,92,108,37,24,93,102,96,57,50,59,46,91,82,123,57,71,227,113,37,119,64,267,181,81,84,81,103,66,77,18,48,63,24,66,64,62,65,53,11,79,39,35,26,45,14,14,60,50,100,206,88,135,174,127,168,91,124,107,100,78,86,93,111,122,122,187,126,122,183,100,128,101,124,87,97,107,93,74,99,125,49,96,37,66,127,79,111,35,75,66,104,22,64,12,24,75,61,37,89,99,76,52,59,32,9,48,82,21,27,81,14,188,11,75,61,159,118,60,43,110,63,85,63,85,52,77,61,36,48,45,42,61,91,63,52,52,65,43,44,55,96,182,367,92,91,112,131,94,156,39,136,190,166,143,100,133,97,134,127,120,57,108,82,100,56,59,67,74,68,61,41,88,41,86,59,19,52,93,49,67,51,105,27,49,52,21,11,12,25,25,30,11,15,44,25,41,20,10,45,2,15,23,24,29,25,,5,8,28,10,23,21,5,87,33,59,21,76,83,40,37,49,33,35,42,59,179,,34,24,29,28,23,14,31,61,26,37,128,91,147,76,50,139,49,56,24,4,82,140,55,8,,77,62,76,129,151,47
20150109,5,PM2.5_24h,147,205,190,163,98,194,375,29,64,188,145,218,263,70,66,180,65,89,190,87,113,131,101,181,132,95,141,152,105,129,118,123,125,95,133,83,109,108,129,89,63,78,51,69,104,39,36,56,133,72,137,166,132,50,51,64,46,55,59,54,39,33,57,39,76,73,52,32,13,53,72,44,63,194,118,111,71,26,108,92,32,182,208,176,166,143,174,204,65,119,156,172,143,46,128,46,41,59,64,47,48,48,41,64,26,28,192,38,93,110,44,61,83,82,86,78,86,48,40,101,81,119,59,71,219,197,57,130,73,232,162,74,100,94,85,53,71,33,46,71,46,64,63,56,66,59,30,65,64,55,36,58,42,26,87,66,95,157,87,90,100,67,100,79,71,92,96,49,81,78,112,89,92,119,99,108,116,93,96,103,92,85,101,98,90,63,88,127,38,85,40,72,119,101,107,40,74,69,67,44,73,15,31,73,71,63,100,114,88,47,119,22,7,27,55,20,26,50,28,109,25,85,53,128,102,59,52,101,73,79,61,84,60,78,39,37,37,32,36,64,96,59,56,47,60,44,42,42,90,154,297,124,93,115,131,99,141,47,141,160,177,120,104,124,105,118,123,124,73,99,90,104,61,51,54,63,60,46,45,67,46,72,52,18,53,79,46,61,66,102,43,66,49,21,14,40,79,36,50,24,42,48,24,71,31,18,47,19,25,40,41,41,33,,21,22,29,23,37,25,10,107,59,63,45,71,108,73,54,65,57,49,59,46,209,,43,25,60,31,23,28,37,65,81,43,183,73,182,80,42,179,76,55,27,12,102,122,56,35,,73,54,50,109,159,40
20150109,5,PM10,41,418,375,329,229,301,892,36,38,318,293,436,290,133,50,291,177,95,192,117,205,177,184,297,248,254,222,233,180,256,206,228,233,144,188,157,174,148,197,148,103,120,86,100,118,64,51,89,314,228,192,227,157,60,80,109,79,106,91,79,74,76,89,60,113,129,49,9,14,134,111,50,121,213,186,220,67,68,143,131,56,265,401,372,280,205,352,340,93,294,326,301,279,129,199,59,74,98,108,70,95,106,67,85,58,,286,66,125,130,81,45,135,164,175,96,69,82,55,99,124,159,109,152,289,188,66,181,130,360,262,186,99,113,115,83,91,27,80,75,50,99,94,88,78,73,12,147,87,81,54,82,50,64,156,87,143,287,182,222,258,160,192,110,135,157,128,108,115,123,153,150,147,270,139,135,269,132,176,187,147,116,210,174,97,81,142,165,68,172,100,115,213,119,120,70,107,107,212,39,77,19,40,170,79,58,107,211,111,90,89,32,27,75,111,51,38,115,20,203,27,119,94,164,156,87,51,173,79,117,120,101,80,103,79,40,50,68,58,90,136,110,69,67,101,58,71,78,184,313,334,128,119,179,170,133,237,40,227,287,239,209,153,203,134,170,162,171,143,135,133,160,87,83,85,101,83,85,58,110,47,86,74,51,79,102,65,97,76,122,38,84,77,22,18,18,34,35,60,13,15,55,42,,25,20,,9,21,26,33,,45,,30,17,25,45,17,,16,100,90,77,61,216,124,75,60,80,36,78,56,77,213,,76,31,46,32,40,27,34,103,49,74,203,248,234,98,110,238,217,105,,20,109,,148,10,,205,86,95,90,210,68
20150109,5,PM10_24h,144,333,304,239,193,327,530,74,128,253,241,352,400,122,159,248,100,126,233,112,202,173,138,221,227,221,199,209,177,177,203,161,218,136,193,127,170,128,180,138,104,131,84,104,136,65,57,88,247,130,281,197,143,71,79,94,72,87,84,74,70,62,84,57,100,113,67,52,22,138,124,73,127,278,169,175,173,100,135,120,59,232,322,251,239,196,301,324,82,204,261,312,231,77,175,65,69,74,87,64,66,81,65,89,48,50,295,105,128,152,107,114,119,125,110,114,117,63,62,117,134,170,110,154,323,286,110,204,147,308,235,167,132,124,96,71,87,46,70,86,94,94,90,79,82,85,46,160,141,146,69,103,84,86,218,120,146,226,209,148,149,98,124,98,90,144,135,77,79,122,163,115,128,178,125,135,163,127,131,185,124,133,179,158,140,82,124,187,58,142,114,128,196,158,104,118,119,102,167,92,103,41,63,166,92,93,130,200,125,84,163,29,20,43,82,41,41,66,46,130,50,134,85,147,137,93,69,183,94,116,114,107,96,117,66,54,60,60,59,107,134,108,80,58,99,63,66,60,162,265,311,181,133,174,187,151,210,69,212,245,265,173,160,187,132,164,172,199,129,135,139,164,90,72,74,88,71,61,81,92,65,84,66,48,84,98,59,78,99,122,63,113,80,26,23,62,100,60,77,31,77,64,37,114,49,37,66,40,37,47,58,49,92,,44,52,84,87,46,38,19,122,126,88,110,188,168,131,93,115,94,126,107,80,279,,117,40,91,54,46,142,45,133,144,84,246,278,298,98,115,310,298,108,44,19,143,236,137,57,,191,76,73,124,226,62
20150109,5,SO2,27,167,196,127,76,120,234,24,19,56,147,128,205,233,26,335,110,101,153,33,35,39,118,50,56,45,66,54,24,58,29,76,56,18,32,31,55,24,88,21,10,21,13,8,23,8,10,48,130,97,138,24,37,24,13,17,22,31,32,32,19,37,22,9,20,12,16,16,4,39,31,34,91,66,32,34,31,23,104,78,10,127,83,88,95,258,203,48,97,306,195,106,72,116,328,30,18,23,65,12,16,28,36,7,21,4,61,38,107,133,146,144,100,63,138,113,22,73,30,35,18,41,22,83,148,102,81,105,40,23,65,21,28,11,38,24,32,2,18,18,22,30,15,4,19,12,12,18,17,39,29,20,150,26,177,2,12,141,99,166,102,88,61,110,127,25,94,33,32,45,24,53,11,71,62,33,90,20,36,31,30,36,25,23,5,209,13,24,43,104,111,164,66,52,90,20,29,13,49,23,20,19,13,104,34,60,78,71,34,20,41,63,18,6,37,6,11,29,36,68,25,30,24,20,52,12,5,10,35,46,14,29,10,20,14,28,16,26,7,15,18,39,29,93,89,37,46,125,92,132,88,72,19,10,34,22,53,17,57,57,22,12,10,10,16,50,39,66,35,108,39,31,123,33,19,53,19,15,11,23,11,23,6,24,9,15,9,18,7,9,13,8,52,2,10,81,15,61,15,7,7,29,14,6,19,8,11,6,8,14,17,5,22,,3,5,3,7,31,5,6,7,18,31,2,72,44,41,46,7,15,20,14,21,66,,13,21,15,6,17,2,12,14,15,9,70,3,17,26,30,46,14,27,6,21,33,57,35,4,,89,27,48,82,75,121
20150109,5,SO2_24h,55,145,221,113,112,119,231,50,70,51,163,172,268,202,93,293,79,89,221,45,44,54,61,80,79,43,66,55,43,49,55,63,57,27,56,30,56,43,71,22,19,36,23,26,25,10,13,34,121,62,137,37,37,22,12,18,19,25,27,28,18,22,23,9,15,10,28,11,5,41,43,30,150,83,38,36,55,20,168,81,13,195,116,113,91,239,245,107,55,181,136,120,86,40,194,30,16,16,26,13,13,20,39,14,22,15,109,54,141,215,103,161,117,75,146,135,54,53,33,44,29,49,54,98,162,99,106,118,70,64,74,30,45,14,31,17,37,2,18,18,53,26,19,18,19,16,32,33,38,81,22,35,198,39,185,11,21,198,141,123,65,93,71,59,83,51,59,27,33,46,43,60,11,40,59,41,58,50,41,37,37,28,22,31,20,115,19,35,26,83,142,169,79,98,139,31,59,27,72,36,32,31,24,179,56,78,72,198,63,27,70,36,21,3,25,8,13,20,51,38,38,35,29,33,80,18,8,15,40,58,20,34,26,30,12,27,23,26,12,16,32,44,37,61,65,48,47,62,155,157,96,94,29,21,61,34,49,34,53,55,38,38,22,24,21,56,52,66,42,65,63,35,69,28,15,37,16,13,19,18,12,18,11,18,14,13,16,11,23,11,11,10,53,2,10,37,22,80,15,15,16,27,24,24,25,9,13,32,11,13,21,26,18,,6,7,4,8,32,7,5,21,37,44,30,85,80,96,130,43,39,115,81,32,115,,39,23,32,8,17,2,26,27,60,24,71,11,42,26,49,71,28,39,17,22,39,52,36,8,,177,23,24,93,153,79
20150109,5,NO2,62,145,119,136,75,130,130,7,31,75,94,110,87,43,27,71,80,51,86,102,93,97,75,72,63,66,59,70,80,71,43,52,59,59,77,75,63,72,109,45,42,52,33,39,43,25,10,49,88,90,75,105,61,32,37,78,52,55,82,43,19,42,37,4,33,33,15,13,5,43,53,31,38,89,48,60,23,24,72,67,26,82,105,101,87,93,92,60,63,77,82,74,85,80,116,30,26,24,25,41,39,51,34,22,56,15,74,21,66,30,58,25,71,45,74,53,30,30,27,30,26,59,46,57,85,66,25,62,58,32,54,44,30,20,23,19,16,9,34,31,22,33,25,52,21,25,17,35,34,43,26,41,6,33,31,39,31,64,57,54,88,80,53,39,85,42,70,25,36,22,68,85,74,105,76,46,117,65,70,60,43,50,35,41,34,41,45,58,47,28,40,36,31,59,29,31,33,43,49,33,18,3,8,44,31,56,52,51,53,34,18,21,5,18,26,15,19,41,16,184,21,75,26,65,62,55,21,26,27,59,52,51,38,29,23,24,10,34,5,31,18,36,25,46,58,26,39,35,85,92,104,82,40,44,65,20,65,11,77,65,51,67,38,34,22,40,29,36,34,38,33,30,26,13,16,25,18,17,20,15,10,28,29,30,25,26,22,20,11,25,12,19,23,4,6,12,15,13,29,23,11,12,12,9,10,6,24,4,3,9,5,7,25,,23,4,4,7,31,20,5,27,64,16,26,29,58,33,17,44,24,10,23,42,132,,38,7,10,10,9,5,5,20,16,40,62,35,74,7,43,43,11,56,35,5,67,86,9,3,,48,30,44,53,32,40
20150109,5,NO2_24h,103,123,120,111,78,118,123,18,57,74,87,109,127,39,49,85,58,56,101,85,92,95,56,68,59,51,62,69,81,49,44,42,54,60,82,68,75,77,94,42,45,58,37,39,44,28,20,43,89,67,76,104,63,44,42,49,45,37,57,43,27,35,33,9,40,45,24,30,12,47,64,37,48,95,63,54,49,26,73,61,26,94,99,89,84,92,98,84,51,74,75,87,85,35,95,35,27,21,24,30,24,34,43,32,37,23,84,28,72,37,52,33,61,49,81,60,45,38,29,39,35,61,47,49,97,83,47,68,65,47,70,38,38,29,27,20,24,15,41,38,45,37,31,45,28,32,28,37,55,57,31,48,30,77,38,43,39,77,61,45,68,73,49,28,55,52,57,26,35,19,71,69,58,82,61,48,81,68,71,67,38,54,41,48,47,37,37,45,33,24,37,39,32,59,33,34,40,42,35,39,37,7,16,47,40,60,64,65,52,43,38,16,6,11,24,19,18,24,24,103,25,57,22,62,58,46,25,26,38,57,41,57,37,30,19,27,10,29,5,33,29,40,34,29,44,33,35,30,147,91,98,82,46,37,72,33,68,34,73,49,45,66,41,42,40,43,39,33,35,47,30,31,31,15,14,23,19,19,27,17,22,29,21,29,33,32,36,28,24,39,16,33,27,8,10,29,24,22,38,24,20,28,19,23,19,17,23,24,9,16,22,19,27,,35,9,5,10,26,9,8,34,72,24,40,32,65,42,36,59,49,28,36,46,133,,41,10,18,14,9,7,10,21,32,36,68,22,80,21,63,53,14,59,33,18,61,74,21,10,,55,30,32,53,42,31
20150109,5,O3,16,3,14,7,1,4,20,48,30,5,5,3,4,7,36,11,7,24,7,7,5,5,9,11,8,15,12,9,16,10,15,22,7,16,4,8,7,4,2,8,13,6,12,21,19,64,62,13,7,13,26,8,29,54,44,37,22,6,13,52,67,47,39,87,5,6,43,49,86,8,8,15,21,9,33,23,41,37,9,6,77,1,6,5,2,15,5,13,5,13,8,4,3,6,5,41,63,58,57,7,50,35,65,36,9,27,4,34,16,22,27,20,4,7,4,6,38,24,34,29,48,16,29,12,3,4,53,24,4,10,43,16,7,20,91,68,70,90,4,10,15,10,42,11,24,20,19,5,61,8,13,7,65,63,24,42,55,5,8,2,7,9,3,6,4,1,2,28,3,5,8,4,13,9,5,5,13,,14,27,12,144,82,3,10,3,32,8,30,9,31,5,33,23,17,44,13,14,6,35,43,31,74,8,28,19,16,19,13,12,27,33,31,36,29,37,40,36,56,19,51,33,47,8,42,31,28,34,48,70,26,32,35,57,68,4,35,26,43,14,7,6,9,15,15,18,14,7,11,2,3,5,18,8,2,68,12,29,3,8,11,4,18,9,2,13,28,39,6,24,27,26,2,40,45,39,39,65,7,55,43,36,23,15,21,8,3,5,35,21,20,4,11,48,35,47,19,37,7,28,35,39,40,39,35,51,44,58,39,25,29,42,8,,34,79,30,76,38,38,58,7,3,5,21,7,10,17,37,28,34,67,10,7,6,,7,77,64,52,60,7,98,4,40,19,7,7,23,19,19,29,41,8,95,91,20,6,58,57,,2,64,28,3,7,4
20150109,5,O3_24h,24,25,20,30,16,15,34,71,50,15,39,36,13,38,50,37,48,60,30,73,69,61,86,50,81,90,68,82,78,65,67,98,51,74,86,91,53,67,71,98,75,94,106,106,65,104,85,75,41,63,63,103,75,110,122,124,112,85,109,142,116,130,86,97,17,51,62,56,97,46,53,58,68,23,65,89,54,66,53,42,116,23,59,71,32,31,29,80,49,42,91,24,45,63,34,103,134,137,144,109,133,129,113,175,116,27,50,71,48,45,60,33,50,52,40,46,66,56,79,59,79,46,73,75,21,32,75,102,46,44,98,105,27,54,96,109,99,107,40,44,38,51,71,75,40,57,70,53,95,70,58,49,84,94,83,84,73,24,33,52,55,63,58,55,57,43,29,65,48,58,65,67,83,81,75,97,63,53,81,69,77,92,91,82,44,32,108,52,108,39,102,44,80,64,46,95,60,54,123,72,56,49,93,38,58,53,68,40,65,47,49,65,40,63,48,66,56,58,65,60,54,76,80,81,99,86,51,70,105,126,67,69,109,69,90,79,95,94,90,85,56,78,93,95,102,123,115,86,24,34,43,54,97,68,62,113,62,57,94,102,106,113,94,95,17,111,85,142,84,87,77,87,60,80,79,93,68,142,34,116,47,77,74,98,49,61,32,45,58,68,54,22,56,76,45,79,31,56,51,53,42,56,72,79,42,73,99,58,48,25,77,69,97,,44,93,40,91,77,89,89,53,62,39,80,34,88,75,84,78,45,79,85,89,62,,82,110,88,109,108,28,129,12,61,57,49,37,38,20,60,63,57,63,143,93,72,41,90,89,,39,115,152,48,20,47
20150109,5,O3_8h,9,3,13,7,1,4,23,49,27,5,5,5,4,8,36,12,7,23,8,10,5,6,10,19,9,16,14,9,17,13,23,24,9,18,6,2,6,4,2,8,31,7,12,33,23,71,55,12,8,15,28,20,46,39,39,44,17,8,23,46,61,48,40,87,5,9,48,29,88,7,10,18,17,6,39,24,38,48,9,7,85,2,11,5,6,16,6,15,8,15,9,5,4,24,5,42,72,90,73,19,77,62,55,42,14,22,9,34,23,24,29,21,7,8,4,7,33,22,33,34,46,13,29,17,3,3,45,20,6,10,32,26,8,24,88,76,64,83,4,10,10,12,56,15,24,14,17,5,54,10,12,9,52,29,28,40,61,5,9,2,7,9,3,8,10,2,2,26,3,6,10,4,17,9,5,7,13,1,8,21,24,131,63,4,11,5,44,18,30,16,30,7,36,26,18,41,20,18,12,35,26,33,77,9,33,13,16,19,14,19,23,44,32,48,33,43,42,40,50,34,39,33,53,13,44,32,28,32,63,90,31,30,34,53,77,5,31,20,46,10,7,10,11,40,34,26,29,10,10,3,3,8,27,10,4,64,14,30,5,47,43,9,29,17,3,13,23,50,6,29,37,44,3,45,49,50,44,66,8,57,36,37,36,21,17,16,4,8,35,20,20,3,17,59,29,46,12,43,10,35,30,35,47,41,36,47,59,39,39,21,15,36,12,,30,83,33,79,46,55,69,10,5,12,19,4,11,20,30,17,24,60,11,6,9,,13,76,74,61,72,8,92,4,30,13,9,11,22,19,12,23,37,8,98,84,16,6,55,51,,3,67,42,3,7,7
20150109,5,O3_8h_24h,13,11,15,20,10,10,25,54,30,10,25,20,9,29,37,27,38,47,22,55,42,46,74,39,52,69,53,62,61,53,46,80,34,57,65,69,42,52,57,79,66,65,78,94,45,97,71,55,30,47,45,46,61,94,101,104,95,67,86,120,102,111,74,89,16,34,56,42,91,27,34,45,58,15,50,67,41,60,35,29,90,15,30,36,23,25,18,51,48,33,45,16,28,60,26,97,117,119,126,91,118,114,100,145,94,22,40,58,35,33,55,26,36,39,32,33,53,43,66,47,54,30,59,48,13,19,58,75,33,33,76,78,24,44,91,100,88,96,23,33,24,38,62,34,28,55,60,30,78,47,42,30,71,64,39,61,63,17,24,34,43,48,48,42,60,29,25,58,41,48,56,54,64,70,61,57,53,36,61,50,67,157,74,56,27,25,92,40,83,34,77,29,65,45,31,85,46,41,80,64,34,43,87,30,44,40,48,33,34,34,42,62,38,60,41,60,50,57,65,52,45,53,66,60,83,69,40,44,81,99,51,54,64,59,81,69,83,86,80,64,43,64,62,89,88,80,93,71,17,18,28,39,75,50,41,93,41,44,63,79,75,72,82,71,11,66,70,117,68,74,59,73,42,67,72,81,55,106,26,119,41,62,70,75,38,65,26,33,47,49,31,13,50,69,39,66,29,51,36,50,40,52,65,69,36,66,66,47,41,21,51,64,59,,38,84,36,87,70,83,84,40,44,32,52,28,56,57,64,58,36,69,58,64,41,,59,108,76,100,105,15,121,9,50,53,35,32,35,19,41,52,50,50,129,84,52,28,73,68,,24,102,119,34,15,42
20150109,5,CO,1.467,5.985,5.396,5.118,3.199,4.156,10.644,1.008,0.768,2.711,5.671,3.312,7.993,3.526,1.906,2.497,2.209,1.129,1.703,1.588,1.909,2.051,1.469,1.882,3.128,1.854,2.826,2.699,1.644,1.549,2.12,2.129,1.598,1.44,1.458,1.351,1.14,1.467,1.751,1.01,1.485,1.262,1.383,0.842,1.185,0.682,0.673,1.008,2.532,2.155,1.705,2.313,1.286,1.103,1.335,1.47,1.218,1.555,1.638,1.082,1.092,1.274,1.051,1.015,1.258,1.201,0.663,0.821,0.654,2.423,2.639,1.707,1.34,3.273,1.407,1.284,1.503,0.605,5.15,3.259,0.794,2.345,5.27,3.546,2.602,3.375,3.395,2.227,1.94,2.76,2.507,2.434,2.5,1.301,3.289,1.067,0.689,1.941,1.363,1.019,1.228,1.288,1.305,1.217,1.526,1.447,2.574,2.689,6.678,4.262,1.602,1.227,3.189,2.143,3.98,1.95,0.98,0.892,0.874,1.418,1.296,2.727,1.331,2.316,4.307,2.101,1.779,1.182,2.109,1.83,1.841,2.562,1.526,2.832,0.955,1.66,1.131,0.926,0.878,0.812,1.386,0.441,1.027,0.97,0.82,0.703,1.763,1.439,1.535,4.206,1.905,1.375,1.421,0.396,1.543,1.928,0.872,3.559,2.384,2.901,2.475,2.33,3.268,1.729,3.911,2.412,2.675,1.194,2.52,1.496,1.306,2.338,1.215,1.817,1.941,1.405,1.931,2.059,1.832,0.805,1.882,1.124,1.524,1.531,2.078,1.038,1.093,2.346,0.593,3.273,1.392,2.776,4.601,2.468,3.664,1.098,1.028,1.586,1.667,0.893,0.949,0.373,1.696,2.707,1.065,0.98,1.325,2.736,2.529,0.976,0.642,0.614,0.958,2.433,0.838,0.226,0.889,0.786,0.263,1.88,0.305,1.429,0.911,1.66,2.15,2.516,0.579,1.411,1.031,1.369,0.858,1.354,0.733,2.377,0.751,1.011,1.305,1.338,0.814,0.976,1.548,1.757,0.802,1.706,1.123,0.931,1.098,0.874,2.003,4.935,2.637,1.265,1.557,2.811,1.778,0.811,3.515,0.47,3.185,1.7,2.762,2.467,2.113,3.266,0.911,1.715,1.609,2.301,5.326,1.364,0.852,1.912,0.788,1.063,1.531,1.528,1.475,1.242,1.093,1.053,0.749,1.093,0.912,0.788,0.83,0.664,1.046,0.56,0.841,1.362,0.674,1.081,0.806,0.356,0.169,0.541,0.897,1.239,1.939,1.483,1.07,0.861,0.703,0.707,0.658,1.143,,0.185,0.676,0.942,0.559,0.592,0.574,,1.042,0.046,0.699,1.381,1.642,0.774,0.311,1.909,2.232,1.851,2.712,2.07,1.378,1.689,0.565,3.549,0.42,2.565,1.891,1.261,2.28,,1.457,1.316,0.222,,0.316,0.838,0.532,1.473,0.413,1.432,3.939,3.197,3.663,0.505,1.005,4.103,1.225,7.097,3.748,1.685,2.801,4.471,2.191,0.375,,2.936,0.856,1.018,3.601,3.302,2.184
20150109,5,CO_24h,3.326,5.035,4.65,3.067,3.123,3.957,7.382,1.219,2.786,3.055,3.856,3.843,7.473,3.073,3.014,2.305,1.14,1.414,1.772,1.302,1.736,1.731,1.255,2.068,2.597,1.589,1.92,2.059,1.544,1.407,1.614,1.618,1.834,1.379,1.452,1.259,1.217,1.468,1.443,1.109,1.237,1.362,1.417,0.921,1.253,0.684,0.764,1.061,2.171,1.441,2.33,2.124,1.415,1.298,1.413,1.563,1.281,1.567,1.612,1.144,1.252,1.317,1.157,1.498,1.231,1.063,0.798,1.211,0.749,2.34,3.036,1.742,1.398,3.931,1.565,1.419,1.865,0.595,3.09,2.832,0.782,2.567,3.553,2.854,2.504,3.702,3.641,2.02,1.707,2.3,2.418,2.932,2.436,0.977,2.47,1.147,1.007,2.008,1.314,1.336,1.417,1.472,1.409,1.472,1.665,1.616,2.254,2.563,4.749,4.561,1.689,1.337,2.215,1.996,2.926,2.2,1.395,1.399,0.86,1.289,1.541,2.26,1.303,2.223,4.038,2.417,1.925,1.668,2.128,1.793,1.898,2.552,1.692,3.083,0.996,1.77,1.283,1,0.953,0.807,2.392,0.518,1.041,0.837,0.9,0.674,1.819,1.402,1.807,4.852,1.829,1.37,1.449,0.831,1.496,2.095,1.196,3.061,3.021,2.298,1.936,1.542,1.972,1.368,3.311,2.189,2.336,0.958,1.995,1.604,1.241,2.264,1.154,1.582,1.818,1.332,1.327,1.945,1.72,0.624,1.201,1.156,1.432,1.543,2.099,1.019,1.034,2.823,0.845,2.097,1.274,2.782,4.296,2.95,3.697,0.831,1.085,1.519,1.296,0.901,1.36,0.33,1.73,2.48,1.075,1.334,1.583,3.148,2.393,0.964,1.143,0.542,0.82,1.095,0.729,0.402,1.048,0.401,0.617,1.301,0.835,1.426,0.866,1.6,2.197,2.215,0.593,1.525,1.238,1.286,0.919,1.451,0.902,2.287,0.643,1.18,1.347,1.392,0.845,1.033,1.343,1.541,1.014,1.683,1.03,0.992,1.328,0.869,2.342,4.034,2.236,1.742,1.599,2.672,1.718,1.199,2.823,0.646,3.074,1.815,2.762,2.481,2.319,3.419,0.96,1.56,1.696,2.033,5.001,1.36,0.891,1.775,0.859,1.617,1.683,1.5,1.559,1.384,1.209,1.157,1.059,0.989,1.164,0.885,0.879,0.569,0.956,0.535,1.152,1.423,1.006,1.398,0.744,0.454,0.28,0.743,0.984,1.291,2.037,1.271,1.03,0.933,0.847,0.877,0.618,1.429,1.699,0.643,0.683,1.154,0.884,0.863,0.885,,1.393,0.274,0.706,1.345,1.398,0.713,0.346,2.104,2.956,1.94,3.199,1.783,1.511,2.362,1.118,6.073,1.241,3.044,1.912,1.192,2.015,,1.995,1.391,0.422,0.236,0.324,1.151,0.804,1.207,0.755,1.037,3.925,1.727,3.461,0.745,1.354,3.763,1.352,4.614,2.184,1.8,2.918,3.646,2.201,0.538,,2.499,0.993,1.225,3.166,2.662,1.602
20150109,6,AQI,48,334,287,296,158,232,500,37,43,198,270,321,237,90,50,246,175,91,223,135,163,193,193,315,215,148,214,233,156,228,174,231,168,142,168,148,147,175,216,132,91,109,74,100,136,75,63,92,211,200,136,242,205,70,85,99,74,104,109,92,66,72,85,63,104,115,65,18,44,105,85,56,81,179,178,191,53,61,148,148,67,293,381,330,275,216,272,303,124,210,246,189,245,124,228,67,64,105,108,74,100,92,69,89,54,27,271,61,116,120,69,46,130,122,110,78,78,66,58,126,108,167,82,100,254,150,57,121,91,292,239,117,117,104,136,88,104,42,67,85,52,96,96,74,87,78,19,100,64,67,54,77,44,47,114,71,138,253,109,185,218,161,215,136,185,136,150,109,110,132,141,158,167,250,175,149,229,141,165,139,165,120,136,146,127,105,131,165,71,127,75,86,181,89,124,60,85,100,114,41,65,18,39,99,77,55,115,165,99,75,79,72,28,89,115,53,48,106,27,242,26,104,85,222,135,86,60,135,91,125,87,115,67,100,82,55,72,64,64,78,119,86,60,76,92,60,60,75,109,218,424,120,120,143,184,130,206,50,182,245,216,179,132,186,125,185,171,156,100,141,122,136,77,85,97,113,93,86,64,119,58,109,78,52,75,122,65,91,66,137,49,67,67,30,16,24,33,32,58,17,41,67,33,56,27,25,63,23,29,33,35,45,50,,34,42,26,39,30,28,34,117,69,78,54,119,108,66,55,67,40,66,58,76,208,,65,38,51,42,38,44,48,83,44,63,167,137,184,103,66,188,133,73,51,44,103,92,86,27,,142,87,106,165,170,74
20150109,6,PM2.5,33,283,236,245,120,181,620,18,19,148,219,270,186,66,18,195,132,67,172,102,123,145,145,264,164,108,163,182,118,177,131,180,127,108,127,113,112,132,165,100,67,81,53,75,103,54,44,68,160,150,97,191,154,50,62,74,53,77,81,68,47,52,62,44,77,86,46,5,8,63,62,36,56,135,134,143,18,21,113,113,48,242,330,279,224,165,221,252,93,159,195,142,194,93,177,48,45,78,80,53,75,68,49,66,24,9,220,31,87,90,42,26,98,92,82,57,57,47,40,95,80,126,58,63,203,115,32,91,67,241,188,80,88,77,103,65,77,17,48,62,24,71,71,52,64,57,12,75,38,34,25,54,18,11,68,51,105,202,78,139,167,122,164,103,139,103,115,81,82,100,107,120,126,199,132,114,178,107,125,106,125,90,103,111,96,78,99,125,51,96,41,63,136,66,93,35,62,75,85,22,46,7,27,67,56,35,86,125,74,54,55,52,8,66,86,22,33,79,16,191,11,77,62,171,102,63,42,102,67,94,64,86,48,75,60,38,52,45,45,57,89,63,42,55,68,42,42,54,81,167,384,90,90,109,138,98,155,30,137,194,165,135,100,140,94,139,129,118,63,107,92,103,56,62,72,84,69,63,45,89,40,81,57,19,54,92,46,67,47,104,29,44,48,21,7,10,23,21,34,10,26,48,18,39,17,8,44,2,20,23,24,31,29,,10,8,18,8,21,19,6,88,26,57,21,84,80,40,31,48,27,42,40,55,157,,36,23,29,28,19,24,26,61,23,36,126,81,138,76,31,136,49,46,17,7,76,68,51,11,,76,64,79,125,128,53
20150109,6,PM2.5_24h,144,215,194,170,101,191,385,29,63,191,149,224,262,69,63,183,69,88,193,89,116,131,105,186,135,95,141,152,105,130,118,127,127,96,134,85,110,110,130,90,63,79,51,70,104,40,37,57,137,78,130,168,133,51,52,64,47,57,60,55,39,34,58,39,76,73,52,30,14,52,71,44,61,192,119,113,69,25,108,93,33,187,217,183,170,146,177,208,68,124,158,175,147,49,133,47,41,60,65,47,50,50,42,65,25,27,196,41,93,110,41,60,83,83,82,78,86,49,40,103,81,119,59,70,219,193,54,127,72,235,163,75,101,95,85,53,71,33,44,69,44,65,64,57,66,59,30,66,64,55,36,57,42,26,86,65,96,161,88,95,105,70,105,82,76,94,99,52,83,81,111,91,94,122,102,111,118,94,97,103,93,87,101,99,92,65,88,127,39,85,41,71,118,98,107,40,74,70,70,42,73,15,31,74,71,61,101,117,89,48,118,23,7,29,57,20,27,52,28,116,25,84,53,131,103,60,53,102,73,80,61,84,61,80,40,37,37,33,36,65,95,60,56,48,61,44,41,43,91,155,305,119,93,115,132,99,142,46,142,162,176,122,104,125,105,119,124,122,72,100,90,103,62,52,55,65,61,48,45,69,45,73,52,19,54,80,45,61,66,103,42,65,49,21,14,39,76,34,53,22,40,48,24,70,31,18,47,18,25,38,40,41,34,,21,22,28,23,37,25,10,107,59,63,45,72,107,72,54,65,56,50,58,46,206,,43,23,58,30,23,27,37,65,80,43,183,74,181,81,41,178,76,57,26,12,100,116,56,34,,74,55,52,110,146,41
20150109,6,PM10,20,388,348,360,223,307,884,36,42,194,346,433,273,128,49,270,182,99,205,129,210,164,178,309,258,244,227,247,195,265,204,234,214,139,177,161,169,126,199,149,103,130,95,99,125,74,59,89,291,228,219,222,159,62,77,95,73,92,97,83,76,88,84,61,111,133,41,5,14,158,110,60,110,197,187,235,53,69,146,135,63,272,474,364,305,223,343,347,106,263,337,288,275,145,233,62,74,95,96,68,104,103,65,78,55,11,304,70,121,139,86,45,146,139,155,98,79,59,62,109,127,161,111,147,271,203,62,137,121,336,263,182,109,101,114,85,89,22,78,70,52,96,108,95,80,79,13,144,75,81,56,102,43,46,175,84,133,292,166,211,250,155,214,126,145,158,150,115,127,123,153,156,156,281,138,120,257,132,166,202,147,127,219,176,103,121,136,181,67,147,97,112,222,104,117,67,82,106,171,40,60,17,38,146,78,58,108,246,114,90,105,58,27,107,139,53,45,103,23,219,25,117,105,181,144,90,60,161,82,134,113,100,72,115,79,43,59,65,58,85,116,111,53,72,105,57,66,79,138,273,319,128,124,174,191,127,241,49,208,321,234,189,150,207,125,178,159,183,149,132,135,160,83,93,97,106,82,72,49,112,49,95,69,52,81,109,64,90,76,113,48,81,73,20,12,14,25,31,63,11,40,62,32,,26,24,,4,24,27,34,,49,,33,16,23,32,20,,25,96,85,69,55,185,127,80,57,68,39,79,61,72,200,,78,26,50,41,37,43,29,113,43,73,189,221,219,98,79,324,214,93,36,6,104,,119,11,,231,77,110,95,192,78
20150109,6,PM10_24h,163,345,310,247,197,327,540,74,126,257,249,363,399,121,156,252,105,124,237,114,207,172,142,228,229,223,199,209,179,180,204,166,220,138,193,131,172,129,181,140,104,132,85,106,135,66,58,88,251,138,270,198,142,71,80,95,74,89,84,75,70,64,85,58,101,113,67,50,22,139,122,73,123,276,170,178,168,98,135,121,59,235,332,261,244,200,302,327,85,208,267,317,237,82,184,66,70,75,88,65,69,84,66,90,49,48,300,114,129,152,104,113,119,126,103,114,116,63,63,119,133,170,110,153,322,283,105,199,147,313,237,168,132,125,97,72,87,45,67,84,93,94,92,80,82,85,45,163,141,146,69,102,84,86,217,118,147,231,210,155,156,102,130,103,93,148,138,82,85,123,162,118,130,183,126,135,168,127,133,184,125,136,181,159,138,83,124,186,60,142,114,127,196,155,104,114,119,101,169,88,103,41,59,168,92,91,130,204,127,87,163,30,21,47,85,41,42,67,46,138,50,133,85,150,139,94,70,184,93,116,114,107,96,119,68,54,60,61,59,107,134,109,80,59,100,63,66,62,164,266,313,174,133,173,189,149,212,69,213,244,261,175,160,189,133,166,172,197,130,137,139,164,91,74,76,90,72,62,80,94,65,84,66,48,84,100,58,78,99,123,61,112,81,26,23,61,99,57,85,29,74,64,38,117,49,36,66,38,37,45,57,49,90,,43,52,88,85,47,38,19,124,125,88,110,190,167,130,93,114,92,124,106,80,274,,117,37,89,54,45,137,44,131,140,84,248,272,295,99,113,313,299,109,43,18,140,236,136,56,,195,77,75,124,215,63
20150109,6,SO2,19,157,184,149,84,125,270,46,22,29,184,132,221,229,44,426,145,133,171,35,43,36,112,54,54,41,66,48,28,58,26,76,52,19,33,29,62,21,87,28,11,22,20,11,20,8,10,49,127,99,140,25,37,22,14,17,18,23,32,32,19,50,22,7,23,10,14,6,4,43,39,36,113,65,30,33,32,24,105,79,11,218,81,98,99,450,208,52,102,214,184,99,65,123,309,34,17,22,65,10,16,27,34,6,21,9,59,76,138,133,169,111,118,83,144,172,38,72,45,41,19,54,23,78,136,121,88,152,50,23,98,20,30,11,41,21,40,2,16,17,39,33,20,3,19,7,9,18,18,36,29,22,105,39,185,2,10,129,122,170,118,106,49,142,115,37,112,41,38,46,25,52,14,80,55,33,78,19,34,35,27,38,32,29,5,209,12,27,46,122,105,183,75,46,89,18,36,12,35,39,19,32,20,116,32,68,86,107,33,20,99,95,19,7,36,7,9,30,43,88,27,31,31,17,38,13,5,10,41,47,14,34,9,23,15,26,16,32,7,13,22,34,22,78,114,39,82,128,161,125,58,89,20,9,36,26,52,17,56,62,20,12,9,10,11,44,50,66,40,107,45,29,146,38,18,52,18,37,12,33,12,19,10,20,10,15,11,15,8,8,10,7,53,2,10,34,16,60,5,9,7,22,19,6,17,8,12,6,8,16,17,5,22,,3,5,3,7,31,9,6,8,16,33,2,153,45,80,117,14,19,60,33,24,128,,31,23,21,2,19,2,10,18,18,13,63,3,16,25,32,43,23,23,7,25,21,72,34,4,,79,24,48,84,61,242
20150109,6,SO2_24h,55,149,221,114,110,120,231,49,70,51,165,172,271,203,91,299,81,91,221,45,45,52,65,79,77,44,66,56,43,51,55,65,57,28,54,31,56,42,72,22,18,35,23,27,25,10,13,34,123,64,133,37,37,22,12,18,19,25,27,28,18,23,23,9,16,10,28,11,5,41,43,32,148,83,38,37,54,20,165,83,13,198,117,113,91,250,243,101,59,185,136,120,86,44,192,30,16,16,28,13,13,21,40,14,23,15,108,64,142,214,102,160,116,75,137,138,54,54,33,44,29,50,54,98,162,99,105,117,70,65,76,30,46,15,32,17,38,2,16,18,54,26,19,18,19,16,30,33,38,79,22,35,200,40,189,11,21,200,141,128,69,95,71,64,88,51,62,28,34,46,41,60,12,43,58,41,60,48,40,37,37,29,23,31,20,116,19,36,27,84,139,168,79,93,138,31,58,26,74,35,32,31,24,180,56,77,74,198,61,27,73,38,21,4,26,8,13,21,51,41,38,35,29,32,75,18,8,15,40,54,20,33,26,30,13,28,22,27,12,16,32,44,37,61,67,48,50,65,158,158,94,92,29,21,61,34,51,34,54,55,38,39,23,24,22,57,52,67,42,68,63,35,75,29,15,37,16,14,18,19,12,18,10,18,15,13,16,12,23,11,11,10,53,2,10,38,22,77,11,15,15,27,24,24,25,9,13,31,10,13,21,26,18,,6,7,4,8,32,7,5,21,36,43,30,89,81,96,128,43,39,113,81,32,114,,40,23,32,7,17,2,26,27,59,24,72,11,40,26,48,71,29,39,16,22,39,54,37,7,,174,23,25,93,126,86
20150109,6,NO2,50,139,107,123,73,124,126,11,28,55,105,102,82,43,36,72,83,55,88,104,97,90,78,72,62,64,59,67,82,78,44,54,60,58,73,83,63,69,105,48,51,49,33,38,42,33,10,45,87,87,78,102,60,33,33,68,43,49,84,46,24,53,34,3,33,32,18,12,6,42,47,36,38,81,58,66,30,27,65,63,25,83,107,101,89,103,92,59,64,75,79,75,81,85,118,31,24,23,32,34,34,52,31,24,46,19,76,34,63,28,60,29,71,45,71,53,35,31,33,33,29,61,45,47,76,70,24,61,57,30,52,38,25,19,24,19,20,12,30,31,20,34,26,41,18,19,18,31,37,41,25,43,9,50,28,37,28,62,52,51,84,83,66,41,84,51,72,31,35,24,65,87,89,111,83,46,108,62,69,59,41,51,31,39,35,41,43,56,48,28,45,36,30,54,27,31,31,44,35,42,14,8,11,47,34,58,56,53,54,40,26,34,6,19,23,20,20,49,19,183,21,66,28,58,57,52,24,25,35,65,46,54,36,26,25,24,10,32,7,30,21,36,19,41,53,27,39,33,101,74,103,75,41,43,69,24,64,13,72,59,55,59,33,35,25,39,27,34,30,37,30,27,25,11,16,28,19,31,17,18,10,26,26,29,23,27,21,20,11,25,13,17,24,3,5,12,13,12,30,25,11,15,11,9,7,6,23,5,5,9,9,6,27,,18,4,3,8,32,10,6,27,63,16,28,31,53,36,27,49,39,15,24,41,113,,41,9,12,20,11,6,3,21,15,49,62,34,72,19,38,38,9,49,28,6,50,89,9,3,,47,31,49,50,31,47
20150109,6,NO2_24h,101,126,121,113,79,120,125,18,56,74,88,110,128,40,48,85,59,56,102,87,96,95,57,69,59,52,62,69,82,51,44,44,54,61,82,70,76,77,95,43,46,59,37,40,44,29,20,43,89,69,76,105,63,44,43,51,46,38,59,44,27,36,33,9,40,45,24,30,12,47,58,37,47,95,63,55,48,26,73,61,26,94,101,89,85,93,98,85,53,75,75,87,86,38,96,34,27,21,24,30,24,34,43,33,38,22,84,30,72,37,51,33,62,49,83,60,45,38,29,39,36,61,47,49,98,83,45,68,65,47,69,39,37,30,27,20,24,15,37,38,45,37,31,45,28,32,28,37,54,57,31,47,29,77,37,43,38,77,61,46,70,73,50,29,58,52,59,27,36,20,71,70,60,84,62,48,83,69,72,67,38,54,41,48,48,37,38,45,34,24,37,39,32,59,33,35,39,42,37,38,36,7,16,48,40,59,64,65,53,43,38,17,6,12,24,19,18,26,25,109,25,58,23,62,56,46,24,26,37,57,42,57,37,30,20,27,10,30,5,34,29,41,34,30,45,34,35,31,146,91,99,82,45,36,72,33,68,33,73,50,46,66,42,42,40,43,39,33,36,48,31,31,31,15,15,24,19,20,26,18,21,29,21,29,34,33,36,28,24,39,16,32,27,8,10,28,24,20,40,24,20,28,19,22,19,17,23,23,9,16,22,19,27,,35,9,5,10,26,9,8,34,72,23,40,32,65,43,36,59,49,28,36,46,131,,43,10,18,14,9,7,10,21,32,37,68,23,79,21,63,53,14,59,33,17,60,75,21,10,,55,30,33,52,40,33
20150109,6,O3,20,3,13,6,1,4,16,41,30,5,4,5,4,7,29,10,7,22,7,8,2,5,9,10,8,15,10,8,16,13,11,20,5,16,5,1,6,3,2,3,8,4,11,19,19,51,63,15,7,13,24,9,26,52,47,42,22,6,10,47,59,32,39,88,5,6,36,52,82,8,6,12,22,17,21,13,33,33,8,5,79,2,6,4,4,16,5,13,4,13,9,4,4,3,5,36,65,51,37,9,48,30,65,24,16,22,5,26,20,21,23,20,8,7,3,6,34,27,28,29,44,15,36,17,3,3,50,21,4,10,51,11,8,22,92,62,66,88,4,8,22,7,54,11,20,33,17,4,60,7,13,6,54,53,14,42,57,5,9,3,8,9,4,6,5,1,2,24,4,5,7,4,14,9,4,7,13,1,11,34,8,139,61,3,10,4,29,8,30,9,23,5,34,24,17,45,12,12,16,23,47,28,68,8,24,19,12,18,14,8,23,21,30,39,28,30,43,29,53,17,51,34,42,6,36,53,29,31,42,63,27,26,39,53,64,3,56,32,43,9,7,3,11,14,13,12,10,7,15,3,3,6,15,8,2,62,8,25,4,10,3,5,18,9,3,8,33,36,5,24,25,28,1,50,44,33,39,47,12,48,42,38,27,15,21,6,2,4,34,23,19,5,11,53,38,45,22,36,5,28,37,36,39,37,44,50,43,59,38,26,21,49,6,,37,77,33,73,35,49,56,7,3,2,19,5,11,15,33,24,21,58,10,7,10,,7,76,61,38,58,7,105,5,45,13,7,6,23,19,23,30,43,11,103,87,30,6,54,66,,3,55,19,3,9,2
20150109,6,O3_24h,26,25,20,30,16,15,34,71,50,15,39,36,13,38,50,37,48,60,30,73,66,61,86,50,81,90,68,82,78,65,67,98,51,74,86,91,53,67,71,98,75,94,106,106,65,104,85,75,41,63,63,103,75,110,122,124,112,85,109,142,116,130,86,98,16,51,62,57,97,46,58,58,68,25,65,89,54,66,53,42,116,23,59,71,32,31,29,80,49,42,91,24,45,63,34,103,134,137,144,109,133,129,113,175,116,27,50,68,48,45,60,33,50,52,45,46,66,56,79,59,79,46,73,75,21,32,75,102,46,44,98,105,27,54,96,109,99,107,41,44,38,51,71,75,39,56,70,53,95,70,58,49,84,94,83,84,73,24,33,52,55,63,58,55,57,43,29,65,48,58,65,67,83,81,75,97,63,53,81,69,77,92,91,82,44,32,108,52,108,39,102,44,80,64,46,95,60,54,123,72,56,49,93,38,58,53,68,40,65,47,49,65,40,63,48,66,58,58,65,60,54,76,80,81,102,87,52,70,105,126,67,67,109,69,90,79,95,94,90,85,56,78,93,95,102,123,115,86,27,34,43,54,97,68,62,113,62,57,94,102,106,113,94,95,17,111,85,142,84,87,77,87,60,80,79,93,68,142,34,111,47,77,74,98,49,60,32,44,56,68,54,22,55,76,45,79,30,56,56,50,42,56,72,79,44,73,99,59,48,26,77,69,97,,44,93,40,91,77,89,89,53,62,39,80,34,88,75,84,78,45,79,85,89,62,,82,110,88,109,108,28,129,12,61,57,49,37,37,20,60,63,57,63,143,93,72,41,90,89,,39,115,152,48,22,47
20150109,6,O3_8h,10,3,13,7,1,4,22,49,29,5,4,4,4,8,38,11,7,23,7,10,3,6,10,18,9,15,13,9,17,12,20,23,8,18,5,3,6,4,2,6,28,5,12,29,23,68,56,13,8,14,28,19,41,42,41,42,17,7,20,49,62,46,40,87,5,9,46,34,87,7,7,17,18,8,36,23,39,46,9,6,84,2,11,5,5,16,6,14,8,15,9,5,4,21,5,43,69,84,66,17,71,55,58,37,12,22,8,31,22,24,28,21,7,7,3,7,35,22,33,35,44,13,29,16,3,2,47,20,5,10,34,21,8,23,89,72,65,83,7,9,12,10,57,14,24,16,17,5,56,9,12,9,53,33,26,41,60,5,9,2,7,9,3,8,8,2,2,26,3,6,8,3,16,9,5,6,13,1,9,20,19,132,65,3,11,4,41,15,30,14,30,6,35,26,18,43,18,19,9,35,29,32,76,9,34,15,15,19,14,17,25,40,32,46,32,42,42,38,52,31,41,32,52,11,40,35,28,32,61,88,30,27,35,53,75,4,30,23,46,9,7,7,10,32,28,23,22,10,10,3,3,7,26,9,4,63,10,29,5,40,39,8,26,14,3,13,23,46,6,27,36,40,2,46,47,46,41,61,9,55,37,36,33,19,18,14,4,7,35,20,20,3,16,57,31,46,13,41,7,33,31,36,45,41,37,47,59,45,39,23,16,38,11,,31,82,33,77,45,52,66,10,4,9,20,4,11,20,32,19,24,61,11,6,10,,11,74,72,57,68,7,94,4,33,13,8,11,22,19,14,24,38,8,100,86,15,6,54,52,,3,64,37,3,9,6
20150109,6,O3_8h_24h,15,11,15,20,10,10,25,54,32,10,25,20,9,29,39,27,38,47,22,55,41,46,74,39,52,69,53,62,61,53,46,80,34,57,65,69,42,52,57,79,66,65,78,94,45,97,71,55,30,47,45,46,61,94,101,104,95,67,86,120,102,111,74,89,15,34,56,42,91,27,36,45,58,16,50,67,42,59,35,29,90,15,30,36,23,25,18,51,43,33,45,16,28,60,23,97,117,119,126,91,118,114,100,145,94,22,40,55,35,33,55,26,36,39,36,33,53,43,66,46,54,31,60,48,13,19,58,75,33,33,76,78,24,44,92,100,88,96,26,33,24,38,62,34,28,55,57,30,78,47,42,30,70,63,39,61,63,17,24,34,43,48,48,42,56,29,25,58,41,48,56,54,64,70,61,57,53,36,61,50,67,157,73,56,27,25,92,40,83,34,77,29,65,45,31,84,46,41,80,64,36,43,87,30,44,40,48,33,34,34,40,62,38,60,41,59,50,55,65,52,45,53,66,60,85,69,40,44,81,99,51,54,64,60,81,69,83,86,80,64,43,64,62,89,88,80,93,71,17,18,28,39,75,50,41,93,41,44,63,79,75,72,82,71,11,66,70,117,68,74,59,73,42,67,72,81,55,106,26,119,41,62,70,75,37,63,26,33,46,49,31,13,49,69,39,66,28,51,36,50,39,52,65,69,37,66,66,47,41,23,51,64,59,,38,84,36,87,70,83,84,40,44,32,52,28,56,57,64,58,36,70,58,64,41,,59,108,76,100,105,15,121,9,50,53,35,32,34,19,41,52,50,50,129,86,52,28,73,68,,24,102,119,34,17,42
20150109,6,CO,1.033,5.583,5.3,5.866,3.258,4.731,9.637,1.11,0.812,1.465,4.999,3.915,8.053,3.421,2.132,2.384,2.317,1.145,1.743,1.853,2.12,1.949,1.692,2.157,3.033,1.858,2.632,2.769,1.646,1.553,2.185,1.974,1.607,1.489,1.456,1.377,1.138,1.484,1.872,1.133,1.395,1.301,1.394,0.89,1.184,0.741,0.685,1.049,2.803,2.306,1.731,2.505,1.307,1.129,1.305,1.383,1.047,1.536,1.656,1.084,1.132,1.331,1.041,1.008,1.228,1.22,0.714,0.805,0.671,2.572,2.556,1.837,1.336,3.192,1.47,1.376,1.353,0.621,4.742,3.212,0.823,2.683,5.195,3.577,3.053,3.514,3.324,1.943,2.098,2.918,2.571,2.555,2.738,1.355,4.001,1.057,0.701,2.087,1.438,1.002,1.192,1.277,1.299,1.254,1.486,2.58,2.472,2.6,6.229,4.181,1.693,1.203,3.441,2.01,3.535,1.851,1.077,0.844,1.012,1.421,1.454,2.696,1.359,2.348,4.213,1.99,2.371,1.287,2.269,1.792,2.089,2.491,1.463,2.813,0.96,1.691,1.166,0.926,0.928,0.808,1.566,0.463,1.06,0.889,0.849,0.545,1.776,1.38,1.56,4.197,1.862,1.637,1.401,0.458,1.658,1.981,0.819,3.249,2.734,4.341,2.263,2.307,3.523,2.042,3.984,2.089,2.972,1.175,2.293,1.795,1.198,2.421,1.613,2.052,1.995,1.389,1.913,2.137,1.883,0.731,1.915,1.148,1.609,1.57,2.094,1.056,1.079,2.457,0.651,4.756,1.39,3.181,4.788,2.379,3.658,1.054,0.984,1.593,0.96,0.979,0.469,0.453,1.834,2.476,0.887,0.886,1.418,2.657,2.5,1.024,0.577,0.721,0.94,2.051,0.915,0.325,0.984,0.729,0.304,2.017,0.293,1.473,1.066,1.866,1.925,2.536,0.575,1.398,1.255,1.63,0.887,1.544,0.735,2.323,0.737,1.026,1.31,1.351,0.828,1.021,1.69,1.5,0.711,1.709,1.104,0.965,1.168,0.929,2.262,4.321,2.736,1.265,1.632,2.89,1.94,0.968,3.55,0.436,3.181,1.917,3.173,2.039,2.094,3.4,0.975,1.686,1.608,2.254,5.684,1.33,0.8,1.879,0.863,1.074,1.513,1.437,1.466,1.262,1.053,1.101,0.746,0.998,0.906,0.765,0.751,0.656,1.069,0.578,0.857,1.366,0.684,1.029,0.839,0.365,0.169,0.442,0.812,1.32,2.99,1.538,1.03,0.848,0.719,0.713,0.545,1.176,,0.197,0.683,0.96,0.671,0.562,0.581,,0.944,0.049,0.688,1.409,1.67,0.788,0.31,2.066,2.087,1.876,2.715,2.229,1.258,1.664,0.639,3.29,1.168,2.874,1.983,1.334,1.225,,1.353,1.375,0.246,,0.309,0.753,0.416,1.572,0.449,1.333,3.813,2.747,3.838,0.498,0.928,3.395,1.15,6.093,2.902,1.797,2.447,3.905,2.231,0.314,,3.066,0.907,1.097,3.723,3.059,2.125
20150109,6,CO_24h,3.22,5.206,4.658,3.191,3.171,4.007,7.461,1.212,2.753,3.023,3.944,3.903,7.56,3.063,2.923,2.313,1.209,1.396,1.79,1.345,1.777,1.742,1.286,2.079,2.579,1.615,1.95,2.096,1.562,1.417,1.64,1.65,1.791,1.394,1.453,1.281,1.227,1.481,1.468,1.119,1.252,1.362,1.42,0.921,1.242,0.678,0.751,1.055,2.192,1.499,2.227,2.134,1.406,1.287,1.406,1.539,1.266,1.557,1.612,1.136,1.241,1.316,1.153,1.479,1.238,1.074,0.796,1.197,0.753,2.353,2.8,1.77,1.351,3.887,1.559,1.412,1.803,0.597,3.186,2.84,0.779,2.6,3.658,2.902,2.522,3.732,3.622,2.032,1.767,2.373,2.429,2.945,2.481,1.02,2.531,1.137,0.986,2,1.316,1.297,1.408,1.455,1.402,1.476,1.649,1.617,2.288,2.557,4.795,4.566,1.616,1.317,2.238,2.014,2.953,2.19,1.392,1.39,0.877,1.313,1.553,2.293,1.299,2.193,4.055,2.391,1.87,1.637,2.132,1.806,1.881,2.543,1.677,3.083,0.997,1.768,1.236,0.997,0.94,0.806,2.358,0.517,1.044,0.847,0.905,0.668,1.826,1.408,1.81,4.848,1.825,1.374,1.411,0.836,1.498,2.093,1.149,3.106,3.001,2.416,1.987,1.58,2.071,1.422,3.366,2.214,2.366,0.999,2.06,1.66,1.237,2.289,1.189,1.626,1.832,1.352,1.372,1.949,1.737,0.617,1.25,1.17,1.445,1.554,2.111,1.029,1.027,2.812,0.822,2.119,1.296,2.773,4.282,2.926,3.69,0.855,1.088,1.537,1.328,0.893,1.337,0.316,1.73,2.484,1.074,1.299,1.593,3.178,2.414,0.972,1.128,0.55,0.829,1.152,0.746,0.399,1.042,0.418,0.622,1.359,0.833,1.427,0.862,1.588,2.139,2.262,0.594,1.534,1.218,1.284,0.915,1.446,0.91,2.297,0.641,1.166,1.343,1.369,0.839,1.032,1.326,1.531,1.006,1.691,1.021,0.975,1.324,0.873,2.344,4.043,2.285,1.657,1.593,2.67,1.75,1.178,2.843,0.623,3.089,1.817,2.744,2.484,2.308,3.426,0.971,1.57,1.691,2.023,4.887,1.363,0.894,1.763,0.868,1.596,1.673,1.5,1.557,1.38,1.202,1.15,1.035,0.995,1.149,0.877,0.881,0.577,0.97,0.542,1.141,1.441,0.993,1.389,0.756,0.45,0.284,0.738,0.992,1.305,3.146,1.287,1.043,0.927,0.841,0.872,0.623,1.412,1.705,0.622,0.681,1.15,0.874,0.848,0.881,,1.398,0.272,0.704,1.354,1.431,0.715,0.347,2.11,2.944,1.942,3.194,1.81,1.488,2.341,1.102,5.852,1.256,3.046,1.928,1.206,1.973,,1.985,1.382,0.414,0.213,0.309,1.142,0.796,1.246,0.756,1.064,3.897,1.803,3.473,0.744,1.359,3.697,1.348,4.711,2.185,1.802,2.863,3.66,2.214,0.527,,2.558,0.99,1.222,3.195,2.497,1.648
20150109,7,AQI,26,320,255,280,157,228,500,43,49,86,274,350,212,90,47,239,161,93,230,153,172,188,203,315,216,151,207,228,160,213,181,239,164,142,165,137,139,174,233,133,94,114,73,99,138,76,58,85,211,198,141,246,209,71,82,99,72,100,92,91,67,75,89,70,105,122,63,20,44,106,89,56,76,171,179,195,50,62,100,156,71,300,406,322,305,241,275,285,135,212,245,208,255,136,261,66,67,105,114,75,85,89,64,85,50,25,287,64,110,113,69,53,147,141,105,93,92,58,63,120,109,167,89,89,237,137,55,131,89,285,241,116,117,103,137,92,104,43,70,81,34,92,100,76,93,64,21,93,61,70,53,108,50,56,117,74,122,263,114,209,215,161,265,161,196,122,167,111,132,149,143,167,198,273,200,174,241,141,163,141,156,116,134,146,125,97,131,177,74,178,76,91,188,80,117,60,78,103,94,55,36,27,38,104,103,56,122,156,156,80,93,93,29,139,117,53,56,153,31,239,25,104,93,224,141,87,66,142,91,138,81,121,69,94,82,61,71,67,64,80,122,85,70,81,91,59,60,77,102,200,426,125,135,147,191,126,207,51,186,249,220,170,131,172,120,181,177,158,100,136,120,137,77,88,88,100,94,88,65,121,59,103,75,53,76,128,64,91,66,131,45,76,71,30,17,23,30,28,58,16,33,64,32,50,30,25,58,26,32,40,36,50,52,,17,41,27,38,54,30,32,121,67,83,54,171,114,77,67,69,68,84,63,74,177,,71,37,47,38,37,47,49,88,52,62,174,134,182,100,63,154,132,69,64,45,94,127,86,28,,135,86,100,170,222,88
20150109,7,PM2.5,18,235,204,229,119,177,520,21,21,63,223,290,161,64,18,188,122,69,179,116,130,141,152,264,165,112,156,177,121,162,136,188,124,108,125,104,106,131,182,101,70,85,52,74,105,55,40,62,160,148,103,195,158,51,60,74,52,75,68,67,48,54,66,50,78,92,44,5,8,62,66,34,46,129,135,146,17,23,75,118,51,250,357,271,254,190,224,234,102,161,194,157,204,103,210,47,48,78,85,54,62,66,45,62,24,8,236,33,82,84,43,30,112,107,78,69,68,40,44,90,81,126,66,56,186,104,32,99,60,234,190,73,88,76,104,68,77,19,50,59,17,68,75,55,69,45,9,68,39,35,28,80,23,14,64,53,92,212,77,158,164,122,214,122,147,92,126,83,100,114,109,126,148,222,150,131,190,107,123,107,118,87,100,111,94,72,99,133,53,134,41,67,141,58,88,34,57,76,66,25,24,6,26,77,76,35,92,118,118,58,52,69,8,106,88,27,39,116,18,188,6,77,69,173,107,64,47,108,67,105,59,91,49,70,60,43,51,48,45,58,92,62,50,59,67,41,42,56,74,150,387,94,102,112,143,95,156,31,140,198,169,128,99,130,90,136,133,120,51,103,90,104,56,65,65,75,70,65,46,91,41,76,54,21,55,97,45,67,47,99,31,37,51,21,11,9,21,19,40,9,14,45,20,35,14,11,40,2,22,28,21,35,25,,7,6,12,10,35,21,6,91,25,61,21,129,85,56,36,49,43,61,42,53,133,,36,18,30,26,22,24,26,65,28,38,131,73,137,75,29,112,43,40,13,6,70,96,42,8,,88,63,75,128,171,65
20150109,7,PM2.5_24h,140,222,197,174,104,190,394,28,62,191,154,231,262,68,61,185,73,87,195,91,117,130,109,191,138,96,140,152,106,131,119,131,127,98,134,88,111,111,132,92,63,81,51,72,103,41,37,57,140,82,123,169,134,51,52,65,47,58,61,56,40,35,59,40,77,74,52,28,14,52,72,45,58,189,119,115,66,25,104,95,34,193,227,190,176,150,180,211,71,128,161,178,153,53,140,47,42,61,66,48,52,51,42,67,25,26,200,40,94,110,39,59,83,85,82,78,85,50,41,105,82,119,65,69,218,187,51,125,71,239,164,75,101,95,86,54,72,32,46,68,43,65,65,57,66,59,29,65,64,54,35,57,41,26,86,64,97,165,88,99,110,74,112,86,81,96,101,56,86,85,110,93,96,126,105,113,122,93,98,102,95,89,102,101,94,66,88,125,41,85,42,71,118,96,108,40,75,70,71,40,72,15,30,79,71,60,102,120,91,50,116,25,7,32,60,20,28,54,29,122,25,83,54,133,103,61,53,104,72,81,61,84,61,81,41,37,38,35,37,65,95,60,56,48,61,45,42,44,92,155,311,114,94,114,134,100,144,46,142,163,174,124,105,126,106,120,124,120,71,101,91,102,62,53,56,66,61,49,44,70,45,73,52,18,54,81,45,61,65,105,41,65,50,21,14,38,74,33,53,21,39,48,24,69,31,18,47,17,24,38,39,41,34,,21,22,28,24,39,25,10,108,58,63,44,76,106,72,54,65,56,50,59,47,203,,43,22,56,30,23,26,37,66,79,44,183,75,180,82,41,177,77,57,26,11,97,112,56,33,,75,55,53,111,164,42
20150109,7,PM10,24,435,320,344,209,284,699,42,48,114,338,459,247,127,46,260,172,103,226,166,215,176,197,313,254,250,219,252,202,245,220,239,220,143,174,147,158,131,222,152,105,126,94,101,129,77,56,84,283,230,230,224,163,61,75,89,69,83,80,84,77,93,92,63,112,137,46,8,16,159,114,59,100,187,183,228,49,71,101,143,66,310,479,363,341,262,352,332,131,263,330,306,282,146,281,59,76,84,105,70,81,101,62,75,49,8,323,75,118,139,86,52,167,149,129,103,93,57,72,108,120,157,122,126,254,210,58,152,126,318,273,179,102,119,113,91,93,24,76,68,33,93,122,75,81,54,20,134,70,88,53,131,49,60,181,91,134,288,175,240,237,152,263,154,143,153,168,120,132,151,152,166,199,316,170,,269,143,164,192,146,126,216,170,99,79,126,190,67,217,100,124,228,85,113,68,75,137,136,57,35,26,31,153,64,59,117,242,114,93,133,54,28,159,130,53,50,155,30,240,24,119,110,190,157,92,52,188,81,153,101,100,82,100,77,48,55,64,59,84,123,104,66,78,107,55,64,80,152,247,341,145,135,183,194,127,241,50,227,308,245,198,152,200,126,179,157,174,147,135,151,173,85,89,99,94,83,86,,110,50,94,61,53,84,108,62,99,74,111,43,99,82,23,13,14,,25,60,11,32,57,31,,29,24,,5,,14,35,,51,,14,20,26,27,55,,14,116,81,78,55,233,139,91,62,81,84,116,74,76,205,,90,23,46,36,36,46,32,101,51,72,200,215,214,102,74,256,211,85,76,,91,,119,9,,218,81,94,96,203,102
20150109,7,PM10_24h,175,357,314,254,201,328,550,73,125,257,256,374,399,120,152,254,110,122,240,117,210,171,146,234,231,226,198,210,180,183,206,171,221,140,193,134,173,130,183,143,104,133,86,108,134,68,58,88,256,144,258,199,142,72,80,95,75,90,86,76,71,67,86,58,102,113,67,48,22,140,124,73,119,274,170,181,163,96,131,122,60,242,344,270,253,204,305,330,90,212,272,324,244,87,190,62,71,76,90,66,70,86,67,92,50,46,305,112,129,153,101,111,120,129,104,114,115,63,64,120,133,170,118,153,322,279,100,195,146,318,238,169,132,126,98,74,88,45,72,81,90,94,94,80,83,86,45,166,140,145,68,103,83,86,216,116,147,237,209,162,163,105,139,107,96,152,140,87,90,125,160,121,134,190,129,136,174,126,135,182,127,138,184,161,136,84,123,185,61,144,115,127,198,152,106,110,118,102,170,86,102,40,56,176,93,89,131,207,128,89,164,30,21,52,89,41,42,71,46,146,50,131,87,152,139,95,70,186,92,117,114,107,97,119,69,54,59,64,59,108,133,111,81,61,100,64,67,64,167,265,316,167,134,173,191,149,214,68,215,243,258,177,161,190,134,167,173,194,130,136,141,163,92,75,78,91,73,64,80,96,64,84,67,49,85,101,57,79,98,125,60,114,82,26,23,59,99,54,85,27,71,63,38,121,49,36,66,36,36,44,56,49,89,,43,52,85,86,48,39,20,124,123,88,109,193,166,130,92,114,92,121,105,81,270,,118,36,86,50,44,117,43,129,136,83,249,266,293,100,112,314,300,111,46,18,136,239,137,56,,199,78,77,124,231,65
20150109,7,SO2,16,107,167,143,115,114,312,94,29,22,248,129,223,195,60,464,187,151,235,39,46,34,165,65,52,41,64,53,27,54,24,70,57,20,34,29,42,18,113,33,14,24,14,15,20,8,11,46,125,112,147,25,40,22,14,17,17,20,30,33,19,34,24,12,24,9,11,6,4,47,34,36,103,64,32,34,39,22,147,112,12,168,89,109,114,422,229,59,118,223,181,90,61,132,302,35,18,24,48,9,16,27,35,6,41,5,89,95,131,147,168,161,153,111,182,185,70,74,47,45,19,55,22,82,168,106,84,82,45,23,119,20,35,13,42,19,43,2,19,16,54,31,20,3,21,7,13,16,23,44,31,31,132,37,192,2,8,121,138,198,113,79,56,183,128,54,109,54,38,52,20,57,17,83,56,33,70,23,48,33,34,28,30,26,5,168,15,20,39,136,127,209,95,56,97,20,36,23,32,39,30,33,44,120,41,82,120,160,50,64,67,135,20,19,36,7,12,35,44,76,26,32,29,18,48,15,5,11,44,75,14,35,11,18,15,32,22,41,7,18,27,42,25,61,104,37,91,178,190,149,49,97,19,13,46,25,63,17,54,61,26,10,8,12,13,56,61,81,39,99,62,29,140,41,20,53,19,30,10,20,11,13,8,18,9,17,10,23,10,10,10,7,57,1,11,24,24,62,3,9,8,11,15,12,36,8,10,6,8,13,17,9,21,,2,7,3,6,43,9,5,13,12,59,7,223,72,67,260,38,37,111,124,43,128,,34,22,45,1,20,3,15,23,124,17,64,8,23,25,27,43,15,22,6,24,27,65,33,3,,93,25,48,101,96,287
20150109,7,SO2_24h,54,150,221,116,109,120,232,49,69,51,168,173,274,202,89,301,85,91,223,45,45,51,70,80,76,45,65,56,44,52,55,66,57,28,53,31,56,41,73,23,18,35,23,27,25,11,13,34,123,67,130,37,38,22,12,18,19,25,28,29,18,24,23,9,16,10,27,10,5,41,43,33,136,84,38,37,53,20,163,84,13,199,118,113,91,261,241,98,62,188,137,119,88,49,216,30,16,16,29,13,13,21,39,14,24,13,108,63,142,212,102,158,118,76,138,142,54,55,33,45,28,52,50,98,164,99,104,114,69,65,78,30,47,15,33,17,38,2,18,18,55,26,17,18,19,16,29,33,38,78,22,35,203,41,193,10,21,203,143,134,71,95,72,71,92,52,66,30,35,47,39,60,12,46,58,41,62,47,40,37,36,29,23,31,20,117,19,36,28,86,138,167,80,90,137,32,56,26,74,34,33,31,24,175,57,75,76,195,60,28,75,42,21,4,26,8,13,21,52,43,37,35,29,32,75,18,8,14,40,52,20,32,26,30,13,28,22,32,11,17,32,45,37,61,67,49,53,71,162,159,92,90,28,21,61,34,53,34,55,56,39,38,23,24,22,57,52,67,43,70,62,34,80,29,15,37,16,15,18,19,12,18,10,18,15,14,16,12,22,11,11,10,53,2,11,38,22,74,11,13,15,26,24,23,25,9,13,29,10,14,20,26,18,,6,7,4,8,33,7,5,22,35,44,30,97,81,94,131,42,39,107,84,34,115,,40,23,34,6,17,2,26,26,62,24,72,11,40,26,48,71,29,39,16,22,40,56,37,7,,171,23,25,95,151,94
20150109,7,NO2,42,115,99,119,78,123,124,20,34,49,123,111,77,41,49,74,80,60,92,109,96,95,87,73,59,56,61,67,82,75,41,58,58,58,71,78,59,68,105,48,56,51,31,40,42,41,16,45,92,91,81,101,61,40,34,64,38,43,77,47,31,40,37,6,33,34,23,16,11,43,52,37,40,76,64,68,41,31,68,61,26,86,112,100,84,115,91,58,70,77,80,76,79,87,127,37,29,24,41,31,32,51,34,26,40,14,78,37,59,27,61,44,78,45,75,51,47,31,40,35,31,63,49,50,74,78,24,63,55,31,58,41,27,21,26,28,17,11,30,30,27,34,28,40,20,18,23,24,37,42,27,43,17,63,29,26,30,60,54,51,93,81,60,46,86,57,71,46,33,25,62,97,97,108,84,44,107,68,71,61,52,50,30,42,32,40,46,53,46,29,45,38,29,53,26,42,30,44,31,36,19,5,14,43,38,61,63,54,56,48,29,43,10,30,26,29,27,57,21,179,22,67,31,60,61,51,22,27,39,70,40,51,35,26,27,27,10,28,13,29,24,40,27,38,52,29,39,35,108,72,101,74,41,42,69,26,70,20,73,58,57,49,34,40,21,41,27,35,26,37,34,31,24,13,15,22,23,31,10,18,14,16,16,28,23,26,22,24,12,25,15,17,26,4,7,15,23,14,28,24,14,17,11,19,12,10,23,6,8,11,11,16,22,,16,6,4,7,37,25,6,28,60,17,30,30,57,39,49,61,55,28,29,43,122,,42,11,21,13,10,6,4,19,25,55,61,33,75,18,40,37,10,45,20,8,34,91,9,4,,48,40,48,50,31,49
20150109,7,NO2_24h,100,128,121,114,80,123,126,18,55,75,90,111,130,40,47,86,61,56,102,88,97,96,59,69,59,53,62,69,82,53,44,45,55,62,81,71,76,78,96,43,47,60,37,41,43,29,19,43,90,71,76,105,63,45,43,53,47,38,61,45,27,37,34,9,40,45,25,29,12,47,64,37,46,94,63,56,48,26,73,61,27,94,102,90,85,95,99,85,54,76,75,88,87,41,102,35,27,21,25,31,25,35,43,33,38,21,84,29,71,37,51,33,63,49,84,60,45,38,29,39,36,62,51,49,98,84,42,68,65,47,68,39,37,30,27,21,23,15,41,37,45,37,31,46,28,32,28,37,54,56,31,47,28,76,37,43,38,78,61,47,71,74,51,30,60,53,59,28,36,20,70,71,62,85,63,48,85,69,72,66,39,55,41,49,48,37,38,45,35,24,37,39,32,59,33,36,39,42,37,37,36,7,16,45,40,59,65,65,55,44,38,17,7,12,24,19,19,28,25,113,25,59,23,62,59,47,25,26,37,57,42,56,38,31,20,27,10,26,6,34,29,41,34,31,45,34,35,32,145,90,100,81,44,36,72,32,69,32,74,50,46,67,42,42,40,43,39,33,35,48,31,31,32,15,15,24,19,21,26,18,21,28,21,29,33,34,36,28,24,39,16,32,27,8,10,28,24,18,40,24,20,28,19,22,18,16,23,22,9,16,21,18,28,,34,9,5,10,27,9,8,34,72,23,40,32,65,42,36,60,50,27,36,47,130,,43,10,18,13,9,7,10,21,32,39,67,24,80,22,63,53,14,59,33,17,59,76,21,9,,55,31,34,52,42,33
20150109,7,O3,23,2,14,6,1,4,14,26,27,6,5,5,4,7,16,10,8,19,7,8,3,5,9,9,8,16,9,10,15,11,10,17,5,16,6,4,6,4,2,3,10,3,12,12,19,41,63,14,7,14,23,8,22,46,47,42,23,10,12,44,50,40,36,86,5,7,27,49,77,7,9,11,19,17,14,7,24,32,8,6,76,2,7,4,3,16,5,11,5,13,8,4,4,3,4,28,60,50,18,9,44,29,64,17,30,19,5,22,17,22,24,12,6,7,3,7,25,28,20,26,39,11,22,15,3,5,45,14,5,10,41,9,7,20,89,55,68,96,3,8,19,7,45,13,18,33,9,5,58,8,11,6,48,46,13,51,54,5,9,4,8,9,3,7,5,1,2,11,2,2,6,4,16,9,4,7,13,1,8,28,7,146,57,3,11,5,19,8,31,8,21,8,34,25,17,25,17,19,24,33,49,30,65,6,22,16,12,20,14,5,23,16,28,36,25,25,35,38,47,18,48,29,40,3,44,49,27,30,39,87,28,21,50,52,58,3,53,38,24,8,6,2,4,14,13,8,10,9,13,3,3,5,15,7,2,63,3,38,4,6,4,9,14,1,2,7,39,32,5,28,22,27,1,50,44,36,33,46,20,49,37,38,41,13,19,4,2,2,35,30,29,3,11,51,35,43,21,32,7,29,36,34,42,31,33,43,46,59,29,22,18,37,8,,39,73,33,70,35,33,53,5,3,6,17,6,10,17,14,18,10,38,10,6,7,,8,74,51,49,56,7,105,5,34,11,8,8,24,19,22,28,40,13,116,86,43,7,53,68,,4,48,19,3,8,3
20150109,7,O3_24h,27,25,20,30,16,15,34,71,51,15,39,36,13,38,50,37,48,60,30,73,66,61,86,50,81,90,68,82,78,65,67,98,51,74,86,91,53,67,71,98,75,94,106,106,65,104,85,75,41,63,63,103,75,110,122,124,112,85,109,142,116,130,86,98,15,51,62,57,97,46,53,58,68,28,65,89,54,66,53,42,116,23,59,71,32,31,29,80,49,42,91,24,45,63,34,103,134,137,144,109,133,129,113,175,116,27,50,68,48,45,60,33,50,52,45,46,66,56,79,59,79,46,74,75,21,32,75,102,46,44,98,105,27,54,96,109,99,107,40,46,38,51,71,75,39,56,70,53,95,70,58,49,84,94,83,84,73,24,33,52,55,63,58,55,57,43,29,65,48,58,65,67,83,81,75,97,63,53,81,69,77,92,91,82,44,32,108,52,108,39,102,44,80,64,46,95,60,54,123,72,56,49,93,39,58,53,68,40,65,47,49,65,40,63,48,66,58,58,65,60,54,76,80,81,99,87,52,70,105,126,68,67,97,69,90,79,95,97,90,85,56,78,93,95,102,123,115,86,27,34,43,54,97,68,62,113,62,62,94,102,106,113,94,95,17,111,85,142,84,87,77,87,60,80,79,93,68,142,34,100,47,77,74,98,49,59,30,43,56,68,47,22,55,76,45,79,30,56,56,50,43,54,72,79,44,73,99,60,48,26,77,69,97,,44,93,40,91,77,89,89,53,62,39,80,34,88,75,84,78,45,79,85,89,62,,82,110,88,109,108,28,129,12,61,56,49,37,37,20,60,63,57,63,143,93,72,41,90,89,,39,115,152,48,20,47
20150109,7,O3_8h,13,3,13,7,1,4,21,45,31,5,4,4,4,7,35,11,7,23,7,9,3,5,10,16,8,15,13,9,17,12,17,22,7,17,5,3,6,4,2,5,23,5,12,25,22,64,58,13,7,14,28,18,36,44,43,41,17,7,17,51,61,45,40,86,5,8,44,39,86,7,9,16,18,9,32,22,38,43,9,6,83,2,11,4,4,16,5,14,7,15,9,5,4,18,5,42,67,76,56,15,65,47,59,31,15,22,8,30,21,23,26,19,6,7,3,7,34,23,31,34,44,13,23,15,3,3,47,19,5,10,34,17,8,22,90,68,66,85,3,10,13,8,54,13,23,18,16,5,57,9,12,8,53,36,23,41,59,5,9,2,7,9,3,8,6,1,2,23,3,6,6,3,15,9,4,6,13,1,9,21,15,135,67,3,11,5,36,16,30,12,30,6,35,25,18,42,17,19,11,35,32,32,74,6,25,15,15,19,14,14,26,35,31,44,31,39,41,37,53,27,44,29,50,8,43,37,28,32,58,86,28,26,38,53,73,3,39,31,43,9,7,6,7,26,22,20,15,9,10,3,3,7,24,8,4,63,7,30,5,32,33,5,22,12,3,12,26,42,6,26,35,35,1,47,47,43,39,60,10,54,37,36,32,17,18,11,3,6,36,21,22,4,14,54,32,45,14,39,6,31,33,36,44,41,37,46,60,51,37,23,18,40,12,,32,81,32,75,44,48,63,8,3,8,20,5,10,21,32,19,24,60,11,6,9,,11,73,69,54,66,7,96,4,34,13,8,10,22,19,16,25,39,8,104,88,18,6,54,54,,3,60,32,3,7,5
20150109,7,O3_8h_24h,16,11,15,20,10,10,25,54,33,10,25,20,9,29,39,27,37,47,22,55,41,46,74,39,52,69,53,62,61,53,46,80,34,57,65,69,42,52,57,79,66,65,78,94,45,97,71,55,30,47,45,46,61,94,101,104,95,67,86,120,102,111,74,89,14,34,56,44,91,27,34,45,58,16,50,67,42,59,35,29,90,15,30,36,23,25,18,51,39,33,45,16,28,60,20,97,117,119,126,91,118,114,100,145,94,22,40,55,35,33,55,26,36,39,36,33,53,42,66,46,54,31,60,48,13,19,58,75,33,33,76,78,24,44,92,100,88,96,23,36,24,38,62,34,28,53,53,30,79,47,42,30,70,63,39,61,63,17,24,34,43,48,48,42,50,29,25,58,41,48,56,54,64,70,61,57,53,36,61,50,67,157,71,56,27,25,92,40,83,34,77,29,65,45,31,84,46,41,80,64,38,43,87,29,44,40,48,33,34,34,38,62,38,60,41,59,50,55,63,52,46,53,66,60,82,69,40,44,81,99,51,54,64,60,82,69,83,88,80,64,43,64,62,89,88,80,93,71,17,18,28,39,75,50,41,93,41,44,63,79,75,72,82,71,11,66,70,117,68,74,59,73,42,67,72,81,55,106,26,118,42,62,70,75,36,60,26,33,44,49,31,13,48,69,39,66,28,51,36,50,37,52,65,69,37,66,66,51,41,23,51,63,59,,38,84,36,87,70,83,84,40,44,32,52,28,56,57,64,58,36,70,58,64,41,,59,108,76,100,105,15,121,9,50,53,35,32,34,19,41,52,50,50,129,88,52,28,73,68,,24,102,119,34,15,42
20150109,7,CO,0.7,4.305,5.497,5.482,3.333,5.228,8.153,1.203,0.927,0.973,5.324,4.63,7.458,3.285,2.713,2.525,2.087,1.186,1.861,2.185,2.299,2.229,2.004,2.426,3.065,2.212,2.587,2.931,1.698,1.585,2.183,2.044,1.751,1.504,1.489,1.428,1.2,1.555,2.037,1.181,1.518,1.425,1.473,0.951,1.215,0.792,0.706,1.125,3.198,2.675,1.805,2.706,1.358,1.144,1.289,1.374,0.964,1.52,1.547,1.105,1.144,1.312,1.082,1.034,1.242,1.18,0.861,0.759,0.713,2.849,2.798,2.195,1.33,3.505,1.532,1.573,1.675,0.58,3.749,3.136,0.857,2.758,5.592,3.753,3.077,3.886,3.393,2.341,2.147,2.664,2.715,3.05,2.63,1.405,4.028,1.118,0.734,2.142,1.572,1.022,1.306,1.309,1.21,1.274,1.496,2.448,2.833,2.88,6.699,4.226,1.563,1.387,3.659,2.097,3.43,1.977,1.217,0.783,1.214,1.391,1.538,2.954,1.436,2.66,4.418,1.975,2.354,1.12,2.324,1.778,2.132,2.555,1.535,2.897,0.977,1.717,1.101,0.894,1.028,0.809,1.518,0.503,1.083,0.856,0.895,0.538,1.869,1.521,1.592,4.281,1.89,1.622,1.923,0.6,1.514,1.822,0.882,2.997,2.782,5.008,2.869,2.59,4.148,2.319,4.095,2.378,4.178,1.351,2.697,2.182,1.301,2.691,2.162,2.287,2.194,1.456,2.148,2.216,1.933,0.752,1.496,1.157,1.708,1.578,2.138,0.986,1.112,2.426,0.775,5.407,1.512,3.534,5.069,2.69,3.885,1.584,1.283,1.765,0.979,0.824,0.33,0.439,1.799,2.344,1.009,0.93,1.624,2.785,2.506,1.222,0.553,0.833,0.958,2.686,0.952,0.407,1.144,0.817,0.463,2.152,0.336,1.615,1.221,2.028,2.281,2.585,0.56,1.652,1.333,2.51,0.919,1.587,0.751,2.27,0.772,1.113,1.417,1.566,0.84,1.129,1.753,1.666,0.776,1.76,1.257,0.986,1.243,1.018,2.786,4.662,2.998,1.391,1.709,2.998,2.124,0.95,3.606,0.482,3.121,1.995,3.416,2.148,2.196,3.482,0.862,1.649,1.6,2.319,6.014,1.392,0.904,1.851,0.723,1.122,1.488,1.402,1.576,1.27,1.025,1.051,0.765,0.908,0.875,0.739,0.807,0.709,1.115,0.701,0.88,1.335,0.728,1.033,0.858,0.363,0.269,0.484,0.913,1.3,2.994,1.416,1.026,0.85,0.729,0.729,0.687,1.234,,0.234,0.74,1,0.672,0.906,0.66,,0.898,0.061,0.689,1.401,1.832,0.802,0.321,1.925,2.005,1.921,2.843,2.907,1.429,2.676,1.059,4.137,1.333,3.496,2.503,1.275,2.801,,2.16,1.36,0.261,,0.363,0.721,0.359,1.623,0.552,1.383,3.781,4.023,3.757,0.517,1.005,2.969,1.191,5.234,2.243,1.93,2.004,5.322,2.279,0.316,,3.26,0.913,1.038,3.915,3.289,2.268
20150109,7,CO_24h,3.104,5.308,4.689,3.303,3.212,4.055,7.506,1.205,2.72,2.966,4.044,3.991,7.622,3.037,2.866,2.327,1.263,1.371,1.805,1.396,1.816,1.757,1.325,2.093,2.572,1.654,1.975,2.136,1.58,1.429,1.664,1.68,1.754,1.407,1.454,1.303,1.236,1.495,1.496,1.126,1.268,1.364,1.423,0.922,1.229,0.673,0.739,1.048,2.233,1.561,2.129,2.149,1.403,1.276,1.398,1.515,1.248,1.549,1.608,1.133,1.232,1.303,1.15,1.459,1.247,1.084,0.8,1.179,0.758,2.379,3.058,1.787,1.292,3.847,1.549,1.41,1.752,0.595,3.221,2.853,0.778,2.629,3.784,2.954,2.552,3.761,3.594,2.048,1.814,2.425,2.444,2.964,2.523,1.064,2.709,1.13,0.966,1.994,1.322,1.258,1.405,1.439,1.392,1.48,1.633,1.627,2.329,2.503,4.86,4.558,1.528,1.289,2.276,2.037,2.979,2.197,1.391,1.359,0.9,1.331,1.56,2.325,1.307,2.175,4.082,2.332,1.822,1.598,2.138,1.818,1.877,2.541,1.665,3.084,0.997,1.765,1.23,0.993,0.971,0.793,2.316,0.517,1.049,0.855,0.907,0.661,1.836,1.412,1.805,4.842,1.821,1.376,1.366,0.841,1.489,2.089,1.098,3.142,3.005,2.561,2.035,1.623,2.182,1.488,3.414,2.249,2.46,1.047,2.138,1.727,1.225,2.32,1.24,1.669,1.843,1.378,1.426,1.957,1.751,0.619,1.279,1.182,1.461,1.563,2.125,1.038,1.02,2.791,0.802,2.167,1.318,2.802,4.261,2.915,3.687,0.896,1.106,1.561,1.358,0.871,1.298,0.31,1.729,2.378,1.079,1.267,1.606,3.205,2.436,0.983,1.11,0.561,0.84,1.232,0.764,0.395,1.04,0.437,0.628,1.414,0.759,1.427,0.863,1.591,2.096,2.311,0.594,1.545,1.196,1.326,0.906,1.428,0.917,2.303,0.641,1.152,1.342,1.5,0.834,1.035,1.319,1.527,1.001,1.699,1.018,0.963,1.32,0.88,2.372,4.079,2.34,1.592,1.585,2.667,1.783,1.155,2.871,0.601,3.113,1.814,2.744,2.495,2.301,3.437,0.979,1.575,1.686,2.016,4.805,1.368,0.901,1.747,0.872,1.574,1.661,1.496,1.557,1.375,1.194,1.145,1.011,0.998,1.134,0.86,0.884,0.586,0.985,0.556,1.126,1.459,0.99,1.383,0.767,0.445,0.286,0.73,1.001,1.318,3.155,1.285,1.055,0.92,0.835,0.867,0.635,1.395,1.71,0.598,0.681,1.144,0.866,0.843,0.882,,1.401,0.269,0.703,1.363,1.47,0.717,0.349,2.105,2.905,1.944,3.194,1.87,1.474,2.306,1.107,5.658,1.273,3.063,1.956,1.22,1.979,,1.995,1.371,0.409,0.207,0.311,1.133,0.78,1.282,0.754,1.099,3.852,1.938,3.479,0.743,1.381,3.656,1.346,4.724,2.23,1.812,2.798,3.727,2.23,0.515,,2.617,0.987,1.217,3.234,2.771,1.698
20150109,8,AQI,29,221,236,264,160,238,500,52,56,64,294,407,209,103,59,262,143,109,244,189,171,199,228,328,229,158,207,227,165,211,200,244,175,146,168,128,141,179,248,135,103,127,79,103,141,78,67,89,215,205,134,254,212,72,83,98,74,100,97,86,69,74,93,75,109,115,65,23,42,104,98,59,74,175,179,200,55,53,170,203,72,328,421,330,307,243,295,308,163,220,248,236,257,139,258,71,69,106,126,76,85,88,64,83,58,20,315,69,114,115,72,68,184,154,121,119,113,48,78,136,116,177,98,95,233,128,57,106,83,279,241,116,122,105,136,94,103,44,70,78,43,92,103,72,96,56,23,99,71,73,57,104,58,55,104,67,116,263,116,235,220,165,318,207,208,135,211,132,189,226,146,184,223,282,224,174,255,143,164,131,158,128,130,144,143,121,117,179,81,229,84,97,195,70,104,66,77,122,82,54,32,31,43,108,132,61,136,165,160,85,65,104,52,263,122,88,65,196,53,244,30,110,99,234,147,88,61,160,91,172,77,121,69,96,85,69,92,85,66,81,124,83,93,83,93,60,63,81,119,214,433,125,125,154,188,122,210,53,189,240,226,156,131,165,124,175,193,149,99,149,128,143,82,93,87,100,100,98,64,117,61,104,78,52,77,148,64,94,69,128,46,74,72,30,17,23,33,26,56,18,24,74,27,69,35,25,53,28,35,40,37,22,55,,18,40,43,37,68,35,31,124,74,76,53,194,127,91,67,100,76,113,84,71,217,,73,37,53,37,50,49,50,83,56,70,200,145,192,109,68,144,132,71,58,45,85,153,79,28,,157,86,89,177,236,121
20150109,8,PM2.5,15,170,185,213,121,187,427,25,30,33,243,323,158,76,30,211,109,81,193,142,129,149,177,277,178,119,156,176,125,160,150,193,132,111,127,97,107,135,197,102,76,96,56,76,107,57,48,66,164,154,100,203,161,52,61,73,53,75,72,63,48,53,69,54,81,86,46,8,10,66,73,37,49,132,135,150,21,17,128,152,52,277,380,279,256,192,244,257,123,169,197,185,206,106,207,51,49,79,95,55,62,65,45,61,25,8,264,39,85,86,44,44,138,117,91,89,84,33,57,103,87,133,73,57,182,92,33,79,59,228,190,78,92,78,103,70,76,20,50,57,20,68,76,52,71,39,11,74,44,36,30,77,36,17,55,45,87,212,77,184,169,125,267,156,157,102,160,100,142,175,111,138,172,231,173,131,204,109,124,99,120,97,96,110,109,91,88,135,59,178,51,72,146,50,77,43,56,92,60,23,22,6,30,80,100,42,103,125,121,62,46,77,14,212,92,34,46,147,31,193,9,82,74,183,112,65,43,121,67,130,56,91,49,71,62,49,68,62,47,59,93,61,69,61,69,42,44,59,76,163,397,94,94,117,141,92,159,32,142,189,175,118,99,125,93,132,145,114,67,114,97,109,60,69,64,75,75,73,45,88,43,77,57,19,56,113,45,70,49,97,27,38,52,21,9,9,23,14,39,12,14,53,17,49,19,10,36,2,24,28,24,14,28,,6,8,13,15,44,24,9,93,29,55,22,126,96,67,41,55,54,84,57,51,166,,38,20,27,19,29,24,32,61,33,45,150,79,144,81,19,77,29,51,22,6,62,116,38,10,,107,63,66,133,185,91
20150109,8,PM2.5_24h,135,226,197,180,107,189,401,28,61,189,159,239,261,66,59,187,76,85,196,93,119,129,113,195,140,97,138,151,106,131,119,134,127,100,134,90,112,113,135,93,63,82,51,73,102,42,38,57,144,87,117,170,136,52,54,66,48,60,63,57,41,36,60,41,78,74,52,26,14,52,73,45,55,184,119,117,65,26,102,98,35,199,237,197,188,154,184,214,74,132,164,180,158,57,145,47,42,62,68,48,53,52,43,68,26,24,205,40,94,110,38,58,85,87,83,79,82,49,41,107,84,119,65,68,218,180,48,122,70,242,165,75,101,96,86,55,72,31,47,67,41,65,65,58,67,59,28,66,64,54,35,57,40,25,84,63,96,170,89,105,115,76,121,91,85,99,105,59,90,91,108,95,97,132,108,116,127,93,98,102,97,91,102,103,96,68,89,124,41,87,43,71,118,94,110,40,75,72,72,39,70,14,30,80,72,59,103,122,93,51,114,27,7,40,62,21,29,58,29,128,25,82,57,137,104,62,54,105,71,83,61,84,62,81,43,37,38,37,37,66,95,61,58,49,61,45,42,45,93,155,317,111,93,113,135,99,146,45,143,164,173,124,105,127,107,121,126,118,71,102,91,101,63,54,57,67,62,50,44,71,44,74,52,19,55,83,44,61,65,107,41,65,50,21,14,36,72,32,53,20,38,48,24,68,29,17,47,15,23,37,39,40,33,,20,22,29,25,40,25,10,109,56,63,44,78,106,72,54,66,56,51,59,47,201,,43,21,54,29,24,26,37,66,78,45,185,75,178,83,41,173,77,58,26,11,94,109,56,31,,75,56,55,113,164,45
20150109,8,PM10,28,248,297,320,228,296,639,51,60,76,366,506,237,152,65,282,155,114,251,213,219,207,231,320,262,263,221,253,223,251,232,259,241,150,177,138,160,138,265,152,139,139,106,99,143,87,63,92,299,247,215,237,166,63,82,83,68,85,87,85,85,85,97,75,112,129,44,17,18,156,122,66,95,168,186,239,57,54,160,174,70,309,515,387,324,277,378,360,145,278,351,336,285,159,285,70,78,90,115,68,78,104,65,75,63,,362,85,125,146,92,71,205,157,156,124,115,47,101,121,124,163,139,137,254,204,61,118,114,307,262,179,108,126,120,98,96,25,75,65,42,101,106,90,86,44,22,133,90,94,61,127,63,53,156,82,123,288,179,290,248,177,306,194,160,150,212,142,157,149,148,187,222,339,213,159,292,132,178,186,150,119,208,172,113,116,129,197,76,270,115,129,233,79,110,79,86,170,111,56,31,30,36,153,63,69,129,257,122,98,69,73,51,284,130,123,61,220,54,250,29,124,129,200,152,98,51,195,83,164,102,109,78,98,79,51,66,67,69,90,143,104,117,80,105,57,66,86,186,264,403,149,125,185,190,141,246,53,232,310,261,169,153,191,129,168,167,162,146,137,149,171,86,97,85,98,96,94,50,113,57,90,65,51,80,144,65,107,76,110,45,95,79,24,15,14,31,14,43,14,23,67,26,,34,24,,3,28,,36,11,58,,17,23,42,25,84,,11,103,96,83,54,335,159,108,82,110,100,149,116,73,218,,93,23,53,36,49,48,35,104,60,88,214,238,228,106,84,235,212,89,39,8,74,,106,,,262,82,85,107,221,141
20150109,8,PM10_24h,171,357,314,261,205,330,560,73,123,256,265,387,397,119,149,256,114,121,243,122,211,170,151,239,234,229,197,209,181,185,207,177,220,143,193,137,174,131,185,145,105,135,86,109,132,70,59,89,261,151,249,202,143,72,81,95,76,91,88,77,72,68,87,60,103,115,67,44,22,141,124,73,113,266,170,186,158,92,129,124,61,248,359,280,259,209,307,331,94,217,278,330,250,92,199,62,73,77,92,66,72,88,68,93,51,44,310,111,130,153,98,110,123,131,105,115,112,61,66,123,128,169,118,153,321,273,97,189,145,322,239,170,132,127,98,75,88,44,72,79,88,94,95,81,84,85,44,168,141,145,68,104,83,85,213,115,146,243,210,171,171,109,148,113,99,155,144,91,95,127,158,125,137,198,133,141,181,126,136,181,130,140,186,163,135,86,124,184,62,147,116,127,198,149,108,107,118,105,169,84,99,40,55,177,91,87,132,210,129,91,161,31,22,63,92,42,44,77,47,154,50,130,92,157,139,96,69,188,91,119,114,107,98,120,70,54,60,65,60,109,134,112,84,62,100,65,66,65,171,266,320,163,133,172,192,149,216,67,217,243,255,179,162,192,136,167,173,190,131,135,142,161,93,77,79,93,74,65,78,98,63,85,67,49,86,103,57,80,98,126,59,115,82,26,22,58,98,52,84,26,69,63,38,125,48,36,67,32,35,44,55,36,88,,43,51,87,87,51,39,20,125,122,88,109,200,166,129,92,114,92,119,106,81,267,,118,33,84,47,44,83,43,126,132,84,252,263,288,102,113,313,301,112,46,18,131,239,137,55,,202,78,79,124,232,69
20150109,8,SO2,20,69,167,114,131,110,343,104,31,19,286,173,268,222,87,486,144,159,283,49,45,36,158,70,58,51,64,55,26,58,28,66,61,22,36,31,38,18,102,30,18,39,11,19,22,8,11,48,122,122,143,29,45,22,14,17,22,20,29,32,19,29,24,16,24,9,14,13,6,51,38,50,104,59,35,33,52,31,217,163,13,136,88,97,112,386,317,64,116,269,216,93,90,137,250,37,20,26,29,9,17,26,36,7,63,10,78,104,159,186,183,267,199,128,172,173,92,77,58,49,18,46,29,87,167,107,108,112,49,27,85,22,54,16,44,20,42,2,18,20,47,40,21,4,19,9,12,18,23,48,36,35,109,47,135,2,7,122,229,232,166,97,74,177,110,48,117,77,63,56,23,53,17,106,59,32,89,21,46,40,50,26,24,27,5,402,12,18,33,190,182,205,90,57,118,27,37,23,72,40,23,19,60,150,54,119,137,235,61,44,67,109,25,21,32,8,12,34,40,89,25,32,32,27,52,16,4,12,48,80,13,37,13,20,19,34,29,51,9,17,36,42,72,73,70,43,73,177,166,192,45,95,19,12,65,26,64,18,58,76,28,10,9,11,9,60,93,90,33,64,78,27,138,35,19,58,19,36,9,27,15,20,8,18,13,22,10,18,8,12,11,7,62,1,12,14,29,76,2,21,7,23,21,15,40,9,18,8,10,12,17,8,26,,2,5,4,7,36,4,5,10,12,40,10,130,87,74,250,77,30,30,161,42,339,,31,23,90,1,23,2,14,30,87,32,63,10,16,25,33,44,16,30,6,24,26,60,33,3,,119,28,39,115,148,320
20150109,8,SO2_24h,53,150,221,116,109,119,239,48,67,50,171,175,278,199,88,304,87,93,226,45,46,49,75,81,74,46,65,56,44,53,55,66,57,29,52,32,55,40,74,23,18,35,22,27,25,11,13,34,123,69,129,37,38,22,13,18,20,25,28,29,18,24,23,9,17,10,27,10,5,41,44,35,130,84,39,38,53,21,163,87,14,198,119,112,93,269,243,95,66,193,139,118,89,54,208,30,16,17,30,13,13,22,39,14,25,11,106,61,142,211,101,157,120,76,138,144,54,57,34,45,27,53,49,97,164,100,104,114,68,64,78,29,48,15,33,17,38,2,18,18,56,27,17,18,18,16,27,32,38,77,22,35,201,42,194,10,21,205,148,139,76,94,73,77,96,51,70,32,36,47,37,60,12,49,58,41,64,45,40,38,36,29,23,31,20,129,19,35,28,90,137,166,79,86,136,32,54,26,77,32,33,30,24,176,57,75,79,198,60,28,75,45,21,5,27,8,13,21,52,44,36,35,26,31,75,17,8,14,40,51,19,32,25,30,13,28,23,33,11,17,32,46,39,61,67,49,54,76,164,161,91,88,27,21,62,33,54,34,55,57,39,37,23,24,22,57,52,67,43,69,63,34,85,30,16,38,17,16,18,20,12,18,10,18,15,14,16,13,21,11,11,10,53,2,11,37,22,73,10,13,15,26,23,22,38,9,13,27,9,13,20,25,19,,6,7,4,8,33,7,5,21,33,42,30,68,81,92,129,43,39,92,85,34,121,,40,22,36,5,18,2,25,25,65,25,73,10,39,26,47,71,29,39,15,23,40,57,37,7,,167,24,26,97,151,103
20150109,8,NO2,44,99,93,115,88,131,128,25,40,41,134,119,87,40,58,76,75,61,97,120,102,100,93,75,65,51,63,66,83,74,44,62,58,57,75,68,61,68,103,48,61,53,30,41,44,54,23,49,81,100,82,103,62,50,44,61,43,37,73,45,36,45,43,14,32,34,33,23,14,42,46,42,50,79,66,65,51,51,71,62,33,89,114,90,86,109,99,64,71,84,83,86,83,85,120,40,35,31,33,33,44,59,45,26,55,25,78,38,64,27,61,47,86,47,76,54,51,42,44,42,37,59,49,55,72,73,33,67,57,30,68,45,32,24,33,29,22,13,31,33,35,33,29,45,21,28,24,25,43,43,26,42,20,107,30,19,27,58,56,55,84,84,53,45,85,52,76,56,43,27,68,107,84,113,89,43,115,73,63,56,62,51,34,48,33,49,48,49,47,32,52,39,32,56,23,56,36,48,40,51,30,3,31,44,38,69,60,59,56,50,37,43,13,38,29,34,29,54,25,171,26,73,29,66,66,54,25,28,44,77,35,49,37,26,30,28,10,27,7,30,29,41,28,45,54,32,41,35,108,67,102,75,49,41,73,28,68,27,67,59,68,46,39,37,22,49,38,42,23,41,34,32,25,18,17,27,26,33,13,20,22,32,22,32,30,28,23,22,17,27,19,18,25,12,14,17,28,19,27,30,17,27,10,19,17,21,25,11,14,9,17,19,32,,13,7,6,9,35,23,7,27,58,17,35,33,56,46,46,79,64,38,31,45,124,,42,17,34,25,12,6,3,18,24,67,60,27,76,19,42,42,15,59,13,11,41,89,10,7,,54,51,43,52,30,49
20150109,8,NO2_24h,98,129,121,116,80,125,128,17,55,75,92,112,130,39,47,86,61,56,103,90,97,96,61,70,60,54,62,69,83,54,44,47,55,63,82,72,77,79,97,44,48,61,37,42,44,30,19,44,91,73,76,106,63,45,44,54,47,39,62,45,28,38,34,9,40,44,25,28,12,47,59,38,45,93,62,57,47,25,73,62,27,94,104,90,83,97,99,85,55,77,76,88,88,44,101,35,27,22,26,32,26,36,43,33,39,21,85,29,71,37,50,34,64,49,84,60,45,37,30,39,41,63,52,50,98,84,41,68,65,48,68,40,36,30,27,21,23,15,40,38,44,37,31,46,28,32,27,37,54,56,30,47,27,77,37,42,38,78,62,48,72,75,52,31,62,53,61,30,37,21,70,73,63,86,64,49,86,70,71,67,41,55,41,50,48,37,39,45,36,25,36,39,32,59,33,36,38,42,38,37,35,7,16,45,40,58,64,66,56,43,38,18,7,13,24,19,19,30,25,117,26,59,23,63,60,47,24,26,36,58,42,55,38,31,20,27,10,26,6,34,29,41,34,31,46,33,36,32,145,89,101,80,43,35,72,31,70,32,75,50,47,67,42,43,40,43,39,33,35,48,32,31,32,15,15,24,19,22,25,18,21,28,21,29,33,34,36,29,23,39,17,32,27,8,10,27,24,18,40,25,20,28,18,22,20,16,22,21,9,16,21,18,28,,34,8,5,10,28,10,8,34,71,23,40,32,65,42,37,60,50,27,35,47,129,,44,10,18,13,9,7,9,21,32,41,67,24,79,22,63,54,14,60,33,17,58,77,22,9,,55,32,35,53,43,34
20150109,8,O3,22,3,10,7,4,5,16,22,23,7,4,5,4,8,8,10,11,20,7,8,3,5,11,11,9,16,10,9,17,12,8,14,5,17,7,5,7,4,3,7,13,4,13,12,20,29,56,12,7,15,22,10,19,35,40,43,21,10,15,50,45,33,30,71,5,9,14,45,73,8,6,10,13,13,12,5,17,21,11,6,68,3,7,5,4,16,6,13,5,14,8,5,4,7,5,25,53,39,31,9,31,23,56,16,14,18,5,19,16,22,23,8,7,8,4,9,26,22,19,20,36,16,19,14,3,3,33,15,5,10,23,10,7,19,83,52,61,94,4,7,10,4,47,17,18,21,8,5,57,7,12,5,57,20,10,56,61,5,12,3,11,10,4,9,6,3,3,11,3,5,5,5,17,10,5,6,13,1,9,35,5,146,74,4,11,3,15,9,30,6,15,4,35,25,18,12,15,21,24,17,40,31,55,6,13,11,15,20,16,5,23,18,23,33,24,21,37,30,42,22,45,30,34,4,44,46,26,33,38,77,29,17,54,47,58,3,27,31,18,9,6,3,3,10,14,9,10,11,12,2,3,6,10,8,2,55,4,18,5,4,5,5,11,2,2,3,26,21,6,23,23,31,2,31,41,31,29,41,20,44,29,31,31,9,15,1,2,1,32,29,26,1,12,47,28,41,22,25,3,28,31,26,43,30,52,30,43,55,15,31,16,36,1,,42,67,30,64,37,38,57,6,4,4,14,5,10,14,12,7,7,36,10,4,6,,9,66,35,52,53,7,107,4,32,7,9,10,24,19,22,21,35,7,126,80,38,7,44,61,,7,36,27,4,8,3
20150109,8,O3_24h,30,25,20,30,16,15,34,71,51,15,39,36,13,38,50,37,48,60,30,73,66,61,86,50,81,90,68,82,78,65,67,98,51,74,86,91,53,67,71,98,75,94,106,106,65,104,85,75,41,63,63,103,75,110,122,124,112,85,109,142,116,130,86,98,15,51,62,57,97,46,58,58,68,29,65,89,54,70,53,42,116,23,59,71,36,31,29,80,49,42,91,24,45,63,34,103,134,137,144,109,133,129,113,175,116,27,50,68,48,45,60,33,50,52,45,46,66,56,79,59,68,46,74,75,21,32,75,102,46,44,98,105,27,54,96,109,99,107,40,46,38,51,71,75,39,56,70,53,95,70,58,49,84,94,83,84,73,24,33,52,55,63,58,55,57,43,29,65,48,58,65,67,83,81,75,97,63,53,81,69,77,92,91,82,44,32,108,52,108,39,102,44,80,64,46,95,60,54,123,72,56,49,93,39,58,53,68,40,65,47,49,65,40,63,48,66,58,58,65,60,54,76,78,81,98,87,52,70,105,126,68,67,100,69,90,79,95,97,90,85,56,78,93,95,102,123,115,86,27,34,43,54,97,68,62,113,62,62,94,102,106,113,94,95,17,111,85,142,84,87,77,87,60,80,79,93,68,142,34,95,47,77,74,98,49,59,30,39,56,68,44,22,55,76,45,79,30,56,56,50,43,54,72,79,60,73,99,60,48,31,77,69,97,,44,93,40,91,77,89,89,53,62,39,80,34,88,75,84,78,45,79,85,89,62,,82,110,88,109,108,28,129,12,61,56,49,37,35,20,60,63,57,63,143,93,72,41,90,89,,39,115,152,48,20,47
20150109,8,O3_8h,15,3,12,7,1,4,20,41,30,6,4,4,4,7,31,11,7,22,7,10,3,5,10,14,8,15,12,9,17,12,15,21,7,17,5,2,6,4,2,6,20,5,12,20,22,58,58,13,7,14,27,17,32,44,43,41,18,7,15,53,60,43,38,85,5,8,39,44,83,7,6,14,19,10,27,19,36,42,9,6,80,2,11,4,3,17,5,13,6,14,8,4,4,16,5,40,65,66,50,12,58,40,59,29,14,21,7,29,20,23,25,17,6,7,3,7,34,23,29,33,37,14,19,14,3,3,45,19,5,10,34,15,7,22,89,65,66,87,3,9,13,7,53,14,23,19,15,5,58,8,12,7,55,36,20,43,59,5,9,2,8,9,3,8,6,2,2,22,3,6,5,4,15,9,5,6,13,1,9,25,13,137,67,3,11,5,31,13,31,10,28,6,35,25,18,37,16,19,13,32,35,32,71,6,25,16,15,19,14,12,27,31,30,41,29,37,40,36,52,25,46,35,47,8,43,38,28,33,53,82,28,26,40,52,70,3,38,22,40,9,9,6,6,23,19,18,12,9,11,3,3,6,20,8,4,62,8,28,5,23,27,5,19,9,2,10,26,38,6,25,32,31,2,45,46,40,37,56,11,53,38,35,31,16,18,9,2,5,35,23,22,4,13,52,32,44,16,36,6,29,34,35,42,38,55,44,61,54,34,24,20,42,9,,33,79,32,73,42,45,61,7,3,6,19,5,10,21,31,19,22,58,10,6,8,,10,72,64,52,62,7,98,4,34,13,8,9,22,19,17,24,39,8,108,88,22,6,54,55,,3,55,29,3,7,5
20150109,8,O3_8h_24h,17,10,15,20,10,10,25,54,34,10,25,20,9,29,39,27,37,47,22,55,41,46,74,39,52,69,53,62,61,53,46,80,34,57,65,69,42,52,57,79,66,65,78,94,45,97,71,55,30,47,45,46,61,94,101,104,95,67,86,120,102,111,74,89,13,34,56,46,91,27,36,44,58,16,50,67,42,62,35,29,90,15,30,36,26,25,18,51,37,33,45,16,28,59,21,97,117,119,126,91,118,114,100,145,94,22,40,55,35,33,55,26,36,39,36,33,53,41,66,46,46,31,60,48,13,19,58,75,33,33,76,78,24,44,92,100,88,96,23,36,24,38,62,34,28,51,52,30,79,47,42,30,70,63,39,61,63,17,24,34,43,48,48,42,46,29,25,58,41,48,56,54,64,70,61,57,53,36,61,50,67,157,71,56,27,25,92,40,83,34,77,29,65,45,31,84,46,41,80,64,39,43,87,29,44,40,48,33,34,34,38,62,38,60,41,59,50,54,60,52,47,53,65,60,81,68,40,44,81,99,51,54,64,60,82,69,83,88,80,64,43,64,62,89,88,80,93,71,17,18,28,39,75,50,41,93,41,44,63,79,75,72,82,71,11,66,70,117,68,74,58,73,42,67,72,81,55,106,26,115,42,62,70,75,35,56,26,33,42,49,31,13,47,69,39,66,27,51,36,49,36,51,65,69,55,66,66,54,41,24,51,61,59,,38,84,36,87,70,83,84,40,44,32,52,28,56,57,64,58,36,70,58,64,41,,59,108,76,100,105,15,121,9,50,52,35,32,33,19,41,52,50,50,129,88,52,28,73,68,,24,102,119,34,15,42
20150109,8,CO,0.7,3.786,6.005,4.768,3.661,5.759,9.522,1.252,0.829,0.766,6.866,5.163,6.457,3.556,3.209,2.972,1.854,1.371,2.023,2.477,2.564,2.49,2.547,2.831,3.306,2.674,2.941,3.387,1.821,1.707,2.151,2.271,1.912,1.657,1.708,1.551,1.433,1.749,2.229,1.372,1.801,1.683,1.607,1.053,1.488,0.879,0.754,1.303,3.362,3.159,1.719,3.117,1.433,1.18,1.322,1.411,1.075,1.544,1.728,1.089,1.199,1.399,1.145,1.017,1.269,1.3,1.06,0.876,0.876,2.859,2.948,2.503,1.462,3.822,1.612,1.658,1.804,0.792,4.543,3.905,0.901,3.553,6.512,4.393,3.074,4.337,3.743,2.682,2.672,3.499,4.048,4.216,3.303,1.575,3.985,1.251,0.884,2.169,1.54,1.092,1.371,1.759,1.324,1.47,1.686,1.933,2.651,3.424,6.503,4.408,1.59,2.393,5.041,2.281,3.626,2.406,1.416,0.879,1.516,1.591,2.273,2.669,1.792,3.028,4.994,1.931,1.942,1.385,2.444,1.84,2.016,2.725,1.608,2.982,1.045,1.752,1.185,0.896,1.149,0.879,1.709,0.59,1.174,0.889,1.084,0.627,1.857,1.594,1.693,4.45,1.961,1.87,1.639,0.885,1.464,1.745,0.774,3.326,4.082,4.562,2.787,3.114,4.69,,4.321,4.872,5.427,1.382,3.279,3.632,1.529,3.165,2.376,3.05,2.381,1.616,2.571,2.388,1.985,0.817,1.785,1.294,1.932,1.842,2.231,1.544,1.256,3.053,1.046,4.92,1.727,4.17,5.098,2.477,4.612,1.98,0.853,2.352,1.615,1.244,0.649,0.439,1.948,2.359,1.348,1.148,1.909,3.031,2.76,1.518,0.74,0.95,0.977,3.161,1.012,0.565,1.157,0.939,0.51,2.662,0.341,1.74,1.178,2.393,2.581,2.865,0.564,1.99,1.36,3.062,1.006,1.942,0.818,2.278,0.907,1.205,1.493,1.683,1.067,1.342,1.714,2.079,0.881,1.95,1.349,1.201,1.539,1.183,2.572,3.64,3.597,1.612,1.813,3.142,2.318,0.98,3.687,0.434,3.341,2.266,3.698,2.3,2.289,3.807,0.928,1.698,1.799,2.407,6.536,1.465,0.985,1.838,0.82,1.511,1.528,1.427,1.675,1.338,1.088,1.302,1.257,0.63,0.941,0.885,1.365,0.857,1.182,0.813,0.912,1.458,0.963,1.059,1.033,0.585,0.405,0.501,0.925,1.337,3.125,1.517,0.98,0.914,0.769,0.891,0.656,1.313,,0.367,1.132,0.993,0.715,0.894,0.73,,0.819,0.111,0.72,1.463,1.976,0.817,0.307,1.921,2.114,1.956,3.092,2.794,1.664,2.92,1.405,9.875,1.192,3.912,2.446,1.205,2.597,,2.169,1.366,0.302,,0.301,0.738,0.375,1.491,0.593,1.639,4.085,2.769,3.175,0.539,0.887,2.934,1.176,5.12,1.43,2.107,1.863,4.955,2.364,0.387,,3.759,1.093,1.033,4.379,3.358,2.713
20150109,8,CO_24h,2.986,5.378,4.763,3.383,3.238,4.116,7.669,1.189,2.683,2.891,4.195,4.093,7.627,3.009,2.826,2.345,1.299,1.345,1.809,1.447,1.852,1.77,1.384,2.106,2.578,1.703,2.006,2.174,1.594,1.441,1.68,1.698,1.736,1.421,1.458,1.318,1.243,1.516,1.516,1.133,1.291,1.361,1.429,0.923,1.207,0.673,0.73,1.046,2.274,1.638,2.037,2.179,1.398,1.266,1.392,1.493,1.235,1.542,1.606,1.127,1.223,1.292,1.149,1.437,1.252,1.09,0.811,1.16,0.765,2.394,2.851,1.807,1.263,3.817,1.538,1.408,1.703,0.6,3.284,2.897,0.779,2.662,3.934,3.029,2.59,3.776,3.57,2.08,1.861,2.496,2.504,2.975,2.597,1.107,2.721,1.129,0.947,1.987,1.311,1.221,1.404,1.429,1.375,1.485,1.619,1.628,2.352,2.494,4.877,4.558,1.439,1.278,2.365,2.061,3.008,2.194,1.384,1.305,0.929,1.329,1.727,2.335,1.309,2.153,4.132,2.242,1.785,1.566,2.139,1.828,1.856,2.536,1.652,3.084,0.998,1.762,1.226,0.985,0.984,0.794,2.263,0.521,1.056,0.863,0.911,0.656,1.838,1.409,1.803,4.828,1.819,1.363,1.28,0.857,1.472,2.081,1.07,3.183,3.044,2.635,2.094,1.671,2.297,1.49,3.444,2.333,2.588,1.086,2.23,1.843,1.231,2.364,1.291,1.706,1.857,1.404,1.485,1.967,1.76,0.625,1.313,1.195,1.483,1.573,2.139,1.064,1.013,2.77,0.789,2.222,1.335,2.816,4.231,2.876,3.706,0.946,1.103,1.599,1.419,0.889,1.266,0.303,1.732,2.377,1.073,1.227,1.613,3.233,2.455,0.992,1.093,0.575,0.85,1.327,0.775,0.394,1.035,0.465,0.632,1.459,0.761,1.424,1.014,1.609,2.079,2.363,0.594,1.542,1.173,1.379,0.901,1.421,0.924,2.309,0.644,1.135,1.343,1.492,0.837,1.039,1.326,1.532,0.998,1.712,1.013,0.96,1.317,0.894,2.377,4.049,2.407,1.557,1.57,2.669,1.814,1.1,2.901,0.58,3.147,1.817,2.765,2.511,2.293,3.457,0.98,1.578,1.685,2.007,4.773,1.37,0.908,1.724,0.875,1.562,1.65,1.492,1.559,1.372,1.19,1.145,1,0.997,1.121,0.845,0.91,0.6,1.002,0.574,1.103,1.48,0.986,1.374,0.783,0.447,0.289,0.715,1.005,1.332,3.161,1.299,1.06,0.914,0.83,0.86,0.576,1.36,1.707,0.57,0.697,1.133,0.852,0.831,0.876,,1.401,0.267,0.702,1.374,1.518,0.723,0.349,2.1,2.814,1.947,3.196,1.921,1.465,2.265,1.12,5.773,1.281,3.076,1.969,1.229,1.97,,2,1.364,0.396,0.201,0.312,1.125,0.764,1.306,0.749,1.143,3.899,2.022,3.432,0.744,1.394,3.645,1.342,4.764,2.224,1.829,2.726,3.734,2.251,0.485,,2.657,0.985,1.207,3.269,2.816,1.761
20150109,9,AQI,35,188,230,246,196,250,500,53,57,57,322,449,255,110,73,293,130,133,249,220,179,206,257,344,252,175,215,246,171,226,198,248,203,154,178,128,146,184,242,139,106,149,103,115,149,81,64,98,224,216,144,255,216,74,85,97,70,103,86,86,67,71,96,77,110,110,64,24,41,118,108,66,77,224,182,207,60,56,209,220,70,391,479,360,304,258,309,334,202,257,266,349,284,144,261,72,71,103,114,81,88,87,64,82,57,22,293,78,125,122,75,94,217,170,131,157,160,50,106,165,132,181,105,108,234,130,63,113,92,258,246,124,122,108,141,105,108,45,70,80,32,98,108,78,103,40,29,99,82,77,58,110,63,64,100,63,98,278,148,274,236,179,326,258,219,188,278,150,182,252,153,200,202,313,241,177,285,157,182,131,199,171,144,156,149,115,132,175,94,225,92,113,202,67,105,81,62,179,98,56,54,33,54,125,150,75,161,153,186,94,78,98,62,257,122,99,71,220,56,272,28,126,108,257,161,93,67,163,96,174,84,130,77,100,83,81,105,69,70,87,161,83,111,85,89,64,70,85,95,164,446,126,127,156,203,143,214,54,177,241,231,154,131,163,115,193,213,156,105,143,130,131,80,94,88,105,103,100,66,121,65,108,85,55,80,144,66,103,71,124,62,76,77,30,17,23,42,27,48,25,23,76,33,50,35,26,53,27,58,40,37,22,97,,18,38,41,36,79,23,30,154,83,80,58,223,126,106,72,99,65,157,116,80,247,,81,36,58,39,53,58,50,92,76,108,231,143,196,108,67,205,131,81,58,44,91,160,85,29,,227,89,91,172,271,109
20150109,9,PM2.5,16,141,179,195,147,199,477,25,29,27,271,349,204,82,40,242,98,101,198,169,135,155,206,293,201,127,164,195,129,175,148,197,152,117,134,97,111,138,191,106,79,114,76,86,114,59,45,73,173,165,92,204,165,53,62,72,50,76,63,63,47,51,71,56,82,82,45,6,19,79,80,44,51,173,137,156,28,23,158,169,50,340,407,309,253,207,258,283,151,206,215,298,233,110,210,52,51,76,85,59,65,64,45,60,25,8,242,43,94,92,47,70,166,128,99,119,121,29,79,125,100,136,78,67,183,84,40,84,66,207,195,78,92,80,107,78,80,20,50,58,21,73,80,57,76,28,13,69,60,43,37,82,36,27,59,43,73,227,100,223,185,135,275,207,168,141,227,115,137,201,116,150,151,262,190,133,234,119,137,99,149,129,110,118,114,86,100,132,70,174,68,84,151,48,78,59,42,135,73,29,37,9,33,94,115,54,122,116,140,70,57,73,19,206,92,41,51,169,34,221,9,95,80,206,122,69,48,123,71,131,56,98,56,75,61,59,78,49,50,64,122,61,83,62,66,45,50,62,70,124,418,95,96,118,152,109,163,37,133,190,180,117,99,123,86,145,162,118,74,109,98,99,58,70,65,78,76,75,47,91,44,80,62,19,58,110,47,76,51,93,42,41,56,21,10,9,29,17,33,17,16,55,20,35,24,13,36,3,40,28,22,14,37,,8,13,11,12,57,15,15,117,50,58,28,112,95,79,47,65,46,119,87,58,196,,43,20,38,27,35,36,29,68,55,80,180,79,147,80,29,154,48,59,11,14,67,121,51,13,,176,66,67,130,220,81
20150109,9,PM2.5_24h,131,228,198,187,110,188,412,26,61,186,166,249,262,65,58,189,79,84,197,97,120,128,117,198,144,98,137,149,107,131,120,138,127,102,134,92,113,115,138,95,64,84,52,74,107,43,38,58,147,92,112,172,137,52,54,67,49,61,63,58,42,37,60,42,78,75,52,24,14,58,74,45,52,182,120,119,63,24,101,100,36,207,247,206,194,157,187,217,78,137,168,186,164,61,150,47,42,62,69,49,54,53,43,68,26,22,208,39,94,110,38,58,88,88,88,79,80,48,42,109,83,120,66,67,219,170,46,119,69,245,165,76,101,97,87,56,72,30,47,66,39,65,65,58,68,58,27,66,64,54,34,57,39,26,82,62,95,174,90,110,120,79,128,96,90,101,110,63,94,97,108,98,98,138,110,118,131,94,100,103,100,94,103,104,98,69,89,123,43,89,44,71,118,92,108,41,74,74,73,38,68,13,30,79,72,57,104,121,96,52,110,29,8,46,64,21,30,63,29,133,24,82,58,140,105,63,55,105,69,85,61,83,62,82,44,38,39,38,38,66,97,62,60,50,61,46,42,46,93,154,322,108,93,113,136,102,148,44,144,166,172,125,106,128,108,122,127,116,71,96,91,100,63,55,58,67,63,52,44,73,44,74,53,18,55,85,45,62,65,109,41,64,51,21,14,35,70,31,51,20,36,47,23,66,29,17,47,14,23,36,38,39,34,,20,22,29,25,41,24,10,111,55,63,43,79,104,71,54,66,55,53,59,48,199,,44,20,52,29,24,28,36,66,76,47,186,76,170,84,41,172,77,59,26,12,91,110,57,30,,75,56,56,113,166,47
20150109,9,PM10,34,253,292,270,282,354,669,53,61,62,406,548,300,160,93,320,136,137,271,253,232,229,282,327,293,298,243,282,287,274,246,271,253,163,188,139,169,150,262,163,151,164,142,108,168,97,62,105,337,268,235,241,178,68,92,98,69,101,94,79,82,89,115,86,115,125,40,18,28,183,127,79,102,236,194,223,68,59,189,223,75,387,578,422,320,297,414,433,167,320,378,423,325,172,292,73,83,94,113,79,90,103,66,80,62,7,359,103,139,151,97,117,244,174,144,151,162,49,115,145,144,196,142,163,281,208,73,143,131,281,269,195,104,107,125,107,98,33,76,66,31,111,117,78,99,35,28,145,85,102,64,144,74,70,148,73,100,291,244,314,269,219,350,260,145,211,297,160,227,303,171,209,217,414,222,162,340,155,184,189,204,137,226,181,136,111,143,199,97,261,132,141,240,80,104,105,71,209,125,59,46,32,55,182,135,81,153,239,148,115,82,80,71,102,132,145,78,229,60,300,27,134,156,214,165,104,55,236,86,185,116,120,83,101,88,65,63,71,65,100,168,107,138,80,104,61,75,95,137,213,417,171,128,193,210,160,246,56,240,335,294,170,156,198,121,184,207,195,158,132,146,153,85,104,84,104,96,102,56,115,77,99,79,57,88,129,71,123,78,109,71,99,87,26,14,15,33,,43,20,,69,32,34,28,25,,5,43,6,36,16,142,,4,26,40,27,105,17,23,117,114,78,64,365,142,152,92,128,77,182,135,90,260,,109,27,63,36,53,64,44,101,69,132,237,233,228,100,82,294,210,103,31,12,108,,118,12,,322,109,82,114,278,119
20150109,9,PM10_24h,169,359,315,268,211,332,575,71,121,252,274,401,397,118,146,259,116,120,245,127,213,170,157,243,238,231,196,208,184,187,208,182,220,145,192,140,174,133,189,147,107,137,88,109,133,72,59,89,267,158,241,204,144,73,83,96,77,92,89,78,74,70,89,61,104,115,67,41,23,144,125,74,108,257,171,190,153,88,127,129,62,256,371,290,266,210,311,335,97,221,285,337,258,97,204,62,74,78,94,67,74,90,68,94,52,41,315,109,130,154,94,108,127,134,117,115,112,61,68,123,133,169,119,152,321,265,93,185,144,325,240,170,131,128,99,77,89,43,73,78,84,96,97,81,85,84,44,170,141,143,67,105,81,86,209,113,144,247,209,176,179,114,157,120,102,158,150,97,104,137,157,128,140,209,136,144,187,126,139,182,133,142,189,165,138,87,125,182,64,151,116,128,199,147,111,105,117,109,167,83,97,39,55,177,91,85,133,207,130,93,157,33,24,65,95,45,44,84,48,161,50,128,94,159,141,98,70,189,89,121,115,106,98,121,72,54,60,67,62,109,135,113,87,63,101,65,67,68,172,264,323,160,132,171,193,146,219,67,219,244,254,180,163,193,137,169,174,187,132,124,143,159,93,78,80,94,76,68,76,100,63,85,68,50,86,104,58,83,97,128,59,115,83,26,21,56,98,51,77,25,67,62,37,127,48,35,73,30,33,41,54,33,90,,43,51,85,88,53,38,20,126,121,88,108,209,164,128,92,115,92,118,106,82,265,,117,32,82,46,44,60,43,123,130,86,253,261,278,104,111,314,302,114,47,19,128,235,139,53,,202,80,80,121,235,72
20150109,9,SO2,22,68,164,112,159,130,430,53,34,16,240,177,274,250,91,458,121,147,311,69,58,47,175,84,72,70,84,72,36,92,32,69,61,27,45,40,59,31,111,32,23,51,25,33,30,9,12,55,138,135,155,35,47,22,15,18,22,25,30,36,20,29,23,16,28,11,17,8,10,57,39,66,127,60,38,40,68,32,230,138,13,190,91,130,121,255,348,92,124,268,188,117,96,145,297,38,23,32,30,10,18,26,35,8,35,15,97,134,219,226,213,205,210,145,210,173,91,71,61,44,27,53,32,92,170,144,109,142,67,30,83,19,50,18,44,23,45,2,19,19,38,41,23,6,22,16,13,21,31,66,34,33,141,39,140,1,6,149,236,296,124,171,112,157,110,103,147,89,69,95,31,85,18,166,86,39,112,27,50,46,74,56,22,39,17,264,14,28,35,157,256,202,82,66,142,65,39,20,98,68,22,19,64,171,75,172,111,205,57,53,62,80,29,21,33,9,14,40,39,103,24,38,36,37,63,17,5,12,44,65,14,33,11,20,17,36,35,56,11,29,54,54,157,90,65,55,65,164,168,197,74,112,30,17,73,44,66,27,90,98,40,10,10,14,12,73,124,99,43,64,43,57,109,56,20,55,20,35,10,27,16,22,7,18,20,23,8,19,15,11,14,7,83,1,15,10,21,80,25,25,7,18,10,16,46,10,10,11,11,12,17,36,53,,1,6,4,11,46,4,8,22,25,43,9,84,101,129,251,60,24,120,153,43,323,,68,25,99,3,26,2,14,23,61,66,105,7,16,26,24,44,46,38,6,26,16,56,32,3,,187,33,41,129,120,266
20150109,9,SO2_24h,52,149,221,118,110,119,250,48,66,50,173,177,280,190,87,300,87,94,227,45,47,48,81,80,71,48,64,56,43,55,55,65,57,29,50,32,55,39,76,24,18,36,22,28,25,11,12,34,123,72,128,38,39,23,13,18,20,25,29,29,18,25,23,9,17,10,26,10,6,42,44,37,126,85,39,39,53,20,159,88,14,197,120,111,94,266,245,93,69,199,139,117,90,59,231,31,16,17,29,13,13,22,39,14,26,10,106,61,144,208,101,150,123,75,148,144,54,56,35,45,28,54,49,97,165,102,102,113,68,65,78,22,49,16,33,17,39,2,19,18,56,28,18,18,18,16,26,32,38,76,22,36,204,41,195,10,21,206,147,145,80,97,75,82,99,53,73,34,37,47,36,59,12,55,59,41,65,42,40,39,37,30,23,32,21,131,19,35,29,91,134,165,78,81,135,33,53,26,78,34,33,29,23,176,57,77,80,201,60,27,73,46,21,6,27,8,12,22,52,46,35,35,27,30,74,17,8,14,40,50,19,30,25,30,13,28,23,34,11,18,33,47,45,62,68,50,52,80,166,162,90,86,27,21,63,37,56,34,57,58,38,36,23,24,22,57,55,67,43,61,62,35,88,31,16,38,17,17,18,20,12,18,11,18,15,15,16,13,21,11,11,10,54,2,11,36,22,71,15,14,14,26,23,22,39,9,12,26,9,13,20,25,20,,6,7,4,8,33,7,5,21,31,41,30,65,81,91,128,43,38,85,85,34,122,,41,22,40,4,18,2,25,25,66,27,75,10,38,26,46,71,30,39,15,22,40,59,37,7,,162,24,27,98,149,112
20150109,9,NO2,42,84,93,103,95,146,139,19,41,27,130,117,101,38,63,80,63,61,97,130,110,99,98,77,88,58,65,69,95,73,49,63,60,62,76,68,66,76,106,48,70,59,31,47,38,53,31,49,94,107,83,108,62,52,43,55,46,39,56,40,30,41,39,15,32,33,34,24,25,43,43,46,54,93,66,67,54,66,79,61,38,105,128,98,85,95,100,72,72,92,90,96,92,80,127,42,36,29,26,34,42,48,42,26,40,30,89,35,73,29,57,50,87,45,81,58,53,40,43,43,49,59,49,55,75,69,39,70,62,33,68,47,34,31,34,29,32,15,34,36,37,34,31,57,22,30,24,26,51,44,27,38,19,125,30,29,31,59,67,66,87,98,65,43,81,75,89,59,57,35,79,103,80,121,97,46,113,80,59,72,74,58,34,56,36,45,44,49,49,30,52,40,32,55,25,75,36,45,53,69,35,5,46,43,41,77,62,60,59,50,47,39,14,47,27,32,28,48,24,163,25,72,34,76,66,57,24,27,41,77,40,55,34,27,30,29,10,27,9,32,34,45,30,46,52,36,40,34,121,63,110,79,51,43,75,27,72,38,78,64,68,52,42,41,23,49,47,42,18,39,35,38,29,21,16,27,27,37,23,22,25,36,31,31,31,27,22,22,22,23,21,18,25,17,19,20,27,24,25,43,14,27,18,30,16,31,18,17,12,13,19,26,34,,15,13,7,18,46,17,12,28,61,17,32,33,61,43,46,76,68,57,33,46,122,,54,16,37,25,20,6,6,20,31,79,62,26,73,19,60,44,14,55,26,22,66,89,10,8,,81,56,42,53,31,46
20150109,9,NO2_24h,97,130,122,115,81,127,131,17,55,74,94,114,131,39,47,86,62,56,103,93,97,96,63,71,61,55,62,69,83,55,44,48,55,64,82,72,77,80,99,45,49,62,37,43,36,32,19,45,91,75,77,107,64,46,45,55,48,40,63,45,29,38,34,7,39,44,25,27,13,48,59,38,45,93,62,58,47,26,73,61,27,94,106,90,84,97,99,85,56,79,76,89,89,46,107,36,27,22,26,32,27,37,43,33,40,20,86,29,71,37,49,35,65,50,84,60,45,36,31,39,36,64,52,50,98,83,39,68,65,48,68,39,36,30,27,22,24,15,40,37,44,37,31,48,27,32,27,37,55,56,30,47,25,78,37,42,38,79,62,49,73,77,52,32,64,55,62,31,38,21,71,75,64,87,65,49,87,70,71,67,42,55,42,51,49,37,39,44,37,25,36,39,32,59,33,37,38,41,39,38,35,6,17,46,41,59,64,66,57,43,39,20,7,14,24,19,20,31,25,120,26,60,24,63,60,48,24,26,36,57,41,54,37,31,21,27,10,27,6,35,29,42,35,31,46,34,36,33,144,89,102,80,42,35,72,23,71,31,76,49,48,68,43,43,40,44,39,33,34,42,32,31,32,16,15,24,19,23,25,18,21,28,22,29,33,34,36,29,23,38,17,32,27,8,10,26,24,17,39,26,19,28,18,21,20,16,22,21,9,15,21,18,29,,34,8,5,11,29,10,9,34,70,23,40,32,65,41,37,60,50,27,35,47,129,,44,10,19,11,10,7,8,21,32,42,68,25,79,22,64,54,14,59,33,17,58,77,22,8,,56,32,35,53,43,35
20150109,9,O3,25,6,9,8,7,5,19,31,23,14,5,5,5,9,8,11,14,22,7,9,2,6,13,13,11,17,11,10,18,14,9,20,8,19,8,10,10,5,4,13,19,7,15,17,20,31,56,12,8,17,22,9,19,34,46,47,34,11,31,58,55,38,32,67,5,10,12,45,64,8,6,8,11,4,17,7,16,11,12,8,61,3,9,5,5,16,7,14,8,15,8,5,5,13,5,28,56,41,55,12,32,36,57,24,31,16,7,20,18,22,25,8,10,11,6,12,29,25,24,21,40,19,19,16,4,7,29,18,5,10,16,10,7,18,84,52,53,93,3,6,12,3,45,15,22,17,10,5,55,7,12,6,63,8,9,46,59,6,11,5,11,12,4,9,9,3,3,13,4,6,6,5,21,10,7,8,14,,14,29,6,146,70,5,11,5,15,10,30,9,21,6,36,25,19,6,18,20,15,9,38,31,41,8,14,12,20,21,18,9,26,28,26,34,27,22,47,35,43,25,45,35,31,5,52,43,24,37,40,82,27,16,46,41,58,5,29,35,26,12,9,8,12,14,18,13,16,14,11,3,3,9,15,9,4,53,4,14,24,6,9,5,10,3,3,12,17,23,8,32,26,18,2,28,42,30,30,37,11,45,28,29,23,8,15,3,2,1,29,25,18,2,13,42,25,38,24,24,8,21,32,27,29,24,54,21,57,51,17,33,17,31,2,,39,59,27,57,30,48,47,7,7,5,16,4,11,11,11,10,6,29,12,5,7,,9,67,36,35,44,7,104,4,23,7,9,9,24,19,9,21,32,11,116,71,19,6,49,63,,10,33,36,5,9,7
20150109,9,O3_24h,33,25,20,32,17,15,34,71,51,15,39,36,13,35,50,37,48,60,30,73,66,61,86,50,81,90,68,82,78,65,67,98,51,74,86,91,53,67,71,98,75,94,106,106,61,104,85,75,41,63,63,103,75,110,122,124,112,85,109,142,116,130,86,99,14,51,61,58,97,46,58,58,68,29,65,89,54,66,53,42,116,23,59,71,36,31,29,80,49,42,91,24,45,63,34,103,134,137,144,109,133,129,113,175,116,27,50,68,48,45,60,33,50,52,40,46,66,56,79,59,79,47,74,75,21,32,75,102,46,44,98,110,27,54,96,109,99,107,40,46,38,51,71,75,40,56,70,53,95,70,58,49,84,94,83,83,73,24,33,52,55,63,58,55,57,43,29,65,48,58,65,67,83,81,75,97,63,53,81,69,77,92,91,82,44,32,108,52,108,39,102,44,80,64,46,95,60,54,123,72,56,49,93,39,58,53,68,40,65,47,49,65,40,63,48,66,62,58,65,60,54,76,78,81,98,87,52,70,105,126,68,67,100,69,90,79,95,97,90,85,56,78,93,95,102,123,115,86,27,34,43,54,97,68,62,120,62,62,94,102,106,113,94,95,17,111,85,142,84,89,77,87,60,80,79,93,68,142,34,79,47,77,74,98,49,56,30,39,56,68,43,22,55,76,45,79,30,56,51,50,43,54,72,79,60,73,99,60,48,33,77,69,97,,44,93,40,91,77,89,89,53,62,39,80,34,88,75,84,78,45,79,85,89,62,,82,110,88,109,108,28,129,12,61,56,49,37,35,20,60,63,57,63,143,93,72,41,90,89,,39,115,152,48,20,47
20150109,9,O3_8h,18,3,12,7,2,4,20,39,29,7,4,4,4,7,27,11,8,22,7,10,2,5,10,13,8,15,12,9,17,12,14,21,6,17,6,2,7,4,2,7,18,6,12,18,23,53,59,13,7,14,26,16,28,44,44,42,21,6,16,54,59,42,37,84,5,8,34,46,80,7,6,13,18,10,24,17,33,34,10,7,76,2,12,5,3,17,5,13,6,14,8,4,4,14,5,37,63,57,47,11,51,37,59,27,17,20,7,27,19,23,25,16,6,8,4,8,33,24,28,30,42,15,19,14,3,3,43,19,4,10,30,15,7,21,89,63,64,88,3,9,14,6,51,13,23,20,13,5,58,8,12,6,58,34,17,44,58,5,9,3,8,10,3,8,6,1,2,21,3,6,5,4,15,9,5,6,13,1,9,27,11,139,70,3,11,5,28,10,31,9,27,6,35,24,18,32,15,18,13,28,38,31,66,6,25,17,16,20,14,10,26,29,29,39,28,34,41,36,51,23,47,35,44,7,45,40,28,34,49,80,27,25,42,51,67,3,37,25,37,9,9,5,7,21,18,15,12,9,11,3,3,6,17,8,4,64,7,27,7,15,21,5,16,8,2,9,26,34,6,31,29,29,1,43,45,38,36,54,11,51,37,34,30,14,18,8,2,4,35,23,22,3,13,49,32,44,17,34,8,27,34,35,39,35,55,41,60,53,32,26,20,42,6,,35,75,31,70,39,44,58,7,4,5,18,5,10,18,28,19,20,54,11,6,6,,9,71,58,50,58,7,98,5,35,13,8,9,23,19,17,25,39,8,108,86,23,6,53,57,,4,50,28,4,8,5
20150109,9,O3_8h_24h,19,10,15,20,10,10,25,54,34,10,25,20,9,27,39,27,37,47,22,55,41,46,74,39,52,69,53,62,61,53,46,80,34,57,65,69,42,52,57,79,66,65,78,94,45,97,71,55,30,47,45,46,61,94,101,104,95,67,86,120,102,111,74,90,12,34,56,48,91,27,36,44,58,16,50,67,42,59,35,29,90,15,30,36,26,25,18,51,35,33,45,16,28,59,20,97,117,119,126,91,118,114,100,145,94,22,40,55,35,33,55,26,36,39,32,33,53,41,66,46,54,31,60,48,13,19,58,75,33,33,76,79,24,44,92,100,88,96,23,36,24,38,62,34,28,49,52,30,79,47,42,30,70,63,39,61,63,17,24,34,43,48,48,42,46,29,25,58,41,48,56,54,64,70,61,57,53,36,61,50,67,157,70,56,27,25,92,40,83,34,77,29,65,45,31,84,46,41,80,64,42,43,87,29,44,40,48,33,34,34,38,62,38,59,41,59,51,53,58,52,48,53,65,60,79,68,40,44,81,100,51,53,64,60,82,69,83,88,80,64,43,64,62,89,88,80,93,71,17,18,28,39,75,50,41,98,41,44,63,79,75,72,82,71,11,66,70,117,68,76,58,73,42,67,72,81,55,106,26,109,42,62,70,75,35,50,26,33,40,49,31,13,46,69,39,66,26,51,36,47,35,51,65,69,55,66,66,54,41,26,51,61,59,,38,84,36,87,70,83,84,40,44,32,52,28,56,57,64,58,36,70,58,64,41,,59,108,76,100,105,15,121,9,50,51,35,32,32,19,41,52,50,50,129,88,52,28,73,68,,24,102,119,34,15,42
20150109,9,CO,0.708,2.959,5.579,4.755,3.985,5.662,10.794,1.234,0.984,0.533,6.329,5.198,5.673,3.644,4.651,3.553,1.749,1.529,2.152,2.652,2.996,2.317,3.632,2.847,3.591,2.549,2.711,3.617,2.339,1.874,2.212,2.214,2.063,1.748,1.733,1.707,1.592,2.017,2.304,1.408,1.969,1.926,1.609,1.172,1.541,0.914,0.772,1.341,3.867,3.384,1.88,2.854,1.467,1.244,1.367,1.35,1.224,1.596,1.575,1.11,1.194,1.406,1.148,0.985,1.334,1.498,1.166,0.875,0.986,2.978,3.414,2.685,1.745,4.623,1.594,1.665,1.993,0.988,5.108,3.626,0.906,4.647,6.954,5.153,3.223,4.555,3.963,2.963,2.765,4.505,3.894,4.805,4.873,1.553,3.766,1.345,0.968,2.164,1.345,1.266,1.404,1.655,1.408,1.661,1.677,2.129,3.074,3.614,6.654,4.42,1.765,1.968,4.884,2.247,4.497,2.711,1.655,0.878,1.372,1.615,2.237,2.843,1.894,3.074,4.573,1.785,2.234,1.447,2.807,1.877,2.294,2.833,1.675,3.126,1.063,1.796,1.314,0.893,1.423,1.101,1.609,0.694,1.293,1.105,1.325,0.668,1.963,1.801,1.885,4.45,2.066,2.035,1.715,1.084,1.414,1.928,0.69,3.608,4.482,6.368,3.491,4.517,5.57,,4.293,4.353,6.706,1.729,4.675,4.28,1.769,3.018,2.324,3.875,,1.535,2.592,,1.916,0.897,2.201,1.558,1.962,1.981,2.44,1.109,1.404,3.044,1.131,5.372,1.985,4.353,5.183,2.458,4.877,2.662,0.857,2.152,2.14,2.992,0.96,0.452,2.508,2.596,1.499,1.473,2.381,3.172,2.851,1.815,1.17,1.018,1.113,3.282,1.053,0.525,1.257,0.69,0.569,2.577,0.34,1.751,1.492,2.771,2.556,3.386,0.606,2.226,1.238,2.158,1.202,2.628,1.006,2.338,0.899,1.256,1.622,1.66,1.138,1.388,2.393,2.448,1.17,2.122,1.477,1.438,1.467,1.302,2.901,3.148,4.493,1.83,1.839,3.504,2.355,1.24,4,0.718,3.495,2.511,3.766,2.543,2.796,3.989,0.929,1.728,2.032,2.557,4.649,1.465,1.067,2.044,1.182,1.683,1.537,1.534,1.859,1.429,1.104,1.397,1.307,1.129,0.979,1.121,1.404,1.036,1.275,1.04,1.141,1.66,0.952,1.148,1.23,0.477,0.755,0.534,1.071,1.431,2.039,1.744,0.98,0.965,0.835,1.269,0.798,1.57,1.63,0.448,1.051,1.023,0.763,1.091,0.753,,0.897,0.242,0.773,1.536,2.006,0.723,0.429,2.08,3.001,2.005,3.021,3.001,1.765,3.516,1.191,9.799,1.301,4.418,3.122,1.487,4.16,,3.149,1.441,0.48,,0.471,0.676,0.446,1.739,0.729,2.768,3.358,1.923,2.833,0.559,2.929,3.312,1.338,4.516,2.03,2.052,2.377,4.947,2.327,0.432,,4.378,1.165,1.094,4.75,3.49,2.593
20150109,9,CO_24h,2.874,5.397,4.815,3.587,3.275,4.151,7.883,1.168,2.63,2.783,4.317,4.199,7.565,3.012,2.844,2.374,1.327,1.318,1.812,1.502,1.897,1.777,1.486,2.086,2.594,1.737,2.02,2.206,1.616,1.456,1.695,1.717,1.71,1.434,1.46,1.342,1.248,1.547,1.54,1.147,1.323,1.368,1.434,0.921,1.149,0.675,0.721,1.046,2.327,1.729,1.947,2.203,1.387,1.259,1.387,1.472,1.229,1.538,1.602,1.121,1.214,1.283,1.146,1.379,1.257,1.111,0.825,1.137,0.774,2.411,2.892,1.841,1.26,3.811,1.519,1.395,1.659,0.577,3.335,2.904,0.778,2.726,4.081,3.127,2.619,3.761,3.54,2.117,1.911,2.616,2.564,3,2.707,1.137,2.851,1.129,0.928,1.979,1.303,1.189,1.403,1.416,1.363,1.489,1.604,1.636,2.388,2.512,4.88,4.557,1.359,1.23,2.452,2.072,3.086,2.201,1.373,1.236,0.951,1.307,1.588,2.36,1.313,2.127,4.158,2.141,1.729,1.53,2.141,1.835,1.847,2.516,1.643,3.081,0.998,1.759,1.225,0.976,1.004,0.805,2.194,0.526,1.066,0.878,0.922,0.651,1.841,1.412,1.799,4.813,1.82,1.366,1.235,0.865,1.446,2.077,1.036,3.233,3.038,2.782,2.173,1.79,2.443,1.486,3.471,2.378,2.757,1.14,2.379,1.981,1.243,2.399,1.344,1.773,1.852,1.42,1.535,1.955,1.761,0.633,1.357,1.21,1.506,1.58,2.16,1.06,1.009,2.749,0.784,2.296,1.34,2.755,4.216,2.827,3.736,1.015,1.088,1.632,1.472,0.969,1.221,0.3,1.755,2.368,1.08,1.198,1.626,3.26,2.47,0.99,1.058,0.594,0.862,1.428,0.779,0.392,1.032,0.477,0.63,1.506,0.749,1.427,1.022,1.634,2.041,2.424,0.596,1.541,1.14,1.367,0.904,1.445,0.933,2.316,0.649,1.122,1.347,1.485,0.834,1.039,1.366,1.542,1.008,1.731,1.005,0.965,1.307,0.913,2.387,4.017,2.503,1.534,1.555,2.682,1.841,1.182,2.941,0.561,3.167,1.813,2.766,2.537,2.296,3.483,0.987,1.583,1.69,2.002,4.679,1.307,0.916,1.684,0.882,1.547,1.639,1.49,1.563,1.369,1.185,1.147,0.986,1.002,1.109,0.839,0.932,0.619,1.023,0.598,1.078,1.497,0.968,1.354,0.803,0.439,0.295,0.698,1.01,1.346,2.062,1.32,1.063,0.907,0.826,0.86,0.598,1.347,1.694,0.542,0.704,1.124,0.841,0.817,0.838,,1.401,0.258,0.703,1.386,1.562,0.72,0.35,2.095,2.749,1.949,3.192,1.97,1.449,2.173,1.128,5.762,1.271,3.097,2.008,1.245,2.038,,2.024,1.367,0.4,0.17,0.321,1.12,0.752,1.336,0.748,1.23,3.929,2.068,3.365,0.748,1.491,3.651,1.343,4.774,2.259,1.838,2.682,3.727,2.27,0.452,,2.701,0.987,1.196,3.324,2.852,1.823
20150109,10,AQI,37,128,217,216,225,262,500,52,64,57,277,480,277,111,104,286,122,153,245,234,193,214,282,353,271,188,219,256,179,258,193,240,204,163,186,127,164,191,227,143,122,170,137,136,150,85,70,100,231,223,149,259,216,74,100,94,69,93,85,86,66,72,93,76,115,117,48,24,43,128,109,78,93,242,186,206,77,63,110,217,70,411,494,375,325,273,350,421,210,295,278,416,324,163,276,71,70,100,103,88,91,82,63,74,55,23,318,94,143,135,77,121,184,142,182,161,139,47,96,171,130,177,106,104,234,128,70,104,107,257,251,125,122,124,144,110,109,46,72,81,37,106,110,86,109,45,30,108,91,81,64,115,68,67,95,70,91,282,196,296,253,236,403,288,207,221,322,175,304,231,188,208,196,342,294,191,288,168,188,131,233,174,137,157,177,92,136,164,96,244,120,124,209,71,92,125,73,164,153,50,77,31,65,122,149,99,196,144,156,113,157,64,63,247,131,100,74,227,61,271,29,138,119,261,167,104,78,175,96,149,98,153,86,98,83,94,93,63,72,97,157,92,147,87,88,70,72,91,102,161,439,163,126,178,196,158,221,55,181,256,244,158,138,192,117,205,219,158,97,141,135,147,86,103,89,117,99,96,58,121,63,111,80,63,87,144,67,98,76,139,63,72,78,31,22,22,39,28,52,28,18,81,29,54,50,38,59,27,63,43,48,36,144,,22,49,59,46,156,39,47,182,90,86,67,185,148,129,72,94,66,126,146,89,315,,113,36,76,56,74,66,52,111,85,127,276,143,196,109,81,243,164,77,56,42,98,170,75,30,,296,86,83,168,313,98
20150109,10,PM2.5,20,97,166,165,174,211,560,30,37,20,226,363,226,83,75,235,92,116,194,183,145,163,231,302,220,131,168,205,135,207,145,189,153,123,140,96,124,143,176,109,92,128,104,103,115,62,50,75,180,172,104,208,165,53,75,70,49,69,62,63,45,50,69,55,86,88,33,6,30,94,81,57,56,191,140,155,50,32,82,166,50,365,399,324,274,222,275,350,159,244,227,372,273,123,225,51,49,75,76,65,67,60,44,53,25,8,267,59,109,102,54,91,138,108,137,122,106,32,71,129,98,133,79,63,183,80,43,77,75,206,200,94,92,93,110,82,81,21,52,59,25,79,82,63,81,31,16,75,67,49,41,86,36,26,60,46,67,231,121,245,202,185,353,237,156,170,271,132,253,180,141,157,147,288,243,143,237,127,141,99,182,131,104,119,133,68,103,124,71,193,90,93,158,50,68,94,45,124,116,33,56,11,36,83,114,74,147,110,118,84,119,45,20,196,99,31,53,176,39,220,11,105,89,210,126,77,57,132,71,114,60,116,63,73,61,70,69,44,51,72,119,68,112,64,65,50,52,67,68,122,407,123,95,134,147,120,170,37,136,205,193,120,105,144,88,154,168,120,72,107,102,112,63,76,66,88,74,71,40,91,42,83,58,25,64,110,48,73,55,106,43,51,57,21,15,11,27,16,33,19,8,59,16,37,35,15,41,3,44,30,25,14,110,,15,24,41,20,118,27,31,137,53,63,35,100,113,97,50,70,47,95,111,66,264,,48,22,55,39,53,46,32,83,62,96,225,76,147,81,37,192,89,42,30,15,73,128,44,18,,180,63,61,127,262,73
20150109,10,PM2.5_24h,127,228,198,190,113,197,426,26,60,181,171,258,262,64,58,191,81,83,198,101,122,128,123,202,149,99,135,147,108,132,121,141,126,103,134,94,114,117,139,96,66,85,55,75,100,45,39,58,151,97,107,174,138,52,61,67,49,62,64,59,42,38,61,42,79,76,50,21,15,58,76,46,51,179,120,121,61,25,96,103,37,216,255,213,201,157,191,220,81,144,172,194,171,65,153,47,43,63,70,50,56,54,44,68,26,20,212,38,94,110,37,57,90,90,89,79,81,47,44,109,83,120,60,67,218,146,43,117,68,247,166,83,100,97,88,58,73,30,47,66,37,66,66,59,68,57,27,65,64,53,34,58,39,26,79,61,94,177,91,115,126,83,139,102,95,103,117,68,103,103,108,100,100,146,115,119,134,95,101,103,104,96,103,104,101,70,90,120,45,91,44,71,118,89,107,43,72,76,76,37,66,12,30,79,74,57,105,115,97,54,103,30,9,54,66,21,31,68,29,138,24,82,59,144,105,64,56,105,68,86,61,83,63,82,45,39,42,38,39,66,98,63,63,50,60,47,42,47,94,151,326,107,92,112,136,102,149,44,145,167,173,126,106,128,109,122,128,114,69,97,92,99,64,56,59,69,64,53,43,74,43,74,54,19,56,87,45,63,64,111,40,63,51,21,13,33,68,30,50,19,33,47,23,64,29,16,47,12,24,35,38,38,37,,20,21,30,25,44,24,10,113,54,62,42,80,104,69,54,65,55,53,60,48,201,,44,19,52,29,25,29,36,67,75,49,189,77,163,86,41,173,77,59,27,11,89,112,57,28,,78,57,57,114,151,49
20150109,10,PM10,36,117,286,254,310,370,782,52,76,62,367,579,335,161,155,321,128,164,270,247,264,213,354,345,336,324,259,312,242,337,274,266,277,182,198,140,189,164,256,163,160,200,176,127,151,112,65,123,364,287,245,233,174,67,95,87,71,103,88,89,80,91,117,87,121,135,34,11,37,203,143,103,133,263,206,232,101,74,105,229,74,439,593,459,338,309,459,520,227,387,397,504,399,193,321,71,87,93,114,89,101,108,67,67,58,13,401,135,159,157,101,157,200,176,210,182,139,46,109,156,164,210,144,155,328,204,87,154,162,279,284,189,115,127,126,110,107,36,83,68,36,123,118,100,101,36,29,164,100,109,76,149,83,82,137,87,100,316,340,374,298,279,431,311,173,261,331,214,323,277,209,224,220,452,281,153,357,159,195,197,260,197,210,182,149,76,143,200,103,313,177,153,256,90,119,161,94,198,204,49,67,30,77,191,143,109,181,227,171,137,147,59,74,203,160,149,69,259,69,308,28,157,150,234,174,117,70,256,93,162,143,152,97,117,92,96,67,61,91,114,182,126,139,85,101,70,78,106,152,194,296,223,131,221,235,184,274,58,215,348,309,184,164,209,114,219,242,187,142,137,143,166,90,109,87,117,93,91,57,119,74,103,81,73,99,133,62,119,94,127,74,91,97,30,20,17,33,26,51,23,8,72,28,38,40,37,,8,46,11,47,34,180,,8,48,64,45,166,32,46,158,127,80,82,318,191,205,91,125,80,181,171,109,373,,173,31,87,47,95,79,42,142,79,196,301,233,172,93,109,356,275,102,47,26,135,,98,,,416,103,86,174,308,104
20150109,10,PM10_24h,161,355,316,272,216,330,592,69,120,247,282,417,397,116,145,262,118,119,245,132,215,172,166,244,243,234,194,206,187,191,210,186,220,147,192,142,175,135,192,150,110,139,92,110,128,77,60,90,273,166,232,205,143,73,83,97,77,94,90,79,75,71,90,62,106,117,66,38,23,146,128,76,106,246,171,193,149,85,122,132,63,265,384,302,273,209,315,348,103,227,292,345,267,104,211,62,74,79,96,69,76,92,68,93,53,37,319,107,130,155,92,107,130,137,119,115,113,60,69,122,134,169,114,153,321,257,90,181,144,327,241,167,130,129,101,79,89,42,74,77,80,97,98,82,86,83,42,172,140,141,67,106,80,85,203,112,142,251,212,183,186,122,171,129,105,162,154,103,119,144,157,132,143,221,140,144,192,127,140,183,139,145,191,165,139,88,125,178,67,156,116,128,200,141,113,106,115,112,170,81,92,38,55,175,94,84,133,198,132,94,149,34,26,71,98,47,46,92,48,169,50,128,97,165,142,99,76,192,87,122,116,105,99,122,73,55,60,68,63,110,138,115,90,64,97,66,67,70,172,261,324,160,130,171,195,143,222,66,220,245,253,182,164,194,137,171,176,185,126,126,143,156,94,80,81,96,77,69,73,101,56,85,69,51,88,106,59,85,96,130,59,114,84,26,21,53,95,50,76,24,62,62,37,129,47,34,74,25,33,41,53,32,93,,42,50,87,87,56,38,20,129,120,87,107,215,164,124,92,114,91,115,106,83,268,,118,31,81,43,46,46,43,121,126,90,258,258,268,105,113,317,305,116,48,18,126,220,140,43,,203,82,81,122,211,74
20150109,10,SO2,21,51,182,119,172,147,407,35,27,19,145,211,310,279,79,432,99,144,335,81,95,62,190,101,91,82,90,91,66,103,43,71,65,35,54,46,87,56,113,40,36,62,42,50,32,10,12,53,149,139,167,50,50,22,16,18,21,31,39,36,19,30,25,15,25,14,23,5,9,70,51,62,155,67,49,42,74,45,195,129,13,224,116,170,121,168,354,120,123,258,171,152,110,142,222,44,19,32,23,14,30,24,35,11,39,12,133,128,240,244,217,261,245,142,248,239,73,59,50,40,24,61,51,101,167,134,116,115,90,34,124,34,48,20,41,23,42,2,23,22,56,64,19,11,26,26,16,45,71,90,37,41,185,30,143,3,8,188,232,328,114,176,177,193,116,118,208,115,86,228,48,83,19,210,95,47,109,50,64,58,124,43,28,44,75,158,22,53,39,220,254,207,101,67,133,66,31,135,100,70,21,23,35,150,95,229,121,269,64,60,77,78,31,12,39,9,11,42,37,53,22,49,32,28,72,20,6,12,37,72,15,41,16,31,16,41,42,36,13,25,78,93,145,89,71,61,48,166,103,175,135,124,45,25,96,55,169,47,77,97,46,28,17,17,22,68,104,115,81,82,47,75,120,52,20,50,21,35,9,23,18,27,8,26,31,26,10,23,14,12,13,7,79,2,14,8,30,82,15,19,7,15,18,19,70,10,9,23,23,18,15,105,39,,2,8,6,12,45,6,10,29,36,55,10,76,147,113,260,63,26,225,167,54,440,,89,26,142,7,35,2,16,66,47,94,100,6,21,26,24,48,156,45,63,32,25,68,32,2,,205,25,36,159,98,161
20150109,10,SO2_24h,50,146,220,117,111,107,258,46,64,49,174,180,283,185,84,298,87,96,228,46,49,48,87,80,70,49,64,56,43,56,55,64,55,29,50,33,55,38,77,24,18,36,23,29,25,10,12,34,125,75,126,39,39,23,13,18,20,26,29,30,18,25,23,9,18,10,26,10,6,42,44,39,122,86,39,39,53,22,154,87,14,197,120,108,94,259,246,91,72,206,138,116,92,64,217,31,16,18,30,13,14,23,39,14,26,9,108,62,145,207,103,148,128,76,152,146,53,55,35,45,28,55,54,96,166,106,100,109,67,65,75,33,48,16,34,17,39,2,19,18,57,30,18,19,19,17,24,32,38,76,22,36,208,40,195,10,21,210,150,154,81,97,79,86,103,56,80,38,39,54,35,58,13,62,60,41,66,41,41,40,40,31,23,33,24,131,20,36,30,95,131,163,78,74,135,34,52,31,81,34,32,29,22,172,58,81,82,204,59,29,73,49,21,6,27,8,13,23,52,46,35,36,27,29,72,18,8,14,39,50,19,30,25,30,13,29,24,35,11,18,34,49,49,63,62,50,49,83,164,162,92,84,26,21,64,38,60,34,58,58,37,35,22,24,22,56,56,69,42,61,60,39,89,32,16,38,17,18,17,21,11,18,11,18,16,15,16,14,19,11,11,9,55,2,11,34,22,69,14,14,14,25,22,21,40,9,12,22,9,13,19,28,21,,6,7,4,8,34,7,5,21,30,40,30,65,82,89,130,44,37,87,85,34,133,,43,22,45,4,19,2,25,26,67,29,77,10,34,26,44,71,34,40,17,23,40,61,38,6,,156,24,27,100,102,117
20150109,10,NO2,34,60,105,94,98,154,145,14,35,18,90,121,123,43,56,90,61,58,94,129,109,99,105,78,94,79,71,76,97,72,47,60,66,69,79,69,75,89,113,54,71,68,34,54,48,59,25,44,114,110,78,107,63,43,36,47,42,29,49,44,25,40,36,16,36,39,37,28,26,49,53,49,50,94,64,65,48,49,74,59,33,116,152,108,85,87,109,102,72,106,94,120,106,75,115,40,31,27,20,44,35,38,35,23,33,33,105,35,89,32,59,49,77,47,88,68,49,32,37,38,50,62,54,60,82,64,48,64,63,38,71,41,33,37,37,27,31,17,35,37,39,33,27,62,23,35,21,38,54,49,30,45,24,105,27,52,36,65,72,75,98,104,73,49,77,92,113,62,70,39,87,96,73,137,106,45,110,89,51,70,90,63,44,63,49,30,50,48,48,34,48,45,36,48,26,67,29,43,48,72,26,5,34,41,48,80,66,66,57,47,35,28,14,34,29,28,20,32,21,120,19,70,29,85,72,69,22,25,34,72,53,80,38,31,26,33,10,22,9,33,39,56,37,49,50,42,32,37,88,65,143,82,55,46,81,27,88,40,84,78,54,66,47,48,29,50,52,40,37,45,38,51,36,18,16,29,27,34,24,21,25,33,21,34,31,26,23,26,23,24,20,20,28,17,17,22,27,25,27,40,14,36,17,32,15,30,22,20,14,18,21,33,34,,20,14,20,34,40,18,19,36,57,16,27,35,63,46,49,71,66,52,34,50,152,,45,18,47,20,31,6,4,21,25,82,66,27,77,22,79,46,48,70,50,41,78,94,15,7,,90,49,35,64,28,42
20150109,10,NO2_24h,95,129,122,116,83,151,133,16,54,72,95,116,133,39,47,87,62,57,104,95,98,97,66,71,62,57,63,69,84,55,44,49,55,65,82,74,77,81,100,46,51,62,38,44,44,37,19,45,93,78,76,107,63,46,44,56,46,40,64,46,29,38,34,7,39,43,26,26,13,48,65,38,45,93,62,59,46,25,72,62,28,95,109,91,84,95,100,83,57,81,77,89,91,48,104,36,27,23,27,33,28,37,43,33,41,21,87,29,72,37,48,35,67,50,85,60,45,35,31,39,36,64,49,50,98,84,38,68,65,48,67,34,35,31,28,22,24,15,39,38,44,36,31,49,27,32,26,38,55,56,30,46,23,78,37,43,38,79,62,50,75,79,54,32,66,56,65,33,40,22,72,77,64,91,68,49,90,71,70,67,45,56,42,52,50,37,40,44,38,25,35,39,32,59,33,37,37,42,41,40,34,6,17,45,41,60,64,67,58,43,38,20,8,15,24,19,20,31,25,122,26,61,24,64,61,50,24,26,35,57,41,54,37,31,21,28,10,27,6,35,30,43,35,32,43,34,36,33,142,88,105,79,42,35,72,21,72,31,77,50,48,69,43,43,40,44,40,33,35,42,32,51,32,16,15,24,19,23,24,18,16,28,22,29,33,33,35,29,23,38,17,31,28,8,9,26,24,17,39,26,19,28,18,21,19,15,22,20,9,15,21,18,29,,33,8,5,12,29,11,9,34,69,22,39,33,64,41,37,60,51,27,35,47,129,,44,10,20,11,10,7,8,22,32,44,68,25,79,22,65,54,16,60,34,18,59,78,22,7,,57,34,36,53,38,36
20150109,10,O3,35,16,11,11,4,8,16,41,33,21,5,6,6,10,13,12,20,30,9,14,5,10,16,17,10,23,15,16,25,16,21,34,12,20,17,23,13,7,4,22,29,13,22,21,20,30,60,23,9,17,26,12,24,46,60,58,41,27,44,58,64,44,39,65,4,8,10,37,65,10,10,9,16,3,21,12,23,22,11,13,64,3,9,6,9,17,7,16,10,15,9,5,6,19,7,46,70,56,74,18,49,46,63,62,45,17,11,24,22,22,26,13,13,15,7,15,36,34,35,27,46,16,23,19,5,14,28,28,7,11,23,18,6,14,85,58,60,94,4,6,8,23,46,11,19,11,14,5,58,11,13,7,62,18,16,26,55,7,10,7,13,13,3,9,13,3,4,17,5,7,8,8,26,12,9,16,15,2,32,35,9,134,52,9,11,14,29,14,32,8,22,9,36,30,20,12,33,20,17,13,49,31,52,12,24,14,19,26,21,15,36,43,28,39,29,30,42,49,48,31,48,34,34,10,51,46,26,31,48,77,27,21,35,42,63,10,37,49,36,18,12,14,16,33,34,18,29,18,14,6,5,14,21,9,11,58,5,20,36,8,22,9,25,5,3,15,14,39,14,40,27,34,5,37,43,29,34,54,14,51,29,35,38,11,16,5,3,3,30,29,18,2,14,41,24,39,27,32,13,25,29,21,37,26,62,28,49,47,18,25,14,28,4,,38,59,22,47,34,40,48,9,14,9,22,6,13,9,12,20,8,37,10,8,10,,14,66,26,58,47,7,111,4,32,12,12,9,22,19,14,22,27,6,90,55,11,7,40,62,,14,42,54,7,12,14
20150109,10,O3_24h,37,28,20,32,17,16,34,71,51,21,39,36,13,35,50,37,49,60,30,73,66,61,86,50,81,90,68,82,78,65,67,98,51,74,86,91,53,67,71,98,75,94,106,106,64,99,85,75,41,63,63,103,75,110,118,124,112,85,109,142,116,130,86,99,14,51,61,58,97,46,53,58,68,29,65,89,54,70,53,42,116,23,59,71,36,31,29,77,49,42,91,24,45,63,34,103,134,137,144,109,133,129,113,175,116,27,50,68,48,45,60,33,50,52,23,46,66,56,79,59,79,47,73,75,21,30,75,102,46,44,98,111,27,54,96,109,99,107,40,46,38,57,71,75,39,56,70,53,95,70,58,49,84,94,83,83,73,24,33,52,55,63,58,55,57,43,29,65,48,58,65,67,83,81,75,97,63,53,81,69,77,92,91,82,44,32,108,52,108,39,102,44,80,64,46,95,60,54,123,72,56,49,93,39,58,53,68,40,65,47,49,65,40,63,48,66,62,58,65,60,54,74,78,81,91,88,51,70,105,126,68,67,100,69,90,79,95,97,90,85,56,78,93,95,99,123,115,86,27,34,43,54,97,68,62,120,62,62,96,102,106,113,94,95,17,111,85,142,72,89,77,95,60,80,79,93,68,142,34,79,57,77,74,98,49,56,30,38,56,69,36,22,55,76,45,79,31,56,51,50,43,54,72,79,62,73,99,60,48,33,77,69,97,,44,93,40,91,77,89,89,53,62,39,80,34,88,75,84,78,45,79,85,89,62,,82,110,88,109,108,28,129,12,61,56,49,37,35,20,60,63,58,63,143,93,72,41,90,89,,39,115,152,48,21,47
20150109,10,O3_8h,21,5,12,7,2,6,19,38,29,9,3,5,5,7,23,11,9,23,8,8,2,6,10,12,9,17,12,10,18,12,15,22,7,17,7,5,8,4,2,9,17,7,14,18,20,38,60,15,8,13,25,16,26,44,47,44,25,9,19,53,60,41,36,82,5,8,29,46,78,8,9,12,18,9,22,15,30,33,10,8,73,2,7,5,4,17,6,14,6,14,8,4,4,12,5,37,63,53,49,11,47,36,61,30,20,20,7,25,18,22,25,15,7,9,4,8,33,26,28,28,43,15,24,14,4,5,40,20,5,10,30,16,7,20,88,61,64,91,4,8,14,8,49,12,23,20,12,5,58,8,12,7,59,34,16,42,57,5,9,4,9,10,4,8,7,1,2,20,3,6,6,5,16,10,5,8,13,1,13,30,10,139,68,4,11,6,27,8,31,8,26,6,35,25,18,28,17,19,14,27,41,31,63,7,25,17,16,20,15,10,26,29,29,38,28,32,40,37,50,22,48,34,41,7,45,42,27,34,47,76,28,24,41,50,65,4,29,29,36,10,7,6,8,21,22,15,15,10,12,3,3,7,16,8,4,63,6,25,11,10,16,6,16,6,2,7,26,35,10,33,26,34,2,41,45,35,35,53,12,51,36,34,31,13,18,7,2,3,34,25,21,3,12,47,32,43,20,33,8,26,35,34,38,34,56,38,58,53,29,26,20,39,6,,36,72,30,66,36,41,56,7,5,5,18,5,11,15,24,19,18,50,10,6,5,,10,70,52,51,56,7,101,3,35,12,8,8,23,19,17,24,37,8,106,82,23,7,51,59,,6,47,30,4,9,6
20150109,10,O3_8h_24h,22,10,15,20,10,10,25,54,35,10,25,20,9,27,39,27,37,47,22,55,41,46,74,39,52,69,53,62,61,53,46,80,34,57,65,69,42,52,57,79,66,65,78,94,45,91,71,55,30,47,45,46,61,94,98,104,94,67,86,120,102,111,74,90,11,34,55,48,91,27,34,44,58,16,50,67,42,62,35,29,90,15,30,36,26,25,18,50,34,33,45,16,28,58,21,97,117,119,126,91,118,114,100,145,94,22,40,55,35,33,55,26,36,39,24,33,53,41,66,46,54,31,60,48,13,16,58,75,33,33,76,89,24,44,92,100,88,96,23,36,24,38,62,34,28,48,52,30,79,47,42,30,70,63,39,60,63,17,24,34,43,48,48,42,46,29,25,58,41,48,56,54,64,70,61,57,53,36,61,50,67,157,70,56,27,25,92,40,83,34,77,29,65,45,31,84,46,41,80,64,45,43,87,29,44,40,48,33,34,34,38,62,38,59,41,59,51,53,58,52,49,53,65,60,76,67,40,44,81,100,51,53,64,60,82,69,83,88,80,64,43,64,62,89,78,80,93,71,17,18,28,39,75,50,41,98,41,44,63,79,75,72,82,71,11,66,70,117,59,76,58,80,42,67,72,81,55,106,26,101,53,62,70,75,35,44,26,33,39,49,31,13,45,69,39,66,26,51,36,46,35,51,65,69,56,66,66,54,41,26,51,61,59,,38,84,36,87,70,83,84,40,44,32,52,28,56,57,64,58,36,70,58,64,41,,59,108,76,100,105,15,121,9,50,51,35,32,31,19,41,52,50,50,129,88,52,28,73,68,,24,102,119,34,16,42
20150109,10,CO,0.658,1.89,5.529,5.09,3.512,4.391,9.763,1.132,0.828,0.429,3.798,5.009,5.536,3.6,3.614,3.833,1.673,1.493,1.918,2.262,3.033,1.976,3.672,2.865,3.605,1.903,2.396,3.954,2.323,1.842,1.922,1.898,1.983,1.856,1.651,1.641,1.727,1.944,2.224,1.348,1.666,1.777,1.639,1.215,1.548,0.914,0.755,1.184,3.469,2.614,1.897,2.35,1.455,1.212,1.376,1.335,1.207,1.529,1.441,1.149,1.179,1.317,1.152,0.982,1.4,1.637,1.38,0.879,1.01,3.142,3.694,3.353,1.686,4.996,1.526,1.469,1.708,0.921,3.661,3.296,0.909,4.364,6.28,4.845,3.212,3.857,4.222,2.527,2.412,4.115,3.286,5.209,4.388,1.54,3.219,1.164,0.86,2.052,1.109,1.307,1.259,1.249,1.367,1.595,1.522,2.212,3.414,4.001,7.036,4.519,1.932,1.997,3.958,2.244,4.36,2.639,1.65,0.899,0.936,1.441,2.198,2.508,1.644,2.977,4.779,1.684,2.482,1.268,2.641,1.805,2.399,2.683,1.601,3.407,1.065,1.797,1.283,0.835,1.421,1.073,1.817,0.705,1.495,1.285,1.384,0.76,2.038,2.094,2.434,4.826,2.042,2.037,2.12,0.98,1.363,2.404,0.726,3.92,3.596,6.01,3.561,3.888,3.775,,4.022,4.163,5.79,1.736,4.369,2.827,1.617,2.795,2.152,4.363,2.498,1.438,2.241,2.419,1.752,0.906,2.452,1.457,1.983,1.895,2.423,0.715,1.411,2.902,1.015,5.375,1.835,4.112,5.355,2.323,5.064,1.89,0.804,1.858,1.551,2.843,0.806,0.34,2.247,2.28,1.392,1.682,2.475,2.911,2.692,1.516,1.172,0.793,1.227,2.525,1.074,0.528,1.038,1.109,0.431,2.263,0.298,1.664,1.323,2.125,2.799,3.532,0.64,1.904,1.124,1.59,1.076,2.005,1.053,2.485,0.848,1.419,1.665,1.292,1.058,1.247,2.163,1.915,1.293,2.041,1.403,1.395,1.472,1.355,2.266,2.468,4.332,1.726,1.822,3.561,2.006,1.236,4.447,1.143,3.539,2.694,2.713,3.103,2.685,3.885,1.023,1.696,1.971,2.479,4.832,1.48,1.142,1.911,0.936,1.442,1.522,1.493,1.828,1.372,1.112,1.347,1.395,1.23,0.911,1.291,0.907,0.885,1.233,1.265,1.225,1.597,1.073,1.213,1.328,0.646,0.767,0.519,1.11,1.351,1.947,1.464,1.013,1.026,0.842,0.972,0.867,1.649,1.674,0.454,1.332,1.147,0.797,1.064,0.979,,0.969,0.399,0.996,1.773,2.154,0.834,0.621,2.571,2.713,1.995,2.966,2.662,1.795,3.369,2.218,7.89,1.348,4.047,2.573,1.842,5.616,,2.974,1.539,0.905,,0.892,0.65,0.331,1.645,0.625,2.765,4.561,1.769,2.984,0.586,4.98,4.024,2.292,4.024,1.921,2.495,2.786,5.111,2.294,0.428,,3.797,1.061,1.018,4.461,3.657,2.262
20150109,10,CO_24h,2.784,5.347,4.843,3.68,3.271,4.269,8.068,1.139,2.592,2.675,4.255,4.297,7.52,2.981,2.827,2.429,1.358,1.298,1.816,1.54,1.951,1.786,1.59,2.089,2.627,1.756,2.035,2.261,1.644,1.468,1.7,1.73,1.703,1.454,1.461,1.369,1.265,1.575,1.566,1.161,1.346,1.372,1.442,0.921,1.176,0.647,0.713,1.045,2.387,1.789,1.859,2.208,1.373,1.254,1.397,1.456,1.247,1.535,1.597,1.121,1.206,1.273,1.144,1.358,1.264,1.137,0.846,1.113,0.786,2.431,3.142,1.889,1.265,3.786,1.503,1.374,1.6,0.601,3.298,2.948,0.777,2.775,4.194,3.224,2.652,3.704,3.526,2.152,1.952,2.74,2.615,3.019,2.804,1.162,2.794,1.125,0.904,1.967,1.287,1.182,1.397,1.398,1.356,1.489,1.588,1.658,2.441,2.555,4.874,4.563,1.289,1.213,2.546,2.086,3.163,2.196,1.374,1.189,0.958,1.296,1.606,2.376,1.302,2.103,4.185,2.034,1.706,1.5,2.135,1.837,1.846,2.37,1.626,3.088,0.998,1.756,1.224,0.966,1.016,0.814,2.129,0.528,1.084,0.898,0.933,0.65,1.845,1.421,1.807,4.809,1.82,1.362,1.193,0.863,1.412,2.068,0.996,3.306,3.03,2.957,2.274,1.901,2.527,1.49,3.511,2.446,2.918,1.191,2.515,2.071,1.253,2.415,1.37,1.853,1.876,1.434,1.577,1.964,1.76,0.644,1.41,1.223,1.527,1.576,2.181,1.067,1.01,2.718,0.778,2.373,1.35,2.741,4.235,2.755,3.762,1.053,1.068,1.674,1.526,1.05,1.17,0.3,1.765,2.349,1.097,1.188,1.648,3.254,2.488,1.01,1.05,0.604,0.877,1.499,0.798,0.393,1.022,0.489,0.63,1.542,0.749,1.427,1.014,1.641,2.041,2.49,0.598,1.54,1.098,1.38,0.905,1.447,0.945,2.325,0.654,1.128,1.355,1.469,0.836,1.041,1.406,1.543,1.016,1.749,1.112,0.969,1.3,0.936,2.372,3.961,2.596,1.505,1.551,2.694,1.855,1.13,2.994,0.546,3.172,1.824,2.726,2.583,2.285,3.491,0.993,1.587,1.689,2.007,4.137,1.313,0.922,1.534,0.591,1.529,1.628,1.486,1.566,1.365,1.176,1.145,1.079,1.011,1.095,0.838,0.931,0.631,1.041,0.63,1.059,1.504,0.96,1.335,0.827,0.429,0.303,0.678,1.016,1.339,2.052,1.332,1.068,0.905,0.82,0.844,0.624,1.328,1.683,0.507,0.73,1.119,0.83,0.805,0.813,,1.392,0.242,0.707,1.401,1.61,0.719,0.352,2.111,2.698,1.949,3.178,1.999,1.414,2.038,1.16,5.831,1.27,3.108,2.016,1.265,2.14,,2.047,1.374,0.414,0.138,0.347,1.119,0.747,1.358,0.727,1.301,4.007,2.099,3.297,0.752,1.672,3.668,1.38,4.751,2.254,1.858,2.655,3.71,2.28,0.423,,2.742,0.987,1.181,3.392,2.521,1.876
20150109,11,AQI,30,78,233,167,203,236,500,45,62,53,148,499,331,100,114,289,113,154,224,219,214,211,305,351,266,179,213,250,182,238,179,227,211,168,189,116,158,181,209,141,117,171,133,144,144,89,60,97,299,224,143,263,219,74,100,92,70,88,88,87,66,67,94,75,125,128,54,23,41,133,124,105,90,244,193,208,87,58,72,167,66,395,489,407,353,297,360,445,208,299,284,500,325,174,309,69,68,99,96,87,92,80,65,77,54,19,339,110,172,141,83,136,124,141,216,110,92,53,74,133,130,177,116,108,174,125,79,105,112,249,269,133,121,137,138,111,106,47,77,80,45,115,126,110,128,48,42,122,94,80,65,127,87,75,102,73,85,333,198,302,310,254,341,289,216,257,333,199,219,221,207,192,212,382,267,199,261,158,150,131,256,127,137,165,170,74,135,149,99,275,150,141,222,75,119,104,85,147,130,51,77,35,58,110,156,126,222,161,178,122,144,44,50,156,103,76,66,137,53,257,25,142,116,256,168,114,81,171,99,146,93,147,88,104,77,85,110,58,76,106,168,100,165,94,89,76,75,99,102,141,407,188,122,196,198,185,231,61,195,279,259,175,148,216,124,202,233,170,132,154,117,157,97,104,92,116,94,91,67,122,71,109,76,76,97,133,82,127,88,154,75,89,83,36,24,23,61,29,55,26,18,66,27,72,50,47,61,27,64,48,38,42,211,108,23,52,63,47,203,54,55,229,81,109,72,132,128,145,109,102,75,108,126,124,500,,109,41,150,61,236,57,55,122,71,87,269,147,193,96,130,373,172,90,57,48,93,122,75,30,,201,85,77,156,218,87
20150109,11,PM2.5,16,57,182,126,152,185,523,27,29,13,113,373,280,75,80,238,84,117,173,168,163,160,254,300,215,120,162,199,137,187,135,176,160,127,142,87,120,136,158,107,88,129,101,110,110,66,42,72,215,173,101,212,168,53,75,68,50,65,65,64,41,48,70,54,94,97,37,8,28,93,93,78,62,193,145,157,59,26,52,126,47,344,373,358,302,246,275,352,157,248,233,370,274,131,258,49,47,74,71,64,68,55,46,56,28,8,288,74,130,107,59,103,93,107,165,82,68,33,53,101,98,133,87,65,131,77,48,74,77,198,218,96,91,104,105,83,79,20,56,58,26,86,95,82,97,33,19,92,70,56,33,96,45,37,70,49,62,282,126,251,259,203,290,238,165,206,282,149,168,170,156,144,161,292,216,149,210,120,115,99,205,96,104,125,128,53,102,114,74,224,115,107,171,53,89,68,53,112,98,33,56,13,36,73,118,95,171,122,134,92,110,15,25,118,76,31,47,104,26,206,9,108,87,205,127,85,59,129,74,111,60,112,65,77,56,62,82,40,51,79,127,75,125,70,66,55,54,74,66,107,358,141,92,147,148,139,180,43,146,228,208,132,113,165,93,151,182,128,100,117,88,119,72,77,68,87,70,67,48,92,36,81,55,39,72,101,60,96,65,117,54,66,61,21,14,13,43,18,38,18,6,47,18,52,35,27,43,5,45,33,24,21,160,,16,25,37,32,152,37,23,178,59,81,33,92,97,93,81,74,50,80,95,93,467,,45,26,115,43,185,38,38,92,51,55,218,70,145,71,96,228,130,55,35,33,69,92,44,14,,135,62,56,118,167,64
20150109,11,PM2.5_24h,124,225,198,192,116,192,438,25,60,176,172,267,264,67,60,193,82,84,200,104,124,128,130,208,154,101,134,147,108,133,121,144,126,105,135,95,114,118,140,98,68,86,57,76,99,46,40,59,156,102,103,176,139,53,65,68,50,63,65,59,42,38,61,43,79,77,50,20,16,58,78,47,51,175,121,123,59,24,93,106,38,225,262,223,198,157,196,226,86,151,176,201,179,69,158,47,43,64,71,51,57,55,44,69,26,18,216,38,93,109,37,56,93,92,91,78,80,46,44,108,86,121,61,66,214,159,41,114,67,248,168,84,99,98,88,59,73,29,48,65,35,67,68,60,69,56,26,66,65,53,34,58,37,27,77,60,92,183,93,122,133,90,148,108,99,107,126,74,109,108,109,102,101,153,119,120,137,96,102,103,109,97,103,105,102,71,90,117,46,94,44,71,117,86,106,43,70,79,79,37,62,12,30,75,77,56,106,109,98,54,100,30,9,58,68,21,32,71,29,143,24,83,60,148,106,66,57,106,66,88,61,82,63,82,46,41,49,37,40,67,99,64,65,51,61,47,42,49,94,149,326,107,91,112,136,102,151,43,145,168,174,127,107,129,109,123,129,112,72,98,91,100,64,57,60,70,65,54,44,75,43,75,54,19,57,88,47,64,63,112,40,63,52,21,13,30,66,29,50,19,30,46,22,61,29,16,47,10,25,35,36,37,41,,20,19,31,25,48,24,10,116,54,63,40,82,75,69,55,66,54,54,60,50,208,,44,19,52,27,32,25,36,66,72,50,191,77,157,86,44,171,77,58,28,11,87,114,58,26,,80,57,58,115,136,50
20150109,11,PM10,29,62,304,224,272,324,802,44,72,54,192,598,435,139,176,332,120,165,242,236,278,203,372,349,393,305,272,308,209,301,254,257,280,174,202,130,185,190,228,159,150,199,168,166,150,93,55,101,418,275,233,225,177,67,87,84,71,92,86,97,80,81,98,87,140,141,40,12,40,214,160,132,128,280,217,229,121,64,71,213,71,421,588,485,362,325,467,544,229,410,396,627,407,210,357,73,84,102,107,110,103,108,65,82,56,8,449,168,185,175,114,178,137,155,251,144,91,54,86,134,151,199,149,164,265,197,106,157,172,278,313,213,112,181,127,109,98,38,94,69,44,115,135,125,134,38,41,186,124,108,77,189,94,97,151,93,104,402,343,374,357,249,395,307,176,280,387,231,238,218,228,218,225,484,274,,337,177,161,204,305,193,211,192,171,52,145,207,95,312,182,171,275,97,151,156,117,177,189,50,73,34,64,167,172,139,210,227,192,153,168,43,49,164,107,99,71,126,53,252,23,148,142,223,176,130,77,237,96,162,133,156,108,120,87,100,87,62,100,127,200,134,157,93,105,79,85,112,151,186,465,256,145,250,236,183,284,70,250,391,330,258,178,256,123,235,248,190,189,154,129,165,104,104,88,124,92,98,75,124,90,108,76,100,118,127,74,148,111,143,88,117,107,35,23,20,48,21,42,21,,56,26,57,42,46,,7,52,15,37,41,271,,14,51,74,46,167,47,58,203,106,126,91,211,160,237,110,118,97,148,172,151,614,,165,40,167,55,199,61,47,140,76,121,336,242,222,89,207,477,231,128,49,32,132,105,98,19,,350,104,84,172,281,90
20150109,11,PM10_24h,156,348,316,274,219,327,610,67,118,241,283,429,399,122,148,265,120,119,247,138,217,173,176,247,250,236,194,207,189,194,210,190,223,149,192,144,176,139,192,152,113,141,96,111,127,75,60,91,283,173,225,207,143,73,84,97,77,95,92,80,74,72,91,63,107,119,65,34,25,148,130,77,104,232,172,196,144,81,118,137,64,274,394,314,280,208,337,356,111,235,298,355,276,109,217,63,75,80,98,72,78,93,68,94,54,32,326,106,130,155,89,105,134,139,121,114,111,59,70,122,130,170,117,152,319,252,87,178,144,328,243,170,127,131,102,81,89,41,75,76,75,98,99,85,88,81,41,175,139,139,67,108,79,85,198,110,140,259,218,194,196,130,184,137,111,166,166,111,129,147,158,136,146,235,146,144,197,129,140,183,146,147,192,167,142,87,125,176,69,157,115,128,201,134,115,104,113,117,171,80,87,37,54,164,95,83,133,191,133,96,146,35,28,77,101,47,47,94,48,173,49,127,99,169,142,101,77,192,84,124,117,104,99,122,74,57,60,67,65,111,141,116,92,65,98,68,67,73,171,257,330,160,128,172,195,139,225,66,221,247,254,187,165,197,138,173,177,183,135,128,143,152,95,81,82,98,78,71,85,103,59,86,70,53,89,108,60,89,96,133,59,113,85,25,20,46,93,48,75,24,57,61,36,115,46,32,76,20,34,40,51,34,98,,39,47,90,86,58,35,22,132,119,87,104,215,130,121,93,114,90,113,107,85,275,,118,30,82,40,52,47,43,120,120,91,262,257,256,106,118,319,308,116,48,19,124,194,140,40,,205,83,82,125,205,76
20150109,11,SO2,18,32,205,77,146,191,399,28,22,16,57,247,301,294,89,422,86,149,281,90,126,78,187,116,99,79,100,95,93,95,56,67,68,43,101,44,138,74,105,155,134,59,53,59,30,15,11,46,132,162,157,48,54,22,16,16,23,32,34,35,19,30,26,15,25,19,31,6,8,78,64,96,165,71,55,47,76,23,152,102,14,224,133,180,110,149,370,177,128,351,153,180,138,124,198,39,17,32,21,17,31,22,34,16,42,7,158,100,189,236,153,183,252,137,309,239,63,51,41,33,62,110,76,99,174,139,135,98,138,52,176,59,60,34,41,22,45,2,22,28,59,81,21,14,29,26,20,72,111,129,30,68,401,25,193,4,8,225,255,304,163,167,177,202,110,281,249,113,107,206,57,94,17,185,112,51,118,105,56,105,153,27,26,47,78,112,27,84,54,200,299,253,118,51,148,70,19,27,58,91,15,20,29,111,139,222,163,267,90,47,44,27,39,13,29,10,18,37,33,58,25,49,29,42,76,26,7,16,38,73,15,42,26,21,15,45,34,22,14,15,91,143,144,71,81,66,38,140,96,149,172,130,87,37,109,63,87,40,85,78,50,51,32,23,32,64,117,119,83,115,74,65,138,46,21,40,17,30,9,23,21,27,10,29,25,32,15,19,27,13,13,8,88,3,20,12,33,86,8,21,7,16,15,25,90,11,9,17,24,15,14,65,49,2,2,6,6,10,41,8,7,37,38,79,12,38,168,149,121,63,38,148,189,40,478,,82,31,110,7,84,2,19,65,75,62,88,11,27,26,31,58,166,56,8,46,36,73,33,3,,161,26,28,230,72,117
20150109,11,SO2_24h,49,141,220,115,110,110,266,45,62,48,170,184,287,209,86,301,88,98,229,48,52,48,92,81,69,50,65,57,44,57,55,63,54,30,50,34,57,38,78,30,23,36,24,27,25,11,12,35,126,79,126,39,39,23,13,18,20,26,30,30,20,25,23,10,18,11,26,9,6,43,44,41,118,87,39,38,53,21,148,86,13,194,121,111,91,247,249,91,75,217,138,115,95,68,218,31,16,18,29,12,15,23,39,14,27,8,109,63,145,206,104,141,135,78,158,144,52,56,35,43,31,58,55,94,166,101,101,107,69,65,77,34,47,16,34,18,40,2,19,19,57,32,17,19,19,17,22,33,38,77,22,36,213,38,195,10,21,215,154,163,85,99,84,91,106,66,88,41,42,62,36,59,13,68,62,41,68,42,40,42,44,31,24,33,27,133,20,37,32,99,138,163,80,68,135,34,49,31,82,36,31,29,21,171,62,87,82,204,60,30,73,48,22,7,28,8,13,23,52,47,34,36,27,30,69,18,7,14,38,51,19,30,25,30,13,29,24,31,11,18,36,51,53,64,61,50,49,87,158,160,96,81,28,22,62,37,59,32,59,58,37,36,22,23,21,56,56,71,45,63,60,46,90,33,16,39,17,19,15,21,11,19,11,19,17,16,16,14,19,11,11,9,55,2,12,34,22,69,13,15,13,25,22,19,43,9,11,18,10,13,19,22,22,2,6,6,4,8,34,7,6,20,30,40,27,65,57,86,130,43,35,89,87,34,141,,44,23,48,3,22,2,25,27,67,27,77,10,32,26,43,70,38,40,17,23,41,63,38,6,,153,24,28,101,86,121
20150109,11,NO2,26,39,126,63,95,154,143,10,19,12,52,123,144,44,49,104,59,54,85,120,112,101,112,79,91,79,71,72,89,70,39,50,66,74,95,64,73,96,119,51,61,69,45,59,51,46,18,38,115,98,72,98,68,39,32,43,40,28,53,45,21,33,30,14,43,49,36,32,20,56,58,54,39,99,65,62,48,28,61,50,26,117,168,103,92,83,132,130,77,120,93,129,119,73,104,31,24,26,14,52,35,27,31,23,30,24,108,33,91,38,53,41,64,53,108,66,44,23,32,28,53,69,51,61,95,58,47,60,66,43,91,54,36,40,37,23,27,12,42,42,43,34,31,59,30,35,19,51,65,56,29,52,15,38,33,56,46,84,86,71,95,87,78,52,78,106,119,59,74,41,79,95,73,113,92,43,109,95,48,60,107,56,50,72,53,23,45,46,43,38,45,47,38,32,30,66,16,35,24,81,11,4,19,40,56,70,71,62,58,39,15,13,12,23,20,30,20,26,17,115,21,63,28,79,74,84,22,24,24,72,61,82,37,28,21,35,10,25,4,32,41,46,43,30,47,51,36,41,66,64,179,83,62,54,76,28,78,33,82,85,44,72,49,61,41,54,55,36,43,47,44,50,44,16,15,24,23,28,21,19,16,32,16,40,34,28,26,35,28,24,22,23,33,14,21,19,28,22,26,31,13,35,12,36,20,30,19,18,13,15,21,32,34,2,21,9,20,21,34,22,15,43,58,21,24,39,61,56,41,71,64,34,45,43,171,,54,20,29,9,32,6,4,20,18,54,76,24,86,23,84,44,52,75,42,53,82,84,18,9,,74,43,28,73,30,37
20150109,11,NO2_24h,93,127,123,114,83,154,135,15,54,70,95,118,134,39,49,88,63,57,104,98,98,98,69,72,64,58,63,69,84,57,43,50,56,66,84,76,77,83,102,47,52,63,38,44,44,34,19,45,94,80,76,108,63,47,44,57,47,41,65,47,28,39,34,7,40,44,26,26,13,48,65,38,44,94,62,60,46,25,72,62,28,95,112,93,87,93,102,86,58,84,78,90,93,50,106,36,27,23,26,34,29,37,43,33,41,20,89,29,73,37,48,35,68,51,86,60,45,34,31,37,42,65,50,50,98,80,38,68,65,48,67,36,35,31,28,22,24,14,39,39,43,36,31,49,27,33,25,38,55,56,30,46,21,76,36,42,38,80,63,52,78,81,56,33,68,58,68,35,43,23,73,79,65,94,70,48,92,73,69,67,48,57,43,52,51,37,40,44,40,25,35,39,32,58,34,39,36,41,41,42,33,6,17,48,42,61,64,67,59,44,37,20,8,16,24,20,21,30,25,125,26,61,24,64,62,52,24,26,34,56,42,53,37,31,21,29,10,32,6,35,31,43,36,32,44,35,36,34,137,87,109,79,43,35,73,20,73,29,78,50,47,70,43,44,40,45,40,33,35,43,33,61,33,16,15,24,20,24,24,18,16,28,22,29,33,32,35,29,22,37,17,31,27,8,9,24,24,17,38,26,18,28,17,20,19,15,21,19,9,15,20,19,29,2,32,8,5,12,30,11,9,34,69,23,38,33,51,41,37,60,51,27,35,47,130,,45,10,21,11,11,7,8,21,31,45,68,25,78,22,66,54,17,60,34,19,60,78,22,6,,58,35,36,55,37,37
20150109,11,O3,46,32,16,27,7,8,14,52,50,28,19,11,7,12,23,13,25,38,14,20,9,19,19,25,14,32,27,27,35,23,37,59,19,23,25,46,20,13,9,44,48,29,34,38,23,59,63,38,9,22,48,23,27,55,73,62,48,41,51,65,78,57,51,71,4,10,10,30,73,11,14,16,26,5,25,17,29,45,22,21,77,4,10,13,14,21,8,24,11,15,14,5,7,24,12,76,89,82,94,27,70,72,68,103,53,21,24,33,32,23,32,19,21,19,13,23,43,44,46,37,37,24,33,23,7,19,34,38,10,13,27,40,7,23,89,73,67,104,4,7,8,29,44,11,18,12,10,6,59,18,20,8,77,45,25,26,54,8,12,6,18,22,6,10,17,6,5,27,9,11,22,15,37,21,22,36,18,7,46,52,20,135,33,18,12,21,45,18,50,11,35,15,38,45,22,23,55,26,45,17,62,35,69,20,25,19,22,30,25,30,45,56,36,45,37,36,43,63,57,43,50,33,45,20,46,51,27,36,60,81,32,25,35,38,73,22,41,60,51,27,18,32,24,68,51,22,61,29,16,13,11,19,27,10,22,69,8,32,27,12,36,17,54,8,5,20,19,57,42,54,28,34,6,56,48,40,48,71,18,62,36,39,51,15,19,9,3,7,35,29,26,5,15,47,23,44,28,45,18,37,29,27,53,27,56,32,63,44,21,24,17,30,6,65,40,67,24,67,39,41,56,10,21,7,30,12,31,16,22,30,18,49,14,17,9,,19,66,51,84,62,9,113,4,41,24,13,16,18,18,15,19,27,7,104,55,13,8,37,52,,23,51,75,11,18,22
20150109,11,O3_24h,47,38,20,32,17,16,34,71,57,28,39,36,13,32,52,37,49,60,30,73,66,61,86,50,81,90,68,82,78,65,67,98,50,74,86,91,53,67,71,98,75,94,106,106,64,104,85,75,41,63,75,103,75,110,118,124,112,85,109,142,119,130,86,99,14,51,61,58,97,46,53,58,68,29,65,89,54,70,53,42,116,23,59,71,32,31,29,77,49,42,91,24,45,63,34,103,134,137,144,109,133,129,113,175,116,27,50,68,48,45,60,33,49,52,27,46,66,56,79,59,68,47,73,66,21,32,75,102,46,44,98,106,27,54,97,109,99,107,40,44,37,62,71,75,39,56,70,53,95,70,58,49,84,94,83,83,73,24,33,52,55,63,58,55,57,43,29,65,48,58,65,67,83,81,75,97,63,53,81,69,77,92,91,82,44,30,108,52,108,39,101,44,80,64,46,95,60,54,123,72,62,49,93,38,58,53,68,40,65,47,51,65,40,63,48,66,62,63,65,60,54,72,78,81,88,88,45,70,105,126,68,67,100,69,90,79,95,94,90,85,58,78,93,95,99,123,115,86,27,34,43,54,97,68,62,120,62,62,96,102,106,113,94,95,17,108,85,142,80,89,77,106,60,80,79,93,60,142,34,79,57,77,74,98,49,56,30,35,56,70,35,22,55,76,45,79,32,56,51,50,43,54,72,79,62,73,99,60,48,33,77,69,97,65,44,93,40,91,77,89,89,53,62,39,80,34,93,75,84,78,45,79,85,89,62,,82,110,88,109,108,28,129,12,61,49,49,37,35,20,60,63,62,63,143,93,72,41,90,89,,39,115,152,48,23,47
20150109,11,O3_8h,25,8,13,10,3,6,18,39,32,11,5,6,5,8,21,11,12,25,8,10,3,8,12,14,9,19,13,12,20,13,16,26,8,18,10,11,10,5,2,14,20,9,17,20,21,47,61,17,8,14,28,16,25,46,50,46,29,13,24,53,65,42,38,79,4,8,25,44,76,8,10,12,19,9,22,14,28,32,11,9,73,2,8,6,5,17,6,15,7,14,9,5,5,11,6,40,65,55,53,12,47,39,62,40,26,20,9,25,20,22,26,15,9,10,5,11,34,28,30,28,37,16,25,16,4,7,40,23,6,11,31,18,7,20,88,61,65,93,4,8,14,10,48,12,21,20,11,5,58,9,13,7,61,36,17,41,56,6,10,4,10,12,4,8,8,2,3,20,4,6,8,6,19,11,8,11,14,1,17,33,10,140,65,6,11,8,27,8,33,9,25,7,35,28,19,26,22,19,19,24,45,32,63,11,25,16,17,22,17,12,28,31,28,38,29,31,41,39,50,24,48,29,40,8,46,44,27,34,47,76,28,24,41,48,65,6,30,32,36,13,9,9,10,24,26,15,21,13,13,4,4,9,17,8,6,64,5,25,13,9,16,7,20,6,3,9,26,37,17,37,26,35,2,42,44,35,36,53,14,51,36,35,33,13,18,6,2,3,33,26,22,3,12,47,30,44,22,34,10,28,34,31,40,31,56,37,59,52,27,26,19,37,5,65,38,70,28,66,35,41,55,7,7,5,20,6,27,15,22,21,17,48,11,7,5,,11,69,49,54,56,7,104,4,35,15,9,9,23,19,18,24,35,9,107,77,24,7,49,59,,8,47,37,5,13,7
20150109,11,O3_8h_24h,26,11,15,20,10,10,25,54,37,11,25,20,9,25,39,27,37,47,22,55,41,46,74,39,52,69,53,62,61,53,46,80,34,57,65,69,42,52,57,79,66,65,78,94,45,97,71,55,30,47,45,46,61,94,98,104,94,67,86,120,105,111,74,90,11,34,55,48,91,27,34,44,58,16,50,67,42,62,35,29,90,15,30,36,23,25,18,50,34,33,45,16,28,57,21,97,117,119,126,91,118,114,100,145,94,22,40,55,35,33,55,26,36,39,20,33,53,41,66,46,46,32,60,48,13,19,58,75,33,33,76,89,24,44,92,100,88,96,23,33,24,38,62,34,28,48,52,30,79,47,42,30,70,63,39,60,63,17,24,34,43,48,48,42,46,29,25,58,41,48,56,54,64,70,61,57,53,36,61,50,67,157,70,56,27,25,92,40,83,34,77,29,65,45,31,84,46,41,80,64,47,43,87,30,44,40,48,33,34,34,38,62,38,59,41,59,51,53,57,52,49,53,65,60,74,66,40,44,81,101,51,52,63,60,82,69,83,86,80,64,43,64,62,89,78,80,93,71,18,18,28,39,75,50,41,98,41,44,63,79,75,72,82,71,11,66,70,117,63,76,58,88,42,67,72,81,55,106,26,92,53,62,70,75,35,43,26,32,39,49,31,13,45,69,39,65,26,51,36,44,35,51,65,69,56,66,66,54,41,26,51,61,59,65,39,84,36,87,70,83,84,40,44,32,52,28,64,57,64,58,36,70,58,64,41,,59,108,76,100,105,15,121,9,50,50,35,32,30,19,41,52,50,50,129,88,52,28,73,68,,24,102,119,34,18,42
20150109,11,CO,0.525,1.225,5.451,2.896,2.836,3.54,7.906,0.965,0.583,0.35,2.139,4.428,6.43,3.358,2.816,4.207,1.624,1.429,1.509,2.145,3.269,1.881,3.383,2.529,3.276,2.26,2.368,3.553,1.834,1.763,1.581,1.667,1.974,1.686,1.678,1.462,1.913,1.676,1.905,1.357,1.827,1.598,1.654,1.17,1.303,0.914,0.698,1.142,3.022,2.214,1.774,1.99,1.564,1.213,1.351,1.4,1.189,1.462,1.444,1.145,1.19,1.198,1.133,0.963,1.315,1.589,1.491,0.935,0.992,2.999,4.064,3.41,1.561,4.809,1.506,1.378,2.404,2.242,2.562,2.567,0.756,3.735,5.575,4.201,3.308,3.71,4.483,2.605,2.417,3.598,2.711,4.695,3.603,1.569,2.904,1.029,0.768,1.803,0.982,1.242,1.294,1.18,1.357,1.456,1.482,1.751,2.911,3.318,5.755,4.612,1.705,1.34,2.581,2.316,5.159,2.046,1.769,0.807,0.711,1.052,2.259,2.552,1.555,2.653,5.401,1.491,2.407,0.962,2.263,1.579,2.707,2.837,1.644,3.257,1.051,1.787,1.19,0.748,1.458,1.108,1.791,0.663,1.401,1.364,1.254,0.759,1.996,2.029,2.473,4.92,1.83,2.202,1.15,0.777,1.283,2.5,0.818,4.281,4.208,3.957,2.845,2.428,3.331,,4.071,3.857,4.063,1.302,3.06,2.656,1.407,2.742,2.419,3.002,,1.35,2.034,2.452,1.757,0.705,,1.198,1.792,1.866,2.483,0.46,1.131,2.759,1.049,4.952,1.999,3.602,4.808,1.923,4.761,1.884,0.474,1.436,0.638,2.74,0.328,0.204,1.834,2.225,1.547,1.589,2.357,2.042,2.407,1.022,0.489,0.53,1.113,2.139,0.718,0.623,0.997,1.138,0.357,2.282,0.262,1.535,1.221,2.058,2.85,3.616,0.617,1.688,1.058,1.416,1.007,1.713,1.021,2.292,0.789,1.174,1.582,1.186,0.943,1.034,2.085,1.712,1.241,1.691,1.358,1.321,1.427,1.302,2.114,1.977,4.521,1.614,1.897,3.071,1.576,1.006,3.837,0.933,3.518,2.605,2.451,3.019,2.609,3.833,0.964,1.649,2.046,2.431,3.584,1.498,1.346,1.688,0.775,1.277,1.523,1.453,1.543,1.258,1.135,1.299,1.102,1.213,0.875,1.277,0.886,0.764,1.258,1.307,1.315,1.373,1.041,1.334,1.433,0.587,0.857,0.514,1.072,1.234,1.904,1.272,1.034,0.916,0.75,0.95,0.834,1.515,1.534,0.462,1.091,1.156,0.806,1.005,0.843,13.189,0.984,0.367,1.039,1.644,2.467,0.911,0.533,2.988,2.694,2.107,2.983,2.86,1.275,2.537,2.013,10.481,1.716,3.68,2.494,1.597,4.122,,3.541,1.575,0.626,,1.096,0.678,0.343,1.507,0.583,1.383,4.43,1.645,3.609,0.561,4.962,4.953,2.699,4.797,1.867,3.256,2.843,3.956,2.368,0.508,,2.809,0.975,0.984,4.332,3.098,1.894
20150109,11,CO_24h,2.703,5.253,4.908,3.701,3.279,4.207,8.175,1.104,2.545,2.574,4.231,4.374,7.582,3.046,2.73,2.515,1.387,1.292,1.812,1.575,2.013,1.811,1.68,2.095,2.677,1.776,2.067,2.331,1.659,1.482,1.693,1.737,1.717,1.471,1.463,1.391,1.29,1.593,1.587,1.178,1.378,1.378,1.453,0.914,1.17,0.68,0.705,1.051,2.447,1.837,1.794,2.197,1.364,1.249,1.386,1.455,1.243,1.532,1.596,1.122,1.235,1.262,1.142,1.335,1.264,1.161,0.873,1.098,0.793,2.444,3.141,1.917,1.275,3.75,1.482,1.355,1.588,0.665,3.249,2.979,0.765,2.773,4.231,3.313,2.664,3.61,3.581,2.174,2.003,2.848,2.649,3.036,2.894,1.185,2.785,1.119,0.878,1.944,1.266,1.155,1.391,1.384,1.351,1.487,1.578,1.654,2.478,2.594,4.899,4.566,1.274,1.167,2.609,2.112,3.277,2.181,1.393,1.171,0.959,1.262,1.78,2.39,1.314,2.075,4.257,2.042,1.727,1.483,2.142,1.836,1.858,2.376,1.62,3.089,0.998,1.752,1.221,0.954,1.023,0.839,2.061,0.527,1.097,0.918,0.94,0.647,1.846,1.423,1.813,4.81,1.814,1.364,1.154,0.85,1.385,2.063,0.927,3.404,3.096,3.08,2.353,1.972,2.633,1.519,3.559,2.537,3.044,1.215,2.59,2.164,1.267,2.444,1.396,1.901,1.884,1.447,1.619,1.987,1.76,0.65,1.425,1.229,1.539,1.581,2.201,1.076,1.01,2.702,0.78,2.479,1.39,2.735,4.263,2.681,3.788,1.103,1.035,1.656,1.511,1.137,1.121,0.3,1.766,2.46,1.128,1.208,1.671,3.21,2.496,1.019,1.019,0.605,0.889,1.558,0.806,0.397,1.012,0.502,0.63,1.573,0.746,1.434,1.026,1.659,2.075,2.567,0.601,1.539,1.061,1.388,0.899,1.455,0.953,2.324,0.661,1.124,1.363,1.333,0.842,1.04,1.453,1.542,1.024,1.751,1.116,0.973,1.292,0.956,2.372,3.896,2.698,1.481,1.56,2.7,1.857,1.073,3.026,0.539,3.164,1.831,2.678,2.62,2.27,3.473,0.99,1.587,1.689,2.029,4.113,1.322,0.939,1.435,0.58,1.506,1.617,1.483,1.554,1.358,1.167,1.142,1.083,1.02,1.08,0.839,0.928,0.641,1.06,0.662,1.047,1.502,0.954,1.316,0.85,0.43,0.319,0.697,1.023,1.293,2.037,1.337,1.07,0.898,0.809,0.828,0.65,1.321,1.654,0.472,0.745,1.113,0.818,0.8,0.787,13.189,1.36,0.219,0.718,1.409,1.656,0.716,0.357,2.153,2.698,1.957,3.135,2.037,1.031,1.988,1.198,5.896,1.269,3.136,2.027,1.289,2.216,,2.083,1.382,0.411,0.131,0.382,1.118,0.742,1.372,0.71,1.296,4.049,2.13,3.25,0.756,1.85,3.688,1.423,4.759,2.224,1.914,2.645,3.695,2.294,0.411,,2.767,0.986,1.167,3.48,2.374,1.918
20150109,12,AQI,24,49,270,76,158,259,500,33,49,46,90,500,435,93,111,247,98,147,200,225,209,205,310,335,250,166,206,224,175,230,205,200,207,163,171,106,148,167,195,116,115,160,135,125,141,85,60,96,288,227,142,260,213,75,100,89,71,81,89,81,62,64,96,76,131,137,69,22,44,131,122,148,89,235,191,199,100,52,66,136,68,361,446,362,383,322,406,420,226,324,279,500,311,189,315,63,66,114,85,81,85,75,63,92,52,20,318,114,193,148,76,120,127,167,266,73,88,53,65,97,130,177,115,101,243,105,79,91,116,231,292,139,136,147,132,103,103,50,80,75,41,117,125,157,133,43,38,128,92,90,62,133,66,68,110,71,86,375,239,260,291,217,298,291,229,252,310,167,168,185,192,172,205,309,236,171,251,153,133,137,274,133,115,184,164,72,133,147,97,247,149,146,234,70,139,105,43,110,79,64,26,34,46,90,117,142,232,132,174,116,56,20,40,70,87,78,56,119,34,258,25,146,103,257,199,135,83,179,103,158,83,136,83,97,77,70,106,54,71,108,150,106,133,93,94,82,72,106,89,132,219,186,127,214,178,144,233,69,219,288,269,191,167,236,142,210,229,184,137,143,164,165,114,104,93,110,96,89,65,120,72,106,76,76,108,144,111,149,106,133,82,105,104,34,30,25,61,29,50,33,18,35,21,92,85,53,63,27,56,48,66,38,188,34,20,52,47,35,222,31,44,208,80,128,69,124,163,130,106,99,95,92,160,92,471,,119,53,76,40,160,94,58,119,65,72,339,147,191,103,172,444,324,106,58,67,105,137,85,30,,145,78,75,192,144,78
20150109,12,PM2.5,13,32,219,45,120,208,426,20,18,10,53,345,352,69,80,196,73,112,150,174,158,154,259,284,185,108,155,173,132,179,154,150,156,123,129,79,113,126,146,87,86,121,102,94,107,62,42,71,237,176,91,209,162,54,75,66,51,59,66,59,41,43,71,55,99,104,49,9,27,91,92,113,47,184,143,149,65,18,47,103,48,310,355,311,332,271,299,341,175,273,228,336,260,142,264,44,47,85,62,59,62,54,44,68,28,10,267,77,145,113,55,90,96,126,215,42,65,31,46,72,98,133,86,70,164,66,50,58,75,180,241,106,103,112,100,76,76,19,58,54,23,88,94,119,101,30,26,91,57,63,33,101,33,29,77,51,63,317,148,209,240,166,247,240,178,201,259,126,127,139,144,130,154,258,185,129,200,116,101,104,223,101,85,138,124,52,101,112,72,196,114,111,183,48,106,78,21,82,54,38,16,10,30,50,88,108,181,100,131,87,39,8,18,49,64,33,39,89,17,207,11,111,76,206,149,102,61,135,76,120,57,103,61,72,56,50,79,35,47,80,115,79,101,69,70,60,52,79,66,100,168,140,96,163,134,110,182,49,168,237,218,143,126,185,108,159,178,138,104,109,124,125,85,77,69,82,71,66,43,90,38,79,55,51,80,110,83,114,79,101,60,78,77,21,15,15,43,20,35,23,12,24,11,68,62,34,44,6,39,33,25,26,141,,9,24,23,14,171,18,12,157,54,97,28,86,123,61,79,74,68,59,121,68,411,,53,34,40,27,121,70,33,89,46,41,276,76,143,76,76,320,273,75,38,37,78,104,37,18,,68,57,54,144,110,57
20150109,12,PM2.5_24h,120,220,201,189,118,180,446,24,59,170,170,275,271,65,60,194,83,85,200,108,125,130,138,216,157,103,135,148,110,135,123,146,127,106,134,96,114,120,141,99,69,88,59,76,106,47,40,60,162,107,99,177,140,53,66,69,50,63,66,60,43,38,62,44,80,78,49,18,16,59,77,49,50,171,122,124,57,23,92,108,39,233,267,231,205,159,203,232,91,159,180,209,186,73,162,48,43,65,71,51,58,55,44,69,26,17,219,39,93,109,37,54,96,95,97,77,79,45,45,103,87,121,61,64,213,153,41,111,66,248,171,86,98,98,89,61,74,28,46,65,32,68,69,63,71,54,26,65,65,52,33,58,35,26,75,59,91,191,97,128,141,95,156,115,104,113,134,78,113,113,111,105,106,159,123,122,141,98,102,104,115,98,101,107,104,72,90,115,48,98,48,70,118,81,104,44,67,78,79,36,59,11,30,75,79,57,107,105,98,56,96,29,10,59,69,22,33,72,29,148,24,84,59,151,107,68,54,107,65,90,61,82,63,83,47,42,53,38,41,67,99,64,66,52,62,48,42,50,93,146,317,105,90,112,136,102,152,42,145,169,175,129,107,132,110,124,129,114,75,99,93,99,65,58,61,71,66,56,44,75,43,75,55,20,58,90,48,66,64,112,41,63,53,21,13,28,64,28,48,19,27,44,22,56,30,15,46,8,25,34,36,36,44,,18,17,31,25,53,23,10,119,54,65,36,83,101,69,56,66,54,56,62,51,214,,44,20,51,27,36,28,36,67,70,50,196,78,153,87,46,171,85,59,28,12,86,116,57,24,,80,58,59,118,152,52
20150109,12,PM10,23,48,332,100,226,355,696,32,48,45,128,653,534,127,170,289,106,166,212,241,276,187,372,359,384,280,250,268,191,282,232,226,281,175,186,120,185,175,214,128,143,180,177,142,115,83,58,99,407,294,231,225,185,68,90,80,72,88,88,85,71,75,95,86,144,152,45,19,43,210,151,169,125,287,218,205,147,51,68,170,83,392,545,359,331,345,505,519,256,438,385,602,388,219,357,72,79,108,93,95,99,83,58,104,52,10,428,175,193,199,100,155,140,178,350,93,90,54,72,97,156,188,145,150,379,158,105,130,180,247,357,225,130,183,126,101,95,49,93,66,40,98,152,173,133,32,36,204,132,128,71,197,79,84,168,83,105,479,376,345,329,223,323,295,203,314,370,207,223,215,212,192,231,397,226,,316,195,146,214,329,150,177,211,154,65,152,216,95,297,211,180,294,87,159,157,42,142,105,75,22,33,45,127,173,158,222,185,195,143,45,16,39,87,90,104,57,125,33,221,16,174,148,231,218,162,50,251,90,174,114,157,112,112,85,85,95,56,90,127,174,148,128,91,115,91,84,113,110,178,282,232,157,270,212,163,293,79,261,384,324,238,194,276,141,214,252,205,182,149,198,188,119,112,94,115,96,98,78,123,92,101,71,99,122,126,98,168,144,119,96,129,120,33,29,24,57,22,47,27,,30,18,83,82,54,,11,,20,80,19,243,,14,51,46,27,96,30,43,218,108,139,85,196,208,207,118,131,138,131,197,116,570,,186,53,100,39,148,84,59,169,74,92,450,241,248,96,291,543,231,159,53,82,115,,117,26,,238,91,84,227,226,82
20150109,12,PM10_24h,153,337,318,271,220,332,625,64,114,234,278,446,409,119,146,268,121,120,247,143,220,174,187,255,257,240,197,211,189,199,211,194,225,151,192,147,175,143,193,152,116,143,100,110,132,76,61,92,293,181,219,207,145,73,85,97,78,96,92,81,76,72,92,65,109,120,64,32,25,149,128,79,103,229,174,199,139,76,117,141,65,284,400,320,286,211,355,364,121,243,305,365,286,116,222,63,75,82,99,73,80,94,68,95,54,26,332,106,130,156,87,101,138,143,127,113,110,58,71,120,130,171,122,150,322,245,87,175,145,329,246,171,126,132,103,83,90,41,72,76,69,97,102,90,91,80,40,178,139,136,67,110,75,85,193,107,138,271,227,204,207,137,195,146,118,175,175,117,136,152,160,140,148,245,150,144,204,132,141,183,154,148,192,170,144,89,125,176,71,162,116,127,203,128,116,103,108,116,170,79,83,35,54,164,100,85,135,186,134,98,140,34,29,79,101,48,48,97,48,177,49,128,95,173,145,104,80,195,83,127,117,106,100,122,75,58,61,68,66,112,143,117,93,66,100,69,67,75,166,253,326,159,128,174,196,139,228,65,222,249,256,190,166,200,139,173,178,183,139,130,146,155,95,83,84,99,79,73,84,101,63,98,70,54,91,109,62,93,96,132,60,113,86,25,20,43,92,46,74,24,51,59,35,75,46,30,74,16,33,39,51,34,101,,35,44,91,83,58,31,23,136,118,90,98,217,159,122,93,115,91,113,109,87,282,,119,31,81,39,56,51,43,119,115,92,273,256,247,106,127,318,309,119,49,20,122,196,142,37,,206,84,83,132,214,78
20150109,12,SO2,14,23,214,48,98,169,324,26,16,17,24,114,225,262,82,343,67,143,247,84,105,81,164,105,96,73,100,82,106,82,56,63,52,45,79,40,83,75,94,33,40,62,56,50,30,18,9,44,156,187,139,63,49,21,15,15,28,28,33,31,20,29,24,17,24,24,40,6,8,72,79,126,136,84,52,44,95,104,139,78,13,240,141,84,132,154,333,178,132,306,137,182,123,100,202,39,16,31,21,17,29,19,32,18,43,5,177,53,96,208,83,143,212,145,362,135,80,42,46,32,68,123,82,72,209,101,103,94,198,59,141,57,62,38,41,21,38,2,23,26,42,63,23,25,30,31,23,90,106,169,28,91,197,14,175,9,11,313,223,263,226,229,226,217,109,318,263,120,95,186,61,96,11,145,86,53,103,85,61,94,175,34,24,53,80,56,28,106,37,184,168,236,154,39,183,39,14,24,18,47,12,26,9,93,211,172,158,215,117,31,38,16,30,7,20,12,11,40,32,54,23,49,39,58,94,49,9,14,44,62,17,44,31,25,14,35,47,16,16,17,78,124,111,52,74,79,40,92,72,130,144,135,85,68,171,61,139,38,98,67,32,58,39,23,37,57,153,130,68,79,84,51,138,39,20,37,19,23,9,25,20,24,10,37,25,33,28,33,20,15,11,8,63,2,15,16,34,85,6,19,7,12,12,21,152,12,8,14,34,20,12,15,26,3,3,6,4,7,54,6,6,65,37,85,11,19,162,77,93,88,22,117,189,35,515,,71,26,51,12,69,3,19,82,125,70,96,7,24,27,56,60,119,53,10,51,44,70,34,2,,167,23,23,301,72,132
20150109,12,SO2_24h,47,134,221,112,108,122,267,43,59,46,166,183,283,199,83,304,87,100,229,49,53,49,97,81,69,52,66,58,46,59,53,62,53,30,51,35,57,38,78,30,24,37,25,26,25,11,12,35,129,85,126,40,39,23,13,18,20,27,30,30,18,25,23,10,19,12,26,9,6,42,44,44,115,86,39,37,55,24,144,85,13,192,118,110,94,242,254,93,78,225,139,114,97,71,212,31,16,19,29,13,16,23,39,15,28,7,112,63,144,204,105,130,140,80,166,140,52,55,36,42,32,60,63,92,168,100,101,106,74,65,79,36,46,16,35,18,40,2,18,18,53,33,17,19,20,18,20,34,39,78,21,36,199,31,192,10,21,222,157,171,92,103,91,98,109,75,96,45,45,68,36,60,9,72,62,41,71,43,40,43,49,31,24,34,28,133,20,40,32,102,141,162,84,63,134,33,47,31,84,37,30,28,15,165,68,92,84,201,57,30,69,48,22,7,28,8,13,25,52,48,34,36,30,30,71,20,9,14,39,51,19,31,25,30,13,29,25,31,11,18,36,53,55,64,62,51,46,89,150,158,99,82,30,23,66,36,62,32,59,57,36,36,22,23,21,54,59,73,47,64,60,40,93,34,17,39,17,19,14,21,12,19,7,20,17,18,16,15,17,11,11,9,56,2,12,32,22,71,13,15,12,24,21,18,49,9,10,16,11,13,18,17,21,2,5,6,4,8,35,7,6,21,30,41,18,65,81,75,131,45,32,92,90,34,154,,44,23,46,3,24,3,24,29,66,29,79,9,30,26,43,70,41,40,17,24,41,63,38,6,,151,24,28,109,102,125
20150109,12,NO2,20,25,141,46,82,133,129,8,12,13,24,78,140,44,38,102,50,57,84,115,104,86,120,72,83,83,66,65,90,54,33,34,66,71,93,62,64,76,110,31,46,59,54,51,37,35,15,36,109,97,64,97,63,37,27,35,38,29,52,29,21,29,27,15,46,62,37,29,13,61,69,65,32,97,67,54,54,21,49,40,26,122,169,64,106,87,136,129,83,103,95,136,101,76,113,25,22,26,14,42,30,23,28,24,22,38,109,22,70,47,41,36,55,67,140,45,42,16,30,21,54,70,50,48,116,47,45,56,58,45,97,49,29,36,33,21,27,10,47,42,39,33,30,57,30,35,22,61,63,70,32,58,10,17,30,53,28,108,74,62,80,94,102,48,86,108,128,57,63,43,64,80,81,93,79,40,108,83,55,58,121,50,40,82,67,22,35,48,29,40,28,47,41,20,36,34,9,20,15,38,8,5,10,32,65,62,49,61,65,28,12,8,9,14,18,34,20,28,15,107,22,61,23,77,63,108,27,19,25,67,46,86,32,16,21,29,11,18,4,32,43,50,43,19,39,55,31,32,33,46,120,72,60,58,75,20,89,31,95,95,36,74,42,69,52,49,46,29,33,35,43,49,46,14,14,18,23,21,21,18,17,26,15,47,34,32,27,39,32,24,20,28,35,14,14,21,26,16,22,25,15,24,12,36,25,28,16,16,14,16,9,27,35,3,22,7,5,9,34,19,10,50,54,34,22,31,67,37,35,68,33,32,50,35,196,,45,10,16,8,23,6,2,22,19,28,81,17,90,23,70,49,43,71,41,47,88,81,20,12,,49,33,23,87,26,37
20150109,12,NO2_24h,91,124,125,113,84,129,136,14,52,67,93,118,135,38,48,89,63,57,105,100,99,100,73,73,66,61,64,70,86,58,43,50,56,67,85,77,77,84,105,47,53,64,40,44,36,34,19,46,96,82,75,107,63,47,44,57,47,40,65,48,29,39,34,8,40,45,27,26,12,49,59,39,43,93,62,61,46,25,71,63,28,96,114,93,89,93,103,87,61,86,79,92,95,53,105,36,27,23,26,35,29,37,43,33,41,20,91,29,74,37,48,34,69,53,89,60,45,34,32,37,42,65,53,50,99,79,38,67,65,48,68,38,35,32,28,22,25,14,35,38,41,36,31,50,27,33,25,39,56,56,30,46,20,73,36,42,37,82,64,54,80,83,58,34,70,61,73,36,44,25,73,81,70,97,72,48,95,74,70,68,52,57,43,54,52,38,40,44,40,26,36,39,33,55,34,39,35,40,41,43,32,6,17,48,43,62,63,67,60,44,36,20,8,16,24,20,21,30,25,126,27,62,24,66,62,56,29,26,34,56,41,54,37,31,21,29,10,33,6,35,32,44,36,32,43,36,36,35,132,85,111,78,45,35,75,19,74,28,80,51,45,71,42,44,40,46,39,33,35,43,34,51,33,16,15,24,20,24,23,18,16,28,22,29,32,32,35,30,22,36,17,31,27,8,10,23,24,17,37,27,18,28,17,20,19,16,20,18,9,15,19,19,29,2,30,7,5,12,30,12,9,35,69,23,36,33,63,40,38,61,51,28,35,47,132,,45,10,20,11,12,7,8,21,30,45,69,26,79,22,68,54,18,60,34,19,62,79,22,5,,57,35,36,57,38,38
20150109,12,O3,55,44,22,44,14,9,13,54,61,31,38,31,11,16,33,15,34,42,19,35,20,40,25,43,31,49,42,46,47,42,51,96,31,42,47,66,46,40,25,81,70,66,52,63,34,83,67,47,10,27,41,35,40,63,91,78,57,57,62,93,87,70,57,73,5,12,12,29,81,15,21,15,34,11,31,26,30,57,36,29,83,9,23,36,17,33,11,35,16,17,23,6,17,25,21,93,104,110,106,49,97,91,80,130,71,14,34,47,48,27,40,25,30,22,9,34,52,51,49,48,32,29,41,29,14,32,45,47,19,17,36,44,13,35,94,93,69,110,9,13,11,15,50,20,24,12,13,12,69,25,26,14,79,80,34,37,61,14,17,10,28,27,11,18,16,8,9,37,21,18,48,38,62,43,42,54,25,19,56,66,26,156,67,33,14,23,66,23,68,18,55,19,43,62,26,54,69,36,59,41,67,35,84,28,28,24,30,34,26,40,51,62,29,49,42,40,48,68,63,46,55,38,48,27,54,68,28,33,65,93,42,27,51,43,79,51,49,76,73,48,22,35,39,88,72,26,84,61,31,29,24,34,41,15,31,83,14,34,39,20,45,36,79,11,8,33,33,69,72,79,33,34,6,73,60,62,44,87,18,70,43,47,55,22,23,12,6,14,40,28,19,6,22,55,32,45,30,55,28,43,25,46,46,28,59,38,73,46,22,22,42,34,4,66,38,71,31,83,46,57,67,18,29,10,38,24,28,36,36,39,36,57,19,30,14,,34,92,69,96,81,12,118,5,48,43,16,22,19,20,12,24,24,10,110,60,15,14,34,45,,30,69,99,13,22,25
20150109,12,O3_24h,55,46,23,44,18,15,34,71,65,31,41,36,13,33,52,37,47,60,30,73,66,61,86,51,81,90,70,82,78,65,67,97,53,74,86,91,54,67,71,98,75,94,106,106,61,104,85,75,41,63,75,103,75,110,118,124,112,86,111,142,116,130,86,99,14,51,60,58,97,46,58,58,68,29,65,89,54,72,53,42,116,23,59,71,32,33,29,77,49,39,91,24,45,63,34,104,134,137,144,109,133,129,113,175,116,27,50,68,49,44,60,33,50,52,27,46,66,57,79,59,59,48,73,57,21,35,75,102,46,44,98,106,27,55,100,109,99,110,41,46,37,62,71,59,39,56,70,53,95,70,58,49,84,94,83,83,73,24,33,52,55,63,58,55,57,43,29,65,48,58,65,67,85,81,75,97,63,53,81,70,77,92,91,82,44,27,108,52,108,39,101,44,80,66,46,95,69,54,123,72,67,49,93,38,56,53,68,39,42,47,53,65,40,63,48,66,62,68,65,60,56,66,80,81,87,88,39,70,105,126,68,67,100,69,90,79,95,94,90,85,58,78,93,95,99,123,115,86,32,34,43,54,97,68,62,120,62,62,96,102,106,113,94,95,17,99,85,142,83,89,77,95,60,80,79,93,60,142,34,79,57,77,74,98,49,56,30,33,56,64,35,22,55,76,45,79,32,58,51,50,43,54,72,79,62,73,99,60,48,33,77,69,77,66,44,93,40,91,77,89,89,53,62,39,80,34,88,75,84,78,45,79,85,89,62,,82,110,88,109,108,28,129,12,61,54,49,37,35,20,60,63,62,63,143,93,72,41,90,89,,41,115,152,48,24,47
20150109,12,O3_8h,30,13,12,15,4,5,16,39,35,15,10,9,6,10,21,11,15,27,10,14,5,12,14,18,13,23,17,17,24,17,20,35,11,21,15,19,14,10,5,23,26,16,22,25,23,50,61,21,8,16,29,13,26,48,56,51,34,21,29,58,62,45,40,77,4,9,21,42,75,9,9,12,21,10,22,14,27,34,14,12,73,3,10,9,6,19,7,18,8,14,11,5,6,13,9,47,70,61,59,18,53,45,65,52,33,19,12,27,23,23,28,16,12,12,6,14,35,32,32,31,36,18,27,18,6,11,40,26,8,11,32,23,8,21,88,64,64,96,7,8,13,11,47,14,20,20,11,6,60,11,15,7,63,42,18,41,57,7,11,5,13,14,5,9,9,4,4,21,7,7,14,10,34,16,12,17,15,4,24,38,11,143,62,10,11,10,31,10,38,10,28,9,36,32,19,28,29,21,26,23,50,32,64,13,25,17,18,24,18,16,32,34,28,38,30,30,42,43,51,28,49,30,41,10,47,48,19,33,48,78,30,23,43,47,65,12,33,41,39,18,12,13,15,32,34,16,30,19,15,8,7,12,20,9,9,66,6,26,18,9,17,11,28,6,4,11,26,40,26,43,26,32,3,46,46,38,37,56,15,53,38,37,36,13,19,6,3,3,34,27,22,3,14,48,30,43,24,36,13,30,32,32,41,30,56,37,61,52,25,26,22,36,4,66,39,69,28,68,36,43,55,9,10,5,22,9,14,17,22,22,18,46,12,11,5,,13,73,49,58,58,8,108,4,37,19,10,11,22,19,17,24,34,9,108,73,24,8,46,59,,12,50,45,6,11,10
20150109,12,O3_8h_24h,30,14,15,20,10,10,25,54,39,15,25,20,9,25,39,27,37,47,22,55,41,46,74,39,52,69,53,62,61,53,46,80,35,57,65,69,42,52,57,79,66,65,78,94,45,97,71,55,30,47,45,46,61,94,98,104,94,68,86,120,102,111,74,90,10,34,55,48,91,27,36,44,58,16,50,67,42,62,35,29,90,15,30,36,23,25,18,50,34,33,45,16,28,57,21,97,117,119,126,91,118,114,100,145,94,22,40,55,35,33,55,26,36,39,19,33,53,41,66,46,46,32,57,48,13,19,58,75,33,33,76,89,24,44,92,100,88,97,26,36,24,38,62,34,27,48,52,30,79,47,42,30,70,63,39,60,64,17,24,34,43,48,48,42,46,29,25,58,41,48,56,54,67,70,61,57,53,36,61,50,67,157,70,56,27,25,92,40,83,34,77,29,65,45,31,84,46,41,80,64,50,43,87,30,44,40,48,33,34,34,38,62,38,59,41,59,51,53,57,52,50,53,66,60,73,68,36,44,81,101,51,52,62,60,82,69,83,86,80,64,43,64,62,89,78,80,93,71,19,18,28,39,75,50,41,98,41,44,63,79,75,72,82,71,11,66,70,117,66,76,58,80,42,67,72,81,55,106,26,85,53,62,70,75,35,42,26,30,39,49,30,13,45,69,39,65,27,51,36,44,35,50,65,69,56,66,66,54,41,27,51,61,59,66,40,84,36,87,70,83,84,40,44,32,52,28,56,57,64,58,36,70,58,64,41,,59,108,76,100,105,15,121,9,50,50,35,32,30,19,41,52,50,50,129,88,52,28,73,68,,24,102,119,34,16,42
20150109,12,CO,0.442,0.806,5.195,1.663,2.303,2.672,6.012,0.897,0.359,0.361,1.214,2.478,6.391,3.228,2.13,4.126,1.42,1.365,1.266,2.004,2.847,1.745,3.129,2.385,2.7,2,2.097,2.482,1.573,1.609,1.526,1.355,1.825,1.517,1.512,1.349,1.224,1.516,1.674,0.914,1.455,1.457,1.653,1.071,1.036,0.828,0.645,1.176,2.888,2.172,1.48,1.723,1.479,1.211,1.329,1.429,1.171,1.434,1.146,1.039,1.124,1.144,1.124,0.97,1.306,1.569,1.459,0.984,0.99,2.853,4.703,3.633,1.396,3.778,1.525,1.319,2.446,0.802,2.014,2.246,0.743,3.677,4.382,2.338,3.735,3.979,3.987,2.206,2.569,2.764,2.399,4.152,2.402,1.724,3.504,0.969,0.745,1.714,0.943,1.143,1.26,1.108,1.29,1.353,1.403,1.903,2.537,2.493,3.78,4.504,1.285,0.964,2.18,2.607,6.93,1.397,1.415,0.691,0.733,0.796,2.715,2.457,1.543,1.997,6.042,1.268,2.234,1.059,1.793,1.449,2.683,2.293,1.554,2.982,0.996,1.774,1.179,0.684,1.168,0.98,1.513,0.548,1.352,1.201,1.237,0.698,2.043,1.479,2.035,5.249,1.828,2.205,0.993,0.311,1.254,2.266,1.144,3.912,3.926,2.843,2.124,2.365,3,2.319,4.23,3.2,3.695,1.208,2.471,2.27,1.273,2.621,1.709,2.1,2.345,1.309,1.802,2.326,1.85,0.841,,1.184,1.487,1.956,,0.413,0.921,2.839,0.992,4.11,1.883,3.119,4.698,1.519,4.459,0.864,0.369,0.672,0.323,0.898,0.318,0.136,1.671,1.927,1.657,1.315,1.483,1.759,2.322,0.699,0.43,0.46,1.083,1.645,0.612,0.776,0.621,1.107,0.281,2.256,0.259,1.502,1.133,2.121,2.692,3.823,0.761,1.312,1.023,1.366,0.805,1.55,0.954,2.188,0.757,0.872,1.741,1.084,0.873,0.963,1.477,1.832,1.22,1.472,1.13,1.286,1.302,1.004,1.47,1.469,2.967,1.372,1.883,2.905,1.45,0.826,4.039,0.472,3.717,2.356,2.464,2.895,2.015,3.837,0.907,1.568,2.096,2.13,2.48,1.443,1.37,1.716,0.815,1.324,1.548,1.409,1.694,1.212,1.085,1.267,1.032,1.105,0.863,1.072,0.924,0.769,1.247,1.089,1.327,1.384,0.927,1.419,1.349,0.554,0.432,0.609,1.114,1.204,1.831,1.265,1.258,0.731,0.762,1.022,0.895,1.494,1.558,0.461,1.265,1.215,0.624,0.946,0.964,2.713,1.033,0.352,0.771,1.477,2.913,0.785,0.435,3.39,2.505,2.181,2.955,2.449,1.196,1.515,1.522,8.874,0.869,3.388,2.494,1.328,4.637,,2.88,1.396,0.34,0.41,0.948,1.806,0.334,1.498,0.575,0.891,4.733,1.379,3.627,0.708,2.734,4.586,2.2,4.635,1.729,2.708,3.083,4.38,2.347,0.585,,1.844,0.914,1.018,4.803,3.076,1.791
20150109,12,CO_24h,2.623,5.099,4.968,3.684,3.259,4.006,8.214,1.086,2.462,2.483,4.19,4.378,7.643,3.025,2.688,2.619,1.404,1.295,1.805,1.609,2.045,1.838,1.765,2.116,2.716,1.794,2.095,2.374,1.675,1.498,1.683,1.732,1.72,1.482,1.463,1.41,1.291,1.601,1.613,1.176,1.393,1.393,1.469,0.916,1.125,0.682,0.695,1.063,2.512,1.88,1.744,2.174,1.357,1.246,1.373,1.454,1.241,1.539,1.583,1.119,1.196,1.253,1.14,1.314,1.265,1.181,0.898,1.088,0.803,2.456,3.021,1.942,1.281,3.675,1.456,1.342,1.618,0.672,3.229,3.006,0.759,2.787,4.192,3.334,2.744,3.56,3.658,2.184,2.06,2.915,2.675,3.08,2.946,1.219,2.79,1.114,0.853,1.918,1.245,1.154,1.382,1.37,1.345,1.476,1.568,1.658,2.503,2.609,4.913,4.553,1.285,1.112,2.659,2.135,3.474,2.183,1.406,1.159,0.962,1.247,1.821,2.395,1.346,2.055,4.369,2.003,1.749,1.468,2.14,1.832,1.889,2.364,1.622,3.086,0.988,1.748,1.219,0.937,0.98,0.829,1.939,0.52,1.109,0.93,0.951,0.651,1.854,1.417,1.817,4.821,1.811,1.367,1.103,0.775,1.356,2.064,0.888,3.491,3.167,3.158,2.404,2.044,2.726,1.599,3.616,2.606,3.154,1.232,2.641,2.238,1.284,2.472,1.305,1.937,1.918,1.456,1.656,1.998,1.769,0.66,1.439,1.235,1.542,1.605,2.203,1.08,1.008,2.704,0.779,2.576,1.376,2.733,4.307,2.588,3.813,1.114,1.013,1.621,1.486,1.149,1.086,0.301,1.766,2.46,1.171,1.233,1.669,3.184,2.515,1.027,1,0.603,0.901,1.594,0.809,0.404,1.003,0.514,0.626,1.596,0.746,1.443,1.034,1.691,2.113,2.652,0.807,1.535,1.036,1.398,0.895,1.463,0.958,2.321,0.666,1.111,1.382,1.328,0.845,1.04,1.459,1.555,1.025,1.75,1.105,0.983,1.284,0.968,2.351,3.834,2.741,1.464,1.579,2.718,1.86,0.962,3.072,0.526,3.194,1.843,2.657,2.649,2.244,3.469,0.99,1.586,1.69,2.045,4.064,1.329,0.952,1.524,0.559,1.48,1.604,1.48,1.556,1.302,1.156,1.145,1.079,1.018,1.065,0.833,0.926,0.653,1.076,0.688,1.044,1.502,0.945,1.31,0.869,0.431,0.323,0.679,1.032,1.256,2.022,1.34,1.082,0.886,0.797,0.825,0.676,1.328,1.625,0.458,0.777,1.109,0.793,0.802,0.774,7.951,1.324,0.205,0.722,1.413,1.718,0.706,0.359,2.216,2.703,1.969,3.057,2.059,1.358,1.933,1.225,6.118,1.246,3.167,2.061,1.261,2.332,,2.029,1.384,0.395,0.146,0.412,1.152,0.739,1.386,0.695,1.306,4.118,2.152,3.231,0.765,1.938,3.66,1.448,4.806,2.202,1.923,2.649,3.756,2.298,0.413,,2.767,0.982,1.154,3.597,2.611,1.955
20150109,13,AQI,19,39,266,61,121,340,466,31,42,44,61,181,465,76,91,229,80,139,165,212,182,195,306,304,206,151,200,198,156,188,193,179,203,137,160,85,132,143,170,109,111,128,127,113,124,86,53,92,340,238,115,248,204,75,98,91,71,86,91,75,62,64,97,80,130,130,80,20,39,125,148,92,87,216,193,196,90,43,58,97,66,352,399,186,397,280,356,402,253,285,251,461,248,206,328,61,66,77,80,78,80,72,62,100,54,23,291,94,175,164,63,96,131,185,227,49,78,38,58,76,133,167,117,94,311,94,75,86,111,184,314,138,137,126,127,98,96,50,82,66,40,103,130,165,141,40,43,126,92,92,67,137,58,53,129,78,92,398,203,222,265,218,285,277,231,241,334,175,157,177,174,170,193,260,216,142,226,128,128,170,272,108,107,170,138,70,111,128,77,199,108,143,242,63,131,66,37,46,60,57,27,41,42,74,116,144,206,127,154,93,48,21,43,52,54,55,63,120,28,209,26,143,108,228,203,153,83,130,103,138,71,132,85,92,72,69,89,47,68,103,153,99,130,82,93,87,71,100,93,92,156,136,124,238,174,147,240,74,232,313,281,210,167,245,149,215,218,185,142,130,175,168,108,104,93,105,97,85,61,115,58,89,82,76,114,150,106,150,128,121,71,124,125,30,20,22,70,28,51,32,32,28,22,104,65,48,59,26,53,49,68,40,164,34,32,49,27,35,179,66,30,191,76,161,66,107,137,83,80,94,83,82,117,67,500,,89,45,45,33,88,189,61,114,78,56,204,140,191,115,126,340,200,100,61,69,178,211,94,30,,89,74,74,145,79,69
20150109,13,PM2.5,12,21,215,40,91,289,337,15,14,12,29,136,359,53,58,178,58,106,125,161,137,146,255,253,155,101,150,148,118,141,145,135,152,104,121,62,100,109,128,81,83,97,96,84,93,63,34,68,246,187,66,197,153,54,73,67,51,63,67,54,41,35,72,58,98,98,58,9,25,84,113,68,61,165,145,147,62,19,40,72,47,301,319,140,346,229,305,304,202,234,200,306,197,155,277,42,46,51,58,57,58,52,42,75,28,11,240,59,132,124,39,71,99,139,176,22,57,22,38,55,101,126,88,60,260,57,46,56,71,138,263,95,104,95,96,73,71,20,60,47,19,76,98,125,107,28,30,95,56,48,33,104,17,17,93,55,68,347,152,171,214,167,234,226,180,190,283,132,119,133,131,128,145,209,165,108,175,97,97,128,221,80,75,128,105,50,83,97,56,149,49,109,191,38,99,40,13,27,24,39,11,8,23,35,87,110,155,96,117,69,30,5,9,35,37,29,44,90,8,158,9,109,80,177,152,116,61,98,76,105,51,100,62,68,52,49,66,29,43,76,116,74,98,60,69,64,51,75,69,68,118,103,93,187,131,112,189,53,181,262,230,159,126,194,114,164,167,139,108,98,132,127,80,77,69,78,72,62,43,86,40,66,60,51,85,115,79,115,97,91,51,93,94,21,12,15,50,19,33,22,22,19,11,77,46,21,41,4,36,34,23,28,124,7,11,23,14,11,135,47,5,143,41,122,29,74,104,24,58,69,61,50,88,48,448,,47,21,23,15,65,142,20,85,57,25,153,69,143,86,91,288,145,69,28,31,134,160,42,14,,45,53,53,101,33,49
20150109,13,PM2.5_24h,116,214,205,186,119,183,450,23,57,163,168,275,277,64,59,197,85,87,199,113,126,133,145,222,159,105,137,150,111,139,124,148,129,106,134,97,114,121,142,99,71,90,61,77,98,49,40,61,172,113,96,178,142,53,68,69,50,63,67,60,43,39,63,45,81,79,50,16,16,59,78,48,50,165,124,126,55,22,92,109,39,240,271,231,215,161,211,239,98,166,183,217,191,78,166,48,43,64,71,52,59,56,44,70,27,15,221,39,94,109,37,50,98,99,101,77,79,44,46,101,87,122,63,63,216,146,41,109,66,247,174,87,99,98,90,62,74,28,50,64,30,68,69,65,73,51,25,66,66,52,33,58,31,25,74,58,89,200,101,132,149,101,165,122,109,119,145,82,117,117,113,108,108,164,126,123,145,99,103,105,120,98,100,108,105,73,89,115,50,101,48,70,121,78,105,44,66,77,78,37,56,11,30,80,81,59,108,105,99,57,92,29,10,60,68,23,34,75,29,150,24,84,61,154,109,70,54,107,65,91,61,83,63,82,48,42,56,39,42,67,100,65,67,52,62,49,42,52,93,143,308,104,89,114,136,103,153,42,146,173,177,130,107,134,111,126,128,113,78,100,94,100,65,59,62,72,67,57,44,76,43,75,55,22,59,92,50,69,64,111,40,63,55,21,12,27,62,27,47,19,24,43,21,51,31,15,46,8,25,33,35,35,46,2,16,16,32,24,56,23,10,121,53,67,33,83,94,67,57,67,54,56,63,52,223,,44,20,48,27,38,34,36,69,67,51,194,78,151,87,49,171,87,60,28,12,87,116,57,22,,81,58,60,120,131,53
20150109,13,PM10,18,38,336,69,183,390,565,30,41,43,69,271,564,100,129,269,90,160,189,231,244,185,362,305,321,250,238,228,152,222,223,190,271,138,177,94,164,144,189,117,138,158,168,128,113,96,53,106,451,310,177,227,183,65,86,86,72,94,86,75,72,75,96,86,144,147,64,14,38,198,168,116,121,277,220,195,128,42,58,119,71,408,498,170,460,255,462,501,276,381,352,560,299,232,361,69,80,102,83,88,100,80,72,115,56,22,364,135,175,207,73,124,145,211,273,48,80,37,63,68,172,162,149,136,400,135,97,120,169,196,386,223,126,125,125,94,91,36,97,59,39,154,150,170,146,34,36,166,131,131,81,196,64,54,205,104,114,486,334,303,307,234,299,302,212,314,385,202,190,210,196,182,219,334,212,,276,175,143,170,330,162,162,196,159,50,111,189,92,216,163,180,304,73,128,80,36,45,68,62,17,40,41,96,167,156,189,154,180,115,47,17,42,51,55,58,61,119,27,199,14,153,152,204,211,165,74,174,95,157,86,139,104,97,78,76,103,46,84,122,181,136,123,78,115,98,88,107,82,130,163,155,160,304,216,138,289,82,272,393,343,253,190,296,156,202,218,237,172,136,177,211,123,106,92,109,87,80,64,121,57,80,80,99,129,133,92,162,175,110,81,141,134,29,19,21,69,24,50,26,27,24,13,85,52,47,,8,38,21,84,,239,7,31,48,26,19,64,46,27,193,99,170,80,162,179,114,84,136,93,112,146,72,607,,125,44,44,27,94,142,61,168,92,60,226,227,233,111,199,451,347,149,53,86,158,285,135,18,,126,81,90,238,105,71
20150109,13,PM10_24h,146,328,321,268,220,332,633,61,110,227,272,446,417,120,142,272,123,122,246,149,221,177,197,262,262,244,200,214,189,204,212,196,228,152,192,147,175,144,195,152,118,145,104,110,126,78,61,92,308,190,215,207,146,73,86,97,78,97,93,81,77,73,93,66,111,122,64,29,26,151,128,79,101,218,177,200,134,73,116,143,65,295,406,321,295,213,371,373,129,259,311,377,292,123,227,63,76,84,99,75,82,95,69,97,55,22,334,106,131,156,85,95,142,148,142,113,110,57,71,117,133,170,124,148,326,238,86,173,147,327,250,174,125,132,103,84,91,40,78,74,64,99,104,95,94,77,38,179,139,134,67,113,70,83,189,106,136,284,234,213,217,145,205,155,124,183,184,122,142,157,163,144,152,252,155,145,210,134,142,183,162,150,191,172,145,89,125,163,73,164,117,126,207,122,115,101,106,113,166,78,80,35,53,173,104,88,136,185,136,100,135,33,29,81,101,49,49,100,48,180,48,129,97,176,148,107,81,195,83,129,116,108,100,121,75,59,63,69,66,113,145,117,93,67,102,71,67,78,163,250,311,159,129,179,198,138,229,64,223,253,259,193,166,204,140,174,173,185,141,131,147,157,95,84,84,100,81,74,78,99,63,82,71,56,92,111,64,97,99,131,60,113,88,25,19,44,89,45,72,24,43,57,34,72,46,30,71,15,33,38,52,34,105,2,33,42,91,81,54,31,23,141,117,92,90,218,150,119,95,116,90,113,110,88,295,,117,31,78,39,59,55,44,121,110,92,271,255,242,108,132,314,315,120,49,21,122,207,142,36,,205,85,85,140,200,80
20150109,13,SO2,11,21,190,41,59,179,200,31,13,15,18,64,245,210,95,286,56,124,198,75,78,72,132,94,87,65,88,71,95,71,75,58,50,45,69,30,89,83,88,30,39,57,56,44,31,16,10,42,169,217,129,53,45,20,14,16,21,31,32,26,18,24,24,17,25,25,37,6,7,68,80,118,140,102,53,45,123,39,153,57,13,292,137,49,141,77,283,159,117,241,107,185,110,89,120,38,16,22,18,18,23,17,33,22,38,8,167,60,51,175,43,50,183,224,287,92,86,33,42,26,56,94,58,80,222,68,112,126,323,50,132,49,74,41,42,19,38,2,21,25,41,65,36,31,22,19,17,72,47,137,27,101,148,12,229,7,25,243,187,266,190,284,202,224,63,219,248,87,91,161,58,77,12,119,77,54,91,62,56,71,145,37,20,61,66,40,23,97,26,148,147,184,134,40,311,44,14,21,19,40,12,25,6,114,212,157,103,165,112,20,25,16,26,4,20,18,14,36,29,52,32,49,43,75,79,64,10,14,50,44,17,51,29,27,14,29,43,14,18,18,79,111,101,45,71,96,41,63,120,117,191,95,65,65,198,66,175,35,80,76,24,60,46,28,40,55,123,106,56,42,47,43,161,32,20,35,19,18,9,26,9,16,10,50,37,30,38,31,20,14,9,8,51,2,10,17,35,77,7,18,7,7,15,24,114,12,8,16,41,21,13,15,25,14,5,7,4,8,46,5,7,56,29,61,12,10,79,67,108,44,22,60,111,23,249,,74,23,35,11,29,2,26,54,180,25,59,7,29,27,37,63,82,50,17,24,29,63,34,2,,109,21,18,264,29,103
20150109,13,SO2_24h,45,127,220,109,105,124,264,43,54,45,163,181,280,202,79,305,88,103,228,50,54,50,100,81,70,53,67,59,48,60,52,62,53,30,50,35,58,39,79,30,24,38,26,25,26,11,12,36,141,92,127,40,39,22,13,18,20,27,30,30,19,25,23,10,19,12,26,9,6,43,44,44,115,86,39,36,57,25,144,85,13,194,115,108,97,236,258,94,80,229,140,117,99,74,205,32,16,19,29,13,14,23,38,15,28,6,114,64,140,199,104,115,144,87,172,140,53,55,36,41,32,59,59,92,169,97,101,105,85,66,81,36,47,17,36,18,40,2,20,20,50,34,18,20,20,13,19,35,40,80,22,38,186,31,192,10,21,226,161,180,97,111,97,105,110,83,105,47,48,73,37,60,9,75,63,41,73,43,40,44,54,31,23,35,28,134,20,43,33,104,143,162,88,62,138,34,46,31,86,37,28,27,15,158,74,97,86,196,58,30,67,47,22,7,28,9,13,25,52,48,34,36,31,32,71,22,8,14,39,52,19,31,25,29,13,29,26,36,11,18,36,55,55,65,63,53,45,91,147,154,104,82,31,24,72,37,68,31,59,57,36,36,22,23,22,53,70,75,48,63,60,40,97,34,17,39,17,19,12,22,11,19,7,21,18,18,17,16,15,12,11,9,56,2,12,28,23,72,12,14,12,23,21,17,53,9,9,16,12,13,18,17,21,6,5,6,4,8,35,7,6,23,29,42,10,65,80,65,131,46,31,92,90,34,162,,43,23,46,4,24,3,23,30,66,30,78,9,30,26,42,69,43,41,17,24,41,63,38,5,,149,24,28,116,80,128
20150109,13,NO2,18,20,139,46,57,122,117,9,10,11,18,51,164,38,33,97,41,56,75,93,87,79,117,62,60,61,61,53,74,44,32,28,49,58,81,41,57,60,92,28,51,49,53,43,33,38,15,31,118,100,59,87,60,32,22,30,34,28,54,21,20,23,26,14,45,69,34,29,11,56,91,69,30,95,67,57,54,22,41,30,25,121,145,41,120,54,128,108,86,91,83,142,79,80,92,20,21,19,12,35,27,21,31,24,18,24,102,22,49,47,31,19,53,88,145,26,37,14,27,16,48,59,44,48,122,43,46,55,64,48,98,47,23,32,32,19,24,10,52,36,30,33,34,62,32,34,27,65,55,62,35,62,14,19,32,46,36,110,75,60,72,95,97,49,83,104,129,59,62,34,61,55,83,82,64,39,96,53,47,66,122,41,40,55,43,18,22,44,19,33,28,42,43,22,43,20,9,15,16,24,8,4,6,26,69,66,32,61,58,23,10,5,10,7,16,44,21,25,14,110,23,52,24,55,54,102,28,18,25,56,41,72,21,12,22,25,10,13,4,21,44,41,40,16,33,55,29,23,63,46,92,49,48,58,72,17,89,20,82,66,38,57,44,63,45,49,35,23,26,37,30,53,39,14,13,17,19,16,21,20,16,19,17,49,38,34,27,30,32,25,18,33,26,8,12,17,22,15,16,21,16,18,16,34,25,22,16,13,21,17,12,21,34,6,21,7,4,8,21,18,9,48,44,32,20,24,53,22,36,47,32,25,41,23,157,,44,7,14,6,14,5,2,24,23,14,49,11,81,25,42,66,29,56,29,23,120,102,15,6,,36,25,19,69,15,30
20150109,13,NO2_24h,87,120,126,114,84,129,136,14,50,64,92,117,137,39,47,90,63,58,104,102,100,101,77,73,66,62,64,70,86,59,43,50,57,67,87,78,77,85,106,47,54,64,41,44,44,35,19,46,103,85,76,106,62,48,44,57,47,40,66,48,29,39,34,8,40,46,27,26,12,49,60,40,43,93,62,61,47,25,71,63,28,97,115,92,92,92,105,88,63,88,80,95,96,55,105,37,27,23,26,35,27,37,44,33,41,20,92,29,73,37,48,32,70,55,92,59,45,34,32,36,42,66,53,50,100,78,38,67,66,47,70,39,35,32,28,22,25,14,40,39,39,35,31,50,27,31,25,40,57,57,30,46,19,72,36,43,37,85,65,55,81,85,61,36,72,64,77,38,46,26,74,81,72,99,73,48,97,75,70,69,56,57,43,55,52,38,40,44,40,26,36,39,34,53,34,39,35,40,41,43,31,6,17,44,45,64,63,68,60,44,35,20,8,17,25,22,22,30,25,127,27,62,24,66,63,60,29,26,34,56,41,54,37,31,22,30,10,28,6,35,33,45,37,32,43,38,36,35,128,83,111,78,45,37,76,19,74,28,80,53,45,71,43,45,41,46,37,33,35,43,34,51,33,16,15,24,20,24,23,19,16,28,22,31,33,33,34,30,22,35,17,31,27,8,10,23,24,17,36,27,18,28,17,20,19,16,20,18,9,15,18,19,28,4,30,7,5,11,30,12,9,36,68,23,33,33,63,39,38,62,50,28,35,47,133,,45,10,20,11,12,7,8,22,30,45,68,26,79,22,68,54,19,61,34,19,65,81,22,5,,57,36,36,59,35,39
20150109,13,O3,60,52,32,49,26,17,21,56,66,33,49,49,16,20,38,18,41,45,27,55,38,54,43,63,52,84,59,75,74,63,61,120,56,67,71,95,68,60,55,93,83,93,69,89,45,91,74,58,12,33,45,51,50,75,105,96,69,68,105,113,98,87,61,75,6,17,17,21,89,20,33,24,41,13,35,32,35,59,50,34,93,17,40,51,31,49,13,55,21,28,37,7,32,27,34,103,115,127,121,60,100,110,82,164,80,29,52,49,66,33,47,36,37,18,11,44,60,54,57,57,25,38,54,33,19,47,52,59,21,21,57,60,17,42,95,110,74,110,13,23,19,22,50,22,24,14,17,59,79,37,32,17,79,88,42,44,56,20,18,17,41,34,17,22,18,10,16,40,29,35,63,81,75,64,66,75,42,56,83,73,39,93,43,75,39,27,88,31,87,27,66,24,51,67,27,80,71,41,59,57,70,41,88,34,30,30,43,37,29,49,58,64,35,57,45,40,50,68,67,59,55,45,55,42,63,42,31,34,76,104,47,40,59,50,83,66,65,83,89,70,29,48,64,91,77,38,99,88,41,38,36,53,58,28,43,92,34,42,62,38,51,76,80,34,11,38,44,86,90,82,42,32,11,86,72,78,56,99,18,80,52,54,55,26,29,19,10,27,43,28,19,9,35,70,33,50,32,56,51,53,23,51,46,30,64,48,69,50,21,22,39,41,6,68,36,80,32,88,60,61,77,27,42,18,46,30,49,55,46,54,43,65,34,50,51,,48,102,79,99,92,12,123,5,53,56,28,26,29,19,17,24,32,25,123,79,18,17,40,50,,33,86,118,18,32,31
20150109,13,O3_24h,60,52,32,49,26,17,37,71,67,33,49,49,16,33,52,34,48,60,30,73,66,59,86,64,81,92,71,83,79,66,68,120,64,76,86,96,68,65,70,98,83,99,106,106,64,104,85,76,40,59,72,103,75,110,118,124,112,86,128,142,116,130,86,99,14,51,60,58,97,46,53,58,68,29,65,89,54,72,54,41,116,23,59,73,33,49,26,77,49,37,91,24,45,63,35,105,134,138,144,109,127,129,113,175,116,29,54,68,66,44,61,36,48,49,24,49,66,58,79,59,57,48,73,57,22,47,75,102,46,43,98,106,27,57,101,112,99,110,40,43,37,62,71,59,39,59,70,96,95,70,58,49,84,94,83,83,73,20,33,52,55,63,58,55,55,43,29,65,48,58,66,81,85,81,75,97,63,56,83,77,77,93,91,82,44,27,108,52,108,39,101,44,80,68,46,95,71,54,123,72,70,49,93,39,56,53,68,39,40,49,58,65,39,61,46,66,61,70,67,60,57,66,80,81,87,88,39,70,105,126,68,67,100,69,91,79,95,97,91,85,58,78,93,95,99,90,115,91,43,38,43,56,97,68,62,120,62,63,96,102,106,113,94,95,17,99,98,142,92,89,75,95,60,80,79,93,61,142,34,80,59,77,74,98,49,56,30,37,57,58,35,21,55,76,45,79,33,58,58,57,43,54,72,78,65,73,99,60,48,33,77,68,77,68,44,93,40,91,77,89,89,53,69,39,80,34,88,75,84,78,45,79,85,89,74,,82,110,88,109,108,28,129,11,61,59,49,37,35,20,60,63,62,63,143,93,72,41,90,89,,41,115,152,47,32,46
20150109,13,O3_8h,36,20,15,19,7,6,16,40,39,18,15,14,7,11,22,12,20,30,12,25,10,18,18,24,19,31,23,25,31,24,26,48,18,27,23,31,22,17,12,34,35,27,29,34,25,53,63,27,8,19,31,19,28,51,64,58,39,29,41,66,66,50,43,76,5,10,18,39,76,11,12,13,23,10,22,15,26,37,20,15,75,5,14,15,10,23,8,24,10,16,14,5,10,15,13,55,76,70,67,24,57,54,67,68,43,20,18,30,30,24,30,18,16,13,7,19,38,36,35,35,34,21,32,21,8,16,40,30,9,13,35,30,9,24,89,70,65,99,5,10,14,13,48,15,20,21,11,13,62,15,18,8,65,45,20,41,57,9,12,7,18,17,7,11,11,5,6,23,10,11,21,20,40,22,20,26,19,12,33,44,15,148,57,19,15,13,38,14,45,12,32,11,38,38,21,32,36,24,32,26,53,33,65,14,25,18,22,26,20,20,36,38,28,41,32,30,43,47,52,33,50,32,43,15,49,49,20,33,51,83,33,24,46,46,67,20,38,49,45,25,15,18,22,42,42,18,38,30,19,12,11,18,25,12,14,68,9,28,25,13,22,20,36,9,5,15,32,46,36,49,28,32,4,51,49,43,39,60,16,56,41,40,40,15,20,7,4,7,35,28,22,4,17,51,30,42,26,38,21,33,30,34,42,29,58,36,62,51,23,26,23,36,4,66,38,69,29,69,39,46,58,11,15,7,25,11,19,22,24,25,19,46,15,16,12,,18,76,51,64,62,8,111,4,38,24,13,13,23,19,17,24,33,11,111,72,23,9,44,58,,16,52,56,8,18,13
20150109,13,O3_8h_24h,36,20,16,20,10,10,25,54,41,18,25,20,9,25,39,27,37,47,22,56,41,46,74,39,52,69,53,62,61,53,46,80,37,57,65,69,42,52,57,79,66,65,78,94,45,97,71,55,27,47,45,46,61,94,98,104,94,68,86,120,102,111,74,90,10,34,55,48,91,27,36,44,58,17,50,67,42,62,35,29,90,15,30,36,23,25,18,50,34,33,45,16,28,57,21,97,117,119,126,91,112,114,100,145,94,22,40,55,35,33,55,26,36,39,18,33,53,42,66,46,46,32,57,48,13,19,58,75,33,33,76,89,24,44,93,100,88,99,23,33,24,38,62,34,27,50,52,36,79,47,42,30,71,63,39,60,64,17,24,34,43,48,48,42,46,29,25,58,41,48,56,54,67,70,61,57,53,36,61,53,67,157,70,56,27,25,92,40,83,34,77,29,65,45,31,84,46,41,80,64,53,43,87,29,44,40,48,33,34,34,38,62,38,59,41,59,51,53,57,52,50,53,66,60,73,68,36,44,81,102,51,52,61,60,82,69,83,88,80,64,43,64,62,89,80,80,93,71,20,18,28,39,75,50,41,98,41,44,63,79,75,72,82,71,11,66,81,117,68,76,58,80,42,67,72,81,55,106,26,79,53,62,70,75,35,42,26,29,39,49,29,13,45,69,39,66,27,51,36,44,35,49,65,69,58,66,66,54,41,27,51,61,59,66,40,84,36,87,70,83,84,40,44,32,52,28,56,57,64,58,36,70,58,64,41,,59,108,76,100,105,15,121,9,50,50,35,32,30,19,41,52,51,50,129,88,52,28,73,68,,24,102,119,34,19,42
20150109,13,CO,0.4,0.695,4.322,1.811,1.74,3.002,5.292,0.932,0.975,0.326,1.068,1.751,6.958,2.8,1.969,3.796,1.128,1.253,1.035,1.774,2.047,1.582,2.559,2.124,2.074,1.649,1.952,1.951,1.343,1.448,1.566,1.237,1.606,1.324,1.361,1.118,0.86,1.496,1.442,0.837,1.395,1.288,1.622,0.979,0.983,0.824,0.655,1.138,2.679,2.378,1.456,1.556,1.428,1.199,1.314,1.415,1.146,1.443,1.12,0.988,1.108,1.044,1.129,0.996,1.118,1.415,1.233,1.165,0.886,2.686,4.036,3.435,1.181,3.126,1.572,1.316,2.875,0.665,1.546,1.812,0.712,3.644,3.232,1.609,3.747,3.012,4.157,1.963,2.757,2.434,2.139,3.642,1.863,1.908,3.06,0.94,0.7,1.547,0.931,1.095,1.229,1.143,1.291,1.267,1.248,1.942,2.221,2.229,3.006,4.22,0.997,0.536,2.081,3.559,6.877,0.963,1.079,0.67,0.687,0.671,2.57,2.11,1.45,1.881,4.309,1.097,2.069,1.011,1.812,1.415,2.588,2.041,1.414,2.827,0.96,1.74,1.12,0.663,0.935,0.894,1.365,0.549,1.328,1.103,1.225,0.781,2.094,1.416,1.739,4.75,1.872,2.024,0.914,0.364,1.526,1.67,1.347,3.277,4.172,2.51,2.05,2.233,2.569,2.251,3.748,2.729,3.113,1.319,2.335,1.781,1.193,2.237,1.904,1.995,2.176,1.342,1.314,1.824,1.803,0.736,,0.988,1.281,1.58,2.208,0.397,0.689,2.593,0.811,2.868,0.979,2.3,4.506,1.478,4.271,0.771,0.352,0.599,1.012,0.79,0.342,0.138,1.584,1.499,1.797,1.418,0.979,1.421,2.168,0.489,0.457,0.428,1.188,1.367,0.587,0.9,0.643,0.946,0.3,2.19,0.261,1.424,1.136,1.887,2.259,3.608,0.691,1.065,0.946,1.29,0.753,1.328,0.873,2.112,0.701,0.756,1.642,1.096,0.798,0.84,1.287,1.651,1.185,1.405,0.845,1.232,1.073,1.04,2.207,1.321,4.077,0.914,1.576,2.494,1.303,0.686,3.528,0.393,3.16,2.1,2.548,2.445,1.893,3.592,0.735,1.411,1.901,1.947,2.725,1.433,1.151,2.04,0.526,1.423,1.575,1.435,1.569,1.167,1.107,1.313,0.862,0.844,0.904,0.979,0.865,0.796,1.107,0.646,1.204,1.317,1.034,1.433,0.906,0.47,0.34,0.62,1.119,1.146,1.712,1.15,1.108,0.718,0.752,0.95,0.894,1.409,1.63,0.439,2.315,1.229,0.681,1.063,0.945,1.471,1.167,0.328,0.744,1.471,2.005,0.92,0.38,3.024,2.121,2.098,2.886,1.903,0.967,0.864,1.025,3.972,0.871,2.932,1.843,1.269,2.459,,2.494,1.348,0.285,0.481,0.645,2.394,0.332,1.466,0.736,0.535,2.641,1.165,3.35,0.883,1.254,4.558,1.962,3.669,1.082,2.033,5.568,5.976,2.223,0.562,,1.452,0.879,0.971,4.338,1.465,1.657
20150109,13,CO_24h,2.533,4.95,4.991,3.546,3.187,3.965,8.233,1.08,2.403,2.383,4.161,4.337,7.709,3.015,2.648,2.718,1.421,1.303,1.791,1.64,2.046,1.859,1.823,2.128,2.73,1.804,2.123,2.406,1.685,1.511,1.682,1.719,1.725,1.486,1.464,1.421,1.282,1.604,1.63,1.166,1.409,1.401,1.485,0.922,1.169,0.688,0.688,1.075,2.502,1.939,1.717,2.149,1.354,1.244,1.366,1.451,1.24,1.537,1.57,1.116,1.193,1.245,1.138,1.295,1.259,1.191,0.912,1.088,0.806,2.471,3.058,1.976,1.283,3.581,1.433,1.34,1.669,0.681,3.216,3.017,0.752,2.817,4.147,3.335,2.825,3.533,3.751,2.182,2.123,2.964,2.692,3.154,2.966,1.264,2.806,1.114,0.828,1.885,1.229,1.15,1.374,1.358,1.348,1.463,1.557,1.659,2.507,2.62,4.893,4.482,1.288,1.057,2.704,2.222,3.671,2.184,1.413,1.158,0.967,1.24,1.848,2.367,1.358,2.054,4.402,1.956,1.766,1.455,2.144,1.829,1.923,2.346,1.619,3.083,0.986,1.743,1.216,0.919,1.031,0.858,1.854,0.515,1.122,0.942,0.959,0.695,1.865,1.432,1.83,4.838,1.816,1.392,1.089,0.768,1.356,2.036,0.864,3.561,3.266,3.227,2.423,2.107,2.803,1.681,3.659,2.67,3.238,1.252,2.688,2.289,1.304,2.489,1.303,1.967,1.948,1.463,1.676,1.995,1.783,0.669,1.458,1.236,1.545,1.62,2.21,1.079,1.004,2.701,0.771,2.619,1.389,2.704,4.354,2.517,3.857,1.123,1.007,1.608,1.518,1.158,1.061,0.3,1.765,2.347,1.221,1.276,1.668,3.101,2.517,1.031,0.991,0.601,0.922,1.62,0.81,0.421,0.994,0.526,0.624,1.62,0.748,1.45,1.046,1.716,2.135,2.728,0.802,1.534,1.024,1.409,0.89,1.469,0.962,2.317,0.672,1.093,1.4,1.44,0.845,1.042,1.456,1.573,1.026,1.726,1.09,0.995,1.283,0.981,2.372,3.783,2.836,1.45,1.59,2.721,1.866,0.958,3.096,0.508,3.181,1.858,2.662,2.651,2.224,3.48,0.992,1.581,1.591,2.055,4.007,1.335,0.957,1.544,0.548,1.466,1.588,1.478,1.556,1.296,1.146,1.149,1.067,1.007,1.051,0.833,0.922,0.666,1.089,0.696,1.042,1.502,0.937,1.303,0.874,0.43,0.332,0.639,1.041,1.256,2.006,1.335,1.081,0.873,0.785,0.831,0.704,1.333,1.605,0.455,0.854,1.101,0.782,0.819,0.77,5.791,1.299,0.198,0.725,1.419,1.75,0.714,0.36,2.28,2.7,1.974,2.935,2.068,1.365,1.864,1.227,6.194,1.232,3.181,2.077,1.226,2.391,,2.054,1.385,0.39,0.16,0.425,1.205,0.732,1.41,0.687,1.313,4.073,2.169,3.223,0.782,1.944,3.638,1.468,4.845,2.197,1.933,2.765,3.881,2.31,0.418,,2.778,0.98,1.142,3.701,2.373,1.987
20150109,14,AQI,21,33,248,68,101,282,412,27,38,44,52,107,450,73,84,221,67,139,158,218,154,181,261,275,185,126,192,175,137,157,170,161,167,125,164,77,127,149,149,110,122,89,111,100,113,85,61,93,308,256,105,238,193,74,94,91,69,96,98,78,64,59,99,78,130,121,76,18,39,127,167,72,79,182,185,208,101,46,54,86,61,294,324,100,398,148,350,320,253,293,275,389,211,218,235,56,64,67,76,76,80,74,60,78,63,17,272,72,127,177,57,67,128,200,154,28,80,32,54,59,120,146,116,95,330,86,76,90,107,161,340,147,117,105,135,94,89,52,82,60,36,93,142,154,153,38,49,135,98,73,65,128,84,57,123,80,97,397,213,231,252,212,283,291,229,236,322,182,175,167,167,149,192,232,191,124,189,113,120,128,258,99,88,132,122,63,88,128,69,105,98,122,237,57,111,51,31,45,50,53,29,36,35,60,143,144,146,119,133,72,49,23,36,36,59,69,61,111,28,232,26,142,105,200,188,138,85,96,98,132,77,109,82,86,74,69,80,48,66,91,160,98,116,66,88,86,67,88,87,89,209,96,104,233,144,113,243,69,235,293,290,208,158,238,157,205,171,185,114,130,137,178,94,100,97,106,100,83,62,115,54,75,78,72,116,142,92,106,133,122,64,132,127,30,21,23,67,32,46,35,29,33,23,110,80,43,55,26,67,53,31,49,125,34,28,45,32,36,82,83,67,179,66,164,68,90,109,65,65,78,98,80,81,47,355,,79,49,42,37,59,330,63,110,93,48,186,131,191,124,76,332,177,86,63,36,299,282,86,29,,86,74,77,119,34,64
20150109,14,PM2.5,12,17,197,31,62,231,310,10,11,11,20,63,383,50,50,170,48,106,120,167,117,136,210,224,139,78,144,132,104,119,128,122,126,94,124,56,96,114,114,82,92,66,83,75,84,62,43,69,257,205,66,187,145,53,70,67,49,71,73,57,39,33,74,57,98,91,55,11,19,94,126,52,45,137,139,157,64,19,37,63,43,243,273,75,347,113,299,252,202,242,224,274,160,167,184,39,44,42,55,55,58,53,38,56,44,8,221,37,96,133,31,43,97,150,117,16,58,17,34,41,90,111,87,69,279,51,47,58,59,122,289,112,88,78,102,70,66,21,60,42,14,69,108,117,116,26,34,102,63,33,28,97,24,15,74,50,72,346,162,180,201,161,232,240,178,185,271,137,132,126,126,114,144,181,143,93,142,84,90,97,207,74,56,100,92,44,65,97,49,78,57,92,186,27,83,29,12,23,14,28,7,7,18,12,109,110,111,89,101,52,26,6,9,25,41,34,43,83,7,181,8,108,78,150,141,105,62,71,73,100,56,81,60,63,53,49,51,29,43,67,121,73,87,47,65,63,46,65,64,63,158,71,77,182,110,84,192,49,184,242,239,157,120,187,119,154,129,139,85,98,104,134,70,75,72,79,75,61,40,86,37,54,57,50,87,108,68,79,101,92,43,100,96,21,9,15,48,17,24,24,20,23,11,82,58,16,38,4,48,36,19,34,94,7,7,19,10,13,60,61,48,135,29,124,29,66,81,17,46,54,73,43,59,28,304,,38,16,13,9,41,279,20,82,69,20,140,61,143,93,36,194,105,47,21,9,248,163,45,8,,37,53,56,80,11,45
20150109,14,PM2.5_24h,111,208,208,183,117,187,451,23,55,156,166,271,281,64,57,200,85,90,198,115,123,136,151,227,160,106,139,152,112,140,125,150,130,107,135,97,113,122,143,99,73,90,63,77,98,50,40,62,175,120,95,179,143,54,69,70,51,64,68,60,44,38,64,45,82,80,50,15,16,61,80,47,50,160,121,130,54,21,91,110,40,244,276,230,225,162,220,243,105,173,186,225,194,83,168,48,43,64,72,53,60,57,45,71,28,14,221,39,94,109,36,46,101,104,104,77,80,43,46,99,88,122,65,62,220,141,41,107,64,245,179,87,99,98,91,63,74,28,50,63,29,68,71,68,74,50,25,67,67,52,34,59,29,25,73,57,88,211,105,138,156,106,172,130,115,125,154,86,121,121,115,110,111,166,129,123,147,99,104,105,126,98,98,109,105,73,89,114,51,101,51,70,124,74,104,44,64,76,78,36,53,10,30,79,84,62,109,106,100,58,90,29,10,61,68,24,35,77,29,153,23,85,62,155,111,72,54,107,66,92,65,84,63,82,49,43,57,39,42,67,102,65,68,52,63,50,42,54,92,140,303,104,89,117,136,103,154,42,146,176,180,131,107,136,112,128,128,114,79,102,95,102,64,61,62,73,68,58,37,75,43,73,56,23,60,94,51,70,65,110,39,64,57,21,12,25,60,27,45,19,23,42,20,50,32,15,45,8,26,33,34,34,48,11,17,15,32,23,58,25,12,124,53,69,32,84,74,66,57,67,55,57,63,53,231,,44,20,46,26,39,45,36,71,63,51,190,78,149,88,49,163,89,60,28,12,93,116,58,21,,82,58,61,121,145,55
20150109,14,PM10,18,32,305,84,150,390,511,26,37,43,51,162,549,94,116,248,77,147,165,219,206,194,317,264,280,200,222,197,165,185,211,175,217,122,178,86,156,129,152,117,154,121,144,118,88,97,66,110,397,338,158,207,172,65,107,100,74,108,93,76,75,65,100,86,135,136,48,16,33,201,173,84,106,252,214,195,150,45,55,95,65,331,438,111,427,143,446,435,254,395,371,490,265,247,255,60,75,81,82,77,92,74,68,104,49,16,343,92,130,179,62,82,142,255,203,27,82,31,55,55,141,137,135,137,430,119,100,128,161,178,409,209,115,112,124,98,84,36,92,57,35,97,158,163,159,36,37,182,143,93,77,184,59,62,193,108,123,478,351,292,282,220,304,291,174,318,360,210,189,177,190,154,218,298,190,99,239,134,133,157,306,136,123,150,149,49,90,196,72,128,143,160,303,62,123,50,30,44,49,53,12,35,34,67,181,152,137,130,155,88,48,14,35,34,53,85,65,113,19,201,16,134,128,154,183,146,57,125,96,138,85,111,91,94,78,65,108,47,80,107,187,136,123,62,108,102,81,95,105,125,164,111,136,280,188,111,290,77,262,349,347,236,179,269,158,194,166,230,144,132,123,200,110,98,91,104,91,75,72,120,40,80,74,91,133,125,81,113,182,120,75,152,129,25,20,22,67,24,45,29,20,27,20,76,51,42,,2,62,24,30,,174,16,27,44,31,14,37,93,35,182,80,128,83,128,141,77,70,104,103,108,95,46,260,,105,48,41,23,53,,51,163,105,47,209,210,238,118,99,444,301,119,54,13,292,406,119,12,,120,76,83,186,33,65
20150109,14,PM10_24h,139,318,323,264,217,336,635,59,105,218,265,440,423,119,137,277,124,125,245,155,215,181,206,268,266,246,203,217,192,207,214,197,229,151,192,147,174,145,195,153,122,146,108,111,127,80,61,94,313,200,212,207,147,73,88,98,78,98,94,82,77,73,94,67,113,124,63,28,26,153,130,77,100,218,174,202,132,71,115,145,65,302,413,317,302,214,385,380,139,268,318,389,297,130,229,64,76,83,100,76,84,95,69,100,56,19,335,104,131,155,83,88,146,157,150,113,110,57,72,116,132,169,126,147,333,231,85,172,148,325,255,175,124,131,105,86,91,40,79,74,60,98,107,99,96,75,37,183,140,132,68,116,65,83,187,105,134,297,244,223,226,151,215,165,128,194,196,128,149,163,167,147,156,257,159,145,216,135,144,183,170,150,190,172,145,90,124,164,74,164,119,126,213,117,115,98,104,113,164,77,76,34,52,173,110,92,137,185,136,102,131,33,29,81,101,52,50,103,48,183,47,129,99,174,151,110,80,195,85,131,114,108,100,120,76,60,65,69,67,113,148,118,95,67,102,72,67,80,161,246,309,158,130,183,199,138,231,64,224,259,262,194,166,206,141,176,173,186,141,133,147,159,95,86,85,102,82,75,87,101,63,81,72,58,94,113,66,99,101,131,59,113,90,26,19,40,88,44,70,24,35,56,33,70,47,30,68,14,37,38,51,34,106,23,37,40,92,81,53,33,23,144,115,92,86,217,126,117,95,116,90,114,110,90,301,,116,32,77,39,60,55,44,124,105,92,266,254,238,109,133,312,319,121,50,20,129,229,143,35,,209,85,86,144,207,82
20150109,14,SO2,9,22,147,33,37,158,146,31,11,12,17,54,235,165,72,252,45,106,177,67,51,66,104,102,79,55,85,66,89,67,66,54,59,47,60,25,90,76,69,30,43,43,49,36,31,16,11,43,176,192,90,52,42,19,14,18,19,36,33,27,17,24,24,15,25,20,37,6,6,72,89,52,186,107,51,44,120,42,158,48,12,268,151,47,133,43,185,131,93,243,119,167,129,69,71,34,14,18,17,18,24,16,34,20,41,5,166,56,19,170,34,69,163,240,184,59,64,39,38,23,23,79,57,94,212,59,123,122,220,45,105,52,36,39,47,19,36,2,19,21,33,67,39,23,19,21,20,46,53,77,18,108,385,12,191,61,40,161,159,217,178,269,199,187,30,133,172,78,89,128,50,70,20,103,75,47,78,50,47,55,101,39,28,41,46,40,19,87,30,86,127,157,125,33,171,43,14,18,10,17,12,29,4,29,234,144,90,211,84,16,32,18,34,4,20,17,13,34,30,43,27,46,38,55,57,40,8,15,52,50,16,53,28,32,13,29,39,20,18,20,70,93,96,49,59,124,38,53,162,107,190,84,48,49,156,85,148,25,70,69,32,71,53,32,31,44,72,95,38,33,32,38,124,29,17,34,19,17,8,24,6,12,10,31,45,27,34,23,24,18,10,8,47,2,11,21,36,95,7,17,10,14,15,8,91,12,8,17,16,28,12,7,20,12,9,6,5,7,45,3,7,54,20,48,16,5,40,58,56,49,13,44,64,19,20,,47,22,27,6,21,2,51,62,135,13,46,6,25,27,50,61,37,36,34,17,31,59,37,3,,69,20,25,203,16,72
20150109,14,SO2_24h,42,121,218,106,101,125,259,43,49,43,159,175,277,201,75,304,87,104,227,51,52,50,103,81,70,53,68,60,50,60,51,62,53,31,50,35,59,40,79,31,25,38,27,25,25,11,12,36,134,98,127,40,39,22,14,18,20,27,31,30,18,25,23,10,19,13,26,9,6,44,45,42,120,85,40,36,60,26,144,84,13,197,114,107,99,226,257,95,82,232,140,120,101,76,200,32,16,19,29,13,17,23,38,17,28,6,115,66,135,194,103,108,147,94,172,139,53,56,38,39,30,57,56,93,170,95,102,102,91,64,82,37,46,18,37,18,41,2,20,19,47,35,19,20,21,13,18,36,41,81,22,41,193,31,192,11,22,221,163,187,104,119,104,111,109,86,110,49,50,77,38,61,9,77,63,40,74,43,41,44,56,31,23,35,29,134,19,44,33,105,146,164,91,61,141,34,46,31,86,37,27,27,15,150,82,102,86,192,58,31,65,47,23,7,28,9,13,25,52,49,34,37,31,32,69,23,8,13,40,52,20,33,24,29,13,29,27,36,11,18,36,57,55,65,65,55,45,91,145,151,108,82,32,25,75,40,71,30,58,58,36,36,22,23,21,53,71,77,48,63,59,39,101,35,17,40,17,19,15,22,11,18,7,22,19,19,17,16,15,12,11,9,56,2,11,26,23,74,12,14,11,23,21,17,55,9,9,16,12,14,18,16,21,6,7,6,4,8,36,7,6,24,29,42,9,65,56,63,128,46,29,93,91,34,159,,43,23,46,4,25,3,23,32,64,30,78,9,29,26,42,68,44,41,17,24,39,62,38,5,,146,24,29,122,89,129
20150109,14,NO2,17,22,109,37,47,123,100,9,9,9,19,49,160,36,28,91,37,55,75,99,49,74,95,49,55,65,62,46,79,47,24,26,35,59,79,36,64,60,68,30,61,34,47,40,25,39,17,31,114,109,51,86,55,32,20,27,36,27,64,27,18,22,25,13,45,69,37,28,9,76,91,44,31,90,60,67,39,19,41,28,24,99,116,41,106,34,105,93,94,108,104,125,89,85,67,19,21,16,11,32,27,21,30,23,18,11,74,23,31,47,25,18,57,93,118,24,31,15,30,15,42,44,42,57,130,37,55,50,60,53,96,44,17,37,37,19,23,9,38,28,27,27,33,60,33,40,28,58,55,42,26,57,35,16,34,41,41,79,80,58,74,94,89,49,80,100,133,69,72,30,60,50,66,79,65,29,89,41,42,60,96,40,31,35,29,16,18,40,19,21,22,33,37,17,43,18,11,17,13,6,7,4,6,11,80,71,35,71,56,21,9,6,11,7,18,46,20,28,15,111,22,51,21,53,33,53,23,15,24,46,16,64,20,13,22,24,8,17,4,16,45,38,36,14,27,48,26,20,89,50,101,49,37,51,56,14,93,15,79,46,34,52,40,36,42,37,23,22,18,37,20,48,42,15,13,18,17,14,32,20,15,18,13,45,33,33,29,20,33,24,15,38,19,6,5,19,25,14,14,21,19,27,14,16,21,21,17,14,17,17,11,22,29,52,2,3,5,7,15,5,7,50,33,29,29,19,42,16,21,50,24,21,19,22,76,,26,6,12,2,10,6,6,24,21,9,44,9,69,24,36,67,10,41,18,11,92,107,15,6,,26,25,22,55,8,28
20150109,14,NO2_24h,83,116,126,112,82,130,135,14,48,62,90,115,138,39,46,91,63,59,104,104,96,101,79,73,68,64,65,71,87,59,43,50,56,68,88,78,76,86,106,48,55,65,43,44,44,36,19,47,101,88,76,105,62,48,44,57,48,41,67,48,30,39,34,8,40,47,28,26,12,50,60,40,43,93,58,63,47,27,71,63,28,98,116,92,93,90,106,89,66,89,83,97,97,58,104,37,27,23,26,36,30,37,44,37,41,19,92,30,71,36,48,31,70,58,93,59,45,33,33,36,42,65,53,51,101,75,39,68,66,48,72,40,34,32,29,22,25,14,40,38,38,35,31,51,27,31,25,41,58,57,30,46,20,72,35,43,37,85,67,57,84,87,63,38,74,67,81,41,48,27,74,82,73,101,74,47,100,75,71,69,59,57,43,56,51,37,40,45,41,27,37,39,35,52,35,40,35,40,41,42,30,6,17,44,48,66,63,67,60,44,35,20,8,17,25,23,22,30,25,128,27,63,24,66,64,61,29,26,34,57,34,55,37,31,22,30,10,28,6,36,34,46,38,32,44,38,36,36,124,82,112,77,46,38,76,20,75,26,81,54,45,72,43,46,41,47,36,33,35,43,34,52,33,16,15,24,20,24,37,19,16,28,22,32,33,33,34,29,22,34,17,30,27,8,10,22,24,17,35,26,17,28,16,20,19,16,19,18,10,15,18,19,28,13,37,7,5,11,30,12,9,37,67,23,33,33,52,38,37,63,49,29,35,47,132,,46,10,20,11,12,7,8,22,29,45,67,25,79,22,68,54,18,60,34,19,68,83,21,5,,57,36,37,60,36,40
20150109,14,O3,63,53,43,59,34,23,32,61,70,36,53,56,23,23,43,20,44,49,33,66,74,62,70,85,66,97,69,92,72,68,78,132,67,76,80,104,73,67,84,99,86,113,86,108,57,102,77,61,17,35,52,56,59,85,119,111,72,79,87,121,109,98,60,75,9,24,18,16,94,19,41,50,44,20,40,33,46,63,61,38,101,21,53,52,33,57,21,71,18,36,34,11,26,26,45,109,123,131,135,73,120,118,89,169,86,42,64,50,91,36,51,38,36,19,15,48,63,54,54,59,37,54,60,35,22,56,51,73,28,23,63,68,22,37,88,125,78,111,27,36,22,35,63,32,22,9,22,29,83,58,46,26,75,92,51,48,57,39,20,25,43,42,25,24,18,11,11,39,29,48,73,102,96,78,75,113,49,77,98,88,65,96,51,95,55,29,100,38,97,45,79,32,63,78,29,83,71,44,76,79,72,46,86,45,29,32,47,31,30,49,61,65,32,59,46,42,49,63,68,66,55,49,65,56,89,58,36,42,77,106,42,46,54,52,87,76,83,81,101,80,31,57,80,93,86,48,104,97,36,42,47,59,74,47,55,104,38,63,68,60,60,88,85,60,17,59,48,97,101,79,54,39,17,68,74,86,67,104,30,88,53,58,57,40,40,34,17,44,46,33,21,14,54,77,43,55,33,58,64,57,21,44,54,44,73,57,66,48,24,25,39,41,15,69,42,85,34,92,67,73,86,36,55,31,51,35,79,64,65,56,54,75,54,62,83,,69,104,85,102,99,11,130,6,58,67,38,30,37,19,33,33,45,39,127,83,28,18,59,50,,36,96,141,26,41,34
20150109,14,O3_24h,64,54,45,59,34,23,45,71,70,36,53,56,23,34,52,32,50,58,34,75,76,63,87,85,83,98,73,93,79,69,79,132,70,82,86,104,75,67,84,100,87,113,102,112,65,105,85,76,39,57,72,98,75,110,123,124,112,86,131,142,121,130,85,99,15,51,59,57,97,46,51,69,68,32,60,89,54,72,61,39,120,24,60,74,34,57,29,78,40,38,91,24,38,61,45,109,133,140,144,109,133,129,113,169,116,42,64,67,91,44,64,38,43,44,24,50,66,57,77,62,57,56,73,57,23,56,75,102,46,41,98,106,27,57,100,125,98,111,40,43,37,62,70,59,39,59,70,96,94,69,57,49,84,94,83,83,73,39,32,49,55,63,57,53,55,36,29,64,48,57,73,102,96,82,75,113,60,77,98,88,77,96,91,95,55,29,108,52,108,45,101,44,80,78,46,95,71,49,123,79,72,49,93,45,53,51,68,37,37,51,61,65,39,61,47,67,61,70,68,66,56,66,81,81,95,88,39,70,104,126,66,66,100,69,94,80,95,97,101,85,59,78,93,96,98,90,115,99,44,43,47,59,97,68,62,120,62,71,96,101,106,113,94,95,17,99,98,142,101,88,75,95,59,80,79,93,67,142,59,88,59,77,69,98,49,55,30,44,60,51,35,21,57,78,43,78,34,59,64,59,43,54,70,76,73,72,99,60,48,33,77,68,77,47,46,93,40,92,74,89,89,53,72,40,80,35,93,75,84,78,54,81,85,89,91,,82,110,88,109,108,28,130,11,61,61,49,37,38,20,60,63,62,63,143,93,72,41,90,89,,39,115,160,43,41,46
20150109,14,O3_8h,41,26,19,26,12,9,18,43,44,22,22,21,10,13,24,13,24,33,16,31,26,25,26,33,27,42,30,36,38,31,34,61,25,35,33,44,31,25,22,45,44,41,38,45,30,60,64,33,10,22,35,25,32,55,73,67,46,38,51,75,73,58,46,74,5,12,15,34,77,12,16,18,26,11,26,17,28,37,26,19,78,8,20,21,14,28,10,32,12,19,18,6,13,18,18,64,84,80,79,32,67,66,70,82,51,22,26,33,39,26,34,20,20,15,8,24,42,39,38,38,34,26,36,23,10,23,40,37,13,14,36,36,11,26,88,77,66,101,8,13,14,16,49,18,21,17,11,16,65,21,22,11,68,50,25,42,57,13,13,10,22,21,9,14,13,6,7,24,13,17,29,32,50,31,29,40,23,21,43,51,22,155,56,30,20,16,47,17,53,16,39,14,42,44,22,37,44,28,40,33,56,35,68,20,25,20,26,27,22,25,40,44,29,44,34,32,44,52,54,39,50,34,46,21,55,50,23,35,55,89,23,27,48,45,70,29,45,55,52,34,15,25,30,52,50,22,49,41,22,17,17,25,31,17,21,74,13,33,33,20,29,31,45,15,6,21,33,53,47,55,32,33,6,42,53,49,43,67,28,61,42,42,44,18,22,11,6,12,36,29,22,5,22,54,31,44,27,41,28,36,28,35,44,30,60,37,63,50,21,25,25,35,5,67,42,70,29,71,44,49,61,15,22,11,29,15,42,28,27,29,23,48,21,23,22,,26,80,54,72,67,9,114,4,40,29,17,16,25,19,18,24,33,14,114,71,23,10,44,57,,20,57,71,11,18,17
20150109,14,O3_8h_24h,41,26,19,26,12,10,26,54,44,22,26,21,10,26,39,27,37,47,22,56,46,46,74,39,52,69,53,62,61,53,46,80,40,57,65,69,42,52,57,79,66,65,78,94,45,97,71,55,30,47,46,46,61,94,98,104,94,68,86,120,102,111,74,90,10,34,54,48,91,27,36,44,58,17,47,67,42,59,35,29,90,15,30,36,23,28,18,50,34,33,45,16,28,57,21,97,117,119,126,91,118,114,100,140,94,22,40,55,39,33,55,26,37,39,17,33,53,43,66,46,46,32,57,48,13,23,58,75,33,33,76,89,24,44,93,100,88,101,23,35,24,38,62,34,27,50,52,36,79,47,42,30,73,63,39,60,64,17,24,34,43,48,48,42,46,29,25,58,41,48,56,54,67,70,61,57,53,36,61,56,67,157,70,56,27,25,92,40,83,34,77,29,65,47,31,84,46,41,80,64,56,43,87,29,44,40,48,33,34,34,41,62,38,59,41,59,51,55,57,52,50,53,66,60,75,68,36,44,82,102,43,52,59,60,83,69,83,88,80,64,44,64,62,89,82,80,93,71,22,18,28,39,75,50,41,98,41,44,63,79,75,72,82,71,11,66,81,117,69,76,58,80,42,67,72,81,55,106,43,75,53,62,70,75,35,42,26,28,39,49,27,13,45,69,39,66,28,51,36,45,35,49,65,69,60,66,66,54,41,27,51,61,59,47,43,84,36,87,70,83,84,40,44,32,52,28,64,57,64,58,36,70,58,64,41,,59,108,76,100,105,15,121,9,50,50,35,32,30,19,41,52,51,50,129,88,52,28,73,68,,24,102,119,34,18,42
20150109,14,CO,0.367,0.68,3.235,1.382,1.369,3.451,4.527,0.915,0.511,0.274,1.304,1.672,6.432,2.65,1.861,3.405,0.888,1.178,0.949,1.6,1.326,1.493,1.936,1.904,1.907,1.411,1.877,1.8,1.337,1.405,1.363,1.134,1.509,1.233,1.197,1.007,0.795,1.433,1.141,0.808,1.439,1.044,1.497,0.891,0.867,0.799,0.662,1.088,2.754,2.327,1.353,1.467,1.352,1.175,1.269,1.37,1.144,1.462,1.188,1.017,1.102,0.986,1.1,0.989,1.072,1.206,1.139,1.357,0.797,2.743,3.589,1.955,1.041,2.726,1.551,1.477,2.316,0.468,1.338,1.678,0.651,2.707,2.651,1.446,3.263,2.289,2.95,1.94,2.966,2.643,2.213,2.859,1.741,2.188,2.164,0.884,0.661,1.502,0.914,1.084,1.174,1.137,1.229,1.144,1.232,1.223,1.872,2.2,2.418,4.064,0.793,0.473,2.004,3.806,4.844,0.885,0.882,0.681,0.726,0.555,2.46,1.952,1.412,1.947,3.831,1.035,2.079,0.787,1.611,1.412,2.373,1.893,1.21,2.902,0.986,1.705,1.136,0.638,0.679,0.776,1.298,0.475,1.298,0.988,1.165,0.909,2.125,1.158,1.781,4.052,1.692,1.679,1.024,0.393,1.148,1.951,1.78,2.385,4.894,2.241,2.059,2.117,2.359,2.3,3.884,2.366,3.035,1.557,2.438,1.482,1.185,2.029,1.686,1.783,2.026,1.174,1.159,1.566,1.691,0.631,2.299,0.964,1.037,1.278,2.089,0.34,0.535,2.482,0.763,1.253,0.745,1.719,4.002,1.344,3.959,0.777,0.325,0.643,1.124,0.498,0.356,0.157,1.584,1.102,2.078,1.462,0.796,1.523,2.039,0.284,0.41,0.431,1.095,1.267,0.666,0.818,0.578,1.086,0.269,1.886,0.257,1.334,1.032,1.61,1.736,3.141,0.282,0.946,0.856,1.078,0.659,1.214,0.728,2.067,0.66,0.722,1.463,1.086,0.797,0.711,1.332,1.22,1.12,1.772,0.812,0.969,0.942,0.861,2.588,1.391,4.37,0.844,1.396,2.063,0.981,0.582,3.235,0.15,2.997,1.581,2.339,2.097,1.67,3.135,0.572,1.208,1.657,1.9,2.533,1.368,0.835,1.838,0.442,1.303,1.577,1.465,1.533,1.138,1.149,1.369,0.811,0.662,0.893,0.72,0.925,0.697,1.072,0.457,1.078,1.28,1.026,1.399,0.853,0.362,0.09,0.483,1.107,1.124,1.605,1.11,1.041,0.727,0.724,0.784,0.915,1.425,1.622,0.452,1.531,1.2,0.63,1.01,0.882,1.163,1.144,0.239,0.734,1.449,1.601,0.906,0.341,2.961,1.865,2.049,3.129,1.651,0.689,0.551,0.598,3.923,0.603,2.897,1.03,1.33,0.754,,1.283,1.36,0.323,0.522,0.43,1.783,0.385,1.307,0.727,0.424,2.296,1.042,2.858,0.566,0.719,4.295,1.573,2.844,,2.019,4.824,5.605,2.34,0.561,,1.245,0.878,1.005,3.11,0.974,1.511
20150109,14,CO_24h,2.428,4.83,4.973,3.518,3.083,3.959,8.176,1.075,2.34,2.291,4.146,4.25,7.737,3.005,2.616,2.805,1.427,1.317,1.778,1.664,1.996,1.876,1.861,2.146,2.741,1.808,2.154,2.435,1.696,1.524,1.673,1.709,1.726,1.489,1.46,1.425,1.272,1.604,1.633,1.16,1.427,1.401,1.496,0.926,1.165,0.698,0.683,1.087,2.622,1.999,1.701,2.125,1.351,1.243,1.359,1.449,1.241,1.538,1.561,1.116,1.191,1.236,1.136,1.279,1.253,1.194,0.921,1.098,0.809,2.5,3.092,1.98,1.292,3.511,1.388,1.357,1.716,0.663,3.208,3.014,0.746,2.833,4.101,3.327,2.88,3.501,3.775,2.193,2.195,3.004,2.617,3.213,2.965,1.32,2.808,1.112,0.801,1.856,1.216,1.149,1.361,1.346,1.351,1.519,1.545,1.655,2.498,2.635,4.837,4.376,1.284,1.031,2.742,2.328,3.772,2.183,1.416,1.157,0.982,1.228,1.892,2.345,1.374,2.07,4.417,1.923,1.797,1.446,2.144,1.83,1.951,2.333,1.609,3.081,0.985,1.737,1.214,0.904,1.021,0.839,1.804,0.512,1.134,0.955,0.969,0.708,1.884,1.45,1.847,4.849,1.822,1.416,1.091,0.772,1.349,2.032,0.865,3.582,3.385,3.286,2.479,2.161,2.869,1.768,3.707,2.718,3.311,1.284,2.736,2.328,1.323,2.498,1.342,1.991,1.974,1.463,1.694,1.997,1.796,0.677,1.523,1.237,1.545,1.623,2.215,1.074,0.999,2.701,0.764,2.619,1.393,2.7,4.388,2.492,3.9,1.14,1.005,1.606,1.552,1.155,1.046,0.3,1.769,2.33,1.285,1.326,1.666,2.992,2.521,1.029,0.983,0.6,0.941,1.641,0.813,0.438,0.978,0.541,0.622,1.627,0.706,1.457,1.053,1.733,2.141,2.785,0.781,1.531,1.018,1.412,0.896,1.474,0.96,2.311,0.679,1.075,1.412,1.431,0.849,1.042,1.443,1.578,1.025,1.714,1.083,1.007,1.235,0.987,2.411,3.746,2.943,1.432,1.603,2.702,1.859,0.951,3.12,0.483,3.171,1.86,2.675,2.601,2.207,3.482,0.981,1.57,1.592,2.065,4.042,1.36,0.952,1.562,0.546,1.45,1.573,1.478,1.555,1.289,1.228,1.155,1.052,0.992,1.038,0.828,0.922,0.675,1.101,0.698,1.014,1.499,0.926,1.293,0.881,0.429,0.332,0.621,1.049,1.25,1.986,1.33,1.075,0.866,0.776,0.83,0.732,1.341,1.594,0.455,0.899,1.1,0.773,0.759,0.778,2.433,1.152,0.187,0.728,1.425,1.763,0.725,0.36,2.336,2.693,1.975,2.929,2.078,1.06,1.817,1.208,6.293,1.202,3.191,2.079,1.22,2.363,,2.061,1.389,0.379,0.175,0.429,1.222,0.723,1.433,0.672,1.317,3.988,2.18,3.194,0.785,1.952,3.642,1.478,4.853,2.157,1.951,2.861,4.013,2.284,0.423,,2.777,0.981,1.132,3.754,2.537,2.013
20150109,15,AQI,24,37,199,54,91,335,303,27,32,38,52,98,420,61,71,231,62,150,185,216,120,175,224,273,158,117,193,156,126,156,154,143,149,126,177,83,136,148,154,114,128,82,78,91,98,85,60,89,341,270,99,235,179,74,94,91,71,97,98,91,64,61,93,77,130,119,72,21,40,134,150,64,67,154,198,228,97,31,52,87,60,263,287,78,356,69,257,282,267,305,283,300,229,224,147,54,63,60,75,71,76,76,57,76,60,14,185,59,81,175,53,52,124,191,117,33,75,28,54,46,103,138,114,103,337,84,76,85,95,153,350,148,99,103,143,94,88,54,74,56,31,89,146,120,158,50,49,105,94,63,57,131,79,60,109,75,121,264,247,235,243,211,258,297,193,226,329,195,208,154,163,148,175,214,198,110,168,100,108,117,235,102,92,133,115,61,86,138,74,55,77,98,230,56,132,52,34,39,56,35,30,39,36,25,195,153,98,126,114,57,64,26,30,35,64,60,59,113,29,220,26,131,89,177,157,111,75,103,85,113,66,94,75,81,71,66,69,51,63,74,158,100,99,58,81,83,65,75,94,98,278,88,78,211,110,96,246,58,227,279,287,203,138,204,144,195,150,164,106,131,120,167,87,100,97,113,105,87,40,122,54,67,77,63,115,128,65,96,133,126,64,109,100,30,16,26,66,33,42,28,28,28,24,75,104,50,55,24,108,49,26,49,86,34,52,37,55,38,48,37,100,192,62,148,69,82,97,63,54,80,77,71,54,32,106,,65,66,34,40,46,121,65,110,99,53,170,124,185,126,70,277,142,74,196,36,210,181,91,28,,57,69,67,94,29,65
20150109,15,PM2.5,12,20,149,23,67,284,252,9,9,10,16,60,361,35,35,180,43,115,139,165,90,132,173,222,120,81,145,118,95,118,117,109,114,95,133,61,103,113,117,85,97,60,57,67,73,62,38,66,290,219,58,184,135,53,70,67,51,72,73,67,38,37,69,56,98,89,52,11,15,99,115,40,32,117,148,177,60,13,35,64,40,212,236,56,305,49,206,231,216,254,232,249,178,173,112,33,41,36,54,51,55,55,39,55,42,7,139,26,59,132,25,23,93,143,88,20,54,14,33,32,76,105,85,75,286,49,55,55,60,116,299,113,74,76,109,70,65,21,53,39,13,66,111,90,120,35,34,78,63,29,23,99,44,16,66,48,91,213,185,184,192,160,207,246,145,175,278,146,157,117,123,113,132,163,148,82,127,75,80,88,184,73,58,101,86,43,63,105,53,22,45,73,179,23,100,23,14,19,18,19,8,7,18,12,146,116,73,95,85,36,33,6,11,22,45,29,41,84,9,169,8,99,66,133,119,83,54,76,62,84,47,70,54,59,51,47,49,31,42,53,120,75,74,40,59,61,45,54,70,73,227,65,56,160,82,71,195,39,176,140,236,152,105,153,110,146,115,124,79,99,90,126,64,75,72,84,78,64,28,92,37,48,56,36,86,97,46,71,101,95,45,81,75,21,6,17,47,16,18,19,19,19,11,54,77,19,38,6,80,34,16,34,62,1,17,12,14,11,33,19,75,144,19,113,30,60,72,24,32,55,41,38,37,17,13,,31,14,13,6,32,91,17,82,74,21,128,59,139,95,30,226,52,31,33,9,159,89,44,5,,26,49,48,66,12,46
20150109,15,PM2.5_24h,106,202,208,179,116,193,450,22,53,149,164,265,283,64,54,204,86,93,198,118,122,138,155,231,160,107,142,154,114,142,126,152,131,107,136,96,114,122,143,105,75,90,64,77,98,51,41,63,183,128,94,181,143,54,69,70,51,65,69,61,44,39,64,46,83,81,50,14,16,62,82,45,50,155,129,134,54,22,90,111,40,248,279,227,233,160,224,247,112,180,190,231,198,89,168,48,43,64,72,54,60,57,45,71,29,14,220,40,93,108,36,42,103,109,105,77,80,43,46,97,88,122,67,63,226,136,41,105,64,243,184,87,98,97,93,64,74,27,47,62,27,67,73,69,76,50,25,68,68,51,34,61,29,26,72,56,88,214,111,144,162,111,179,138,120,130,163,90,126,125,118,112,114,169,133,123,150,100,105,105,131,97,96,110,105,73,89,115,52,100,52,69,128,71,105,44,63,76,78,36,52,9,30,78,89,66,108,107,100,59,89,28,10,61,68,24,36,80,29,156,23,86,63,156,112,73,54,107,66,93,61,84,63,81,50,44,58,39,43,65,103,66,69,52,63,50,42,54,92,138,302,103,89,119,133,99,155,42,147,177,183,132,108,137,112,129,127,115,80,104,93,104,64,62,63,75,70,59,44,77,43,71,57,24,61,95,52,70,65,109,39,64,57,21,12,22,58,26,43,19,21,41,20,49,33,15,44,8,28,33,33,34,48,10,16,15,32,23,56,25,15,126,52,71,32,84,79,65,57,68,55,58,63,53,227,,44,20,44,26,40,48,36,73,61,51,189,78,148,88,50,165,90,60,29,13,96,112,57,20,,81,58,62,122,141,55
20150109,15,PM10,17,36,222,55,93,416,408,26,31,37,51,144,519,69,89,254,72,157,183,212,155,190,256,260,259,182,224,183,163,188,193,163,199,142,190,95,163,133,151,132,159,87,104,114,85,103,68,101,441,344,146,212,137,71,99,115,74,116,101,89,76,70,96,83,131,133,45,20,25,215,156,75,81,197,212,210,141,30,51,101,68,304,362,104,390,69,331,394,259,405,395,417,274,247,167,56,74,68,78,74,91,79,62,90,51,6,231,66,87,163,53,52,136,264,136,32,75,27,56,44,112,126,139,154,381,116,94,117,137,164,433,197,95,111,128,90,81,37,74,55,30,107,169,139,160,49,38,154,136,74,61,172,106,68,166,97,146,317,382,281,263,195,272,303,184,290,347,223,202,161,183,153,207,269,186,112,218,123,125,153,266,133,131,151,135,53,80,216,68,57,101,139,297,60,125,52,33,38,60,34,15,38,32,24,220,156,91,131,125,62,76,19,29,34,59,68,56,115,22,196,16,136,116,135,151,109,78,111,80,128,75,96,75,96,80,77,84,50,74,96,180,137,105,53,96,97,77,78,134,139,195,109,104,239,140,110,292,63,251,404,349,228,156,232,149,159,139,220,124,136,105,176,98,97,93,110,98,76,38,127,40,65,71,73,125,115,56,71,171,119,59,108,113,19,15,25,64,25,41,24,,23,17,,58,49,,12,120,,25,,120,16,51,30,57,17,15,20,35,191,72,104,85,107,121,74,55,107,101,89,51,31,159,,78,79,33,13,,94,45,153,106,53,199,196,222,116,87,370,232,96,339,,200,310,130,18,,62,71,79,136,28,66
20150109,15,PM10_24h,133,306,321,260,214,340,635,57,101,210,261,432,426,118,131,282,125,128,244,160,214,186,213,273,270,248,207,220,194,211,214,200,230,152,194,147,174,145,196,157,125,145,110,111,127,81,62,95,324,211,209,209,147,73,89,99,78,99,95,83,78,73,95,68,114,126,62,26,26,157,132,75,100,215,183,203,130,69,114,146,64,308,416,313,307,212,382,386,147,288,325,399,301,138,229,63,76,82,100,77,85,95,69,101,56,19,332,102,130,153,81,82,149,166,156,113,110,56,72,115,132,169,128,148,340,225,84,170,149,324,263,176,123,131,107,87,91,40,74,73,57,99,110,102,100,74,36,189,141,130,68,119,64,84,184,105,134,303,254,231,235,157,224,175,133,202,206,135,157,168,170,150,161,261,163,145,222,136,146,185,177,150,190,174,145,89,123,167,76,161,120,126,219,114,115,97,103,113,162,75,74,33,53,172,118,96,137,185,137,103,131,32,30,81,100,55,50,106,48,186,47,130,101,171,152,111,77,194,85,132,115,108,99,119,76,60,66,70,68,113,151,119,96,67,101,74,67,81,159,243,308,158,130,186,197,141,233,64,225,269,267,195,165,207,142,176,173,187,141,136,145,159,95,87,86,103,84,76,71,102,63,93,73,59,96,115,66,99,103,130,59,113,91,26,19,37,85,44,69,24,31,54,32,61,47,30,64,14,39,38,50,34,106,24,36,38,94,82,45,32,23,149,114,92,86,217,130,117,93,118,90,115,108,90,300,,115,34,74,38,61,56,44,126,97,93,264,251,236,110,133,312,317,120,66,21,133,238,141,34,,208,86,87,150,203,82
20150109,15,SO2,8,27,122,25,39,126,124,47,9,10,21,53,156,103,69,253,46,101,161,66,46,65,86,97,71,52,81,61,83,58,57,50,56,47,103,32,99,63,64,39,47,43,38,32,29,16,12,40,147,187,82,50,42,19,14,18,19,35,35,28,16,28,22,14,23,20,50,9,5,70,86,9,196,109,43,69,55,19,138,42,11,235,148,51,201,31,129,147,76,200,142,141,131,57,67,28,13,14,17,18,23,17,30,19,34,4,123,38,28,139,13,43,149,209,134,92,50,32,41,23,25,78,47,110,157,75,124,70,146,30,80,41,37,40,48,22,35,2,21,17,25,61,24,18,16,19,20,54,45,57,17,64,282,8,138,10,59,97,149,184,142,215,188,165,37,96,185,68,78,111,47,75,25,85,73,46,73,48,45,43,88,40,31,41,43,49,17,83,30,62,61,123,96,24,102,34,16,17,15,14,15,18,5,26,278,116,126,208,37,13,24,36,31,5,21,15,13,36,31,91,30,41,34,43,63,30,10,14,49,64,14,44,25,37,13,25,31,20,18,22,71,73,66,39,51,88,39,41,154,110,170,52,42,36,130,54,109,21,60,51,32,49,34,27,32,39,73,83,39,48,26,40,117,29,16,45,18,17,8,23,4,10,8,43,26,18,27,17,21,19,8,8,50,2,11,14,45,97,6,14,11,9,10,9,249,10,8,14,8,28,12,14,22,10,7,7,4,7,36,108,7,48,15,40,20,4,28,78,22,49,10,19,19,18,17,,23,21,20,4,19,2,90,53,88,8,61,6,23,27,38,59,31,28,25,45,48,113,47,2,,71,19,23,112,16,93
20150109,15,SO2_24h,40,115,214,102,96,126,254,44,45,41,156,168,271,198,73,304,87,106,224,52,52,51,105,80,70,53,69,60,51,60,50,61,53,31,52,34,60,40,78,34,26,38,27,25,26,11,12,36,136,103,127,40,39,22,14,18,21,28,31,30,18,25,23,10,20,13,27,8,6,45,45,40,126,83,38,38,61,27,144,82,13,200,115,105,104,215,253,99,83,233,140,123,104,77,194,32,16,19,29,13,17,23,38,17,28,6,115,66,131,192,102,107,148,101,168,139,53,56,39,39,30,57,53,95,171,93,103,100,94,60,83,37,46,19,37,19,41,2,18,19,45,37,19,20,21,14,17,37,42,81,22,42,196,29,191,11,23,212,165,192,107,125,109,116,109,87,115,51,51,80,38,61,10,78,64,40,76,43,41,44,58,32,23,36,29,134,19,46,33,105,148,165,93,60,143,35,45,30,89,36,27,27,15,144,91,105,90,190,56,30,64,47,23,7,29,9,13,27,52,51,34,37,32,32,67,24,8,13,41,53,19,34,23,28,13,29,27,36,11,18,37,58,55,65,66,57,45,91,144,147,111,81,32,25,76,33,72,29,58,58,35,36,21,24,21,53,72,78,48,64,59,39,105,35,17,40,17,20,11,23,11,16,7,23,19,19,18,17,15,12,10,8,55,2,11,25,24,75,11,14,11,22,20,15,65,9,9,16,12,15,18,17,21,6,7,6,4,8,36,15,6,24,28,42,9,65,58,64,128,48,28,93,92,34,157,,42,23,45,4,25,3,25,33,63,29,78,9,28,26,42,68,45,41,17,25,39,65,38,4,,143,23,29,125,82,131
20150109,15,NO2,18,24,93,34,51,109,95,16,11,7,23,51,113,23,27,95,37,61,79,101,44,74,79,45,49,79,63,41,82,46,20,24,34,66,87,47,76,59,65,37,65,35,30,40,22,38,20,32,111,118,53,87,50,35,23,32,38,28,65,34,21,26,25,13,49,70,41,29,8,85,103,20,33,81,65,87,34,12,40,28,25,105,96,43,119,29,86,89,103,119,111,115,95,92,75,18,22,14,15,30,30,22,30,28,19,13,63,20,31,47,17,23,61,92,93,42,31,14,36,16,29,37,45,70,114,38,57,41,60,49,83,37,23,31,36,18,26,9,33,24,26,25,31,46,32,40,29,61,52,34,22,43,27,14,34,36,69,62,78,55,69,82,81,47,75,108,133,71,87,31,55,52,57,74,65,30,85,41,42,54,95,41,36,41,32,18,19,43,20,21,15,30,30,14,45,17,13,15,14,6,12,4,6,10,100,76,42,63,38,19,10,10,12,9,19,40,23,29,18,114,23,43,20,58,33,48,21,12,22,41,34,39,18,16,25,23,8,19,4,18,50,34,31,15,30,45,29,19,103,58,123,40,37,44,44,10,101,14,80,40,17,46,42,24,41,34,24,20,22,41,20,45,36,18,14,23,19,14,17,18,14,14,13,42,27,30,26,19,28,22,11,30,17,5,5,19,31,17,18,20,20,19,12,23,17,11,19,20,17,14,11,15,24,51,1,4,3,7,23,1,4,49,29,27,35,21,36,21,12,53,22,20,9,25,64,,17,6,11,2,9,6,11,26,21,8,38,7,60,23,22,79,11,32,15,16,39,72,19,6,,22,19,22,42,10,33
20150109,15,NO2_24h,79,113,125,109,80,131,133,14,46,59,89,112,136,39,45,91,63,60,103,106,95,102,81,72,68,66,66,71,89,61,42,50,56,68,89,78,76,85,107,46,56,65,43,45,44,37,19,47,103,91,76,105,61,49,44,57,49,41,68,49,30,39,35,8,40,48,28,26,12,52,67,39,43,93,71,66,47,26,71,63,28,99,117,91,95,87,106,90,68,91,85,100,98,61,103,37,27,23,26,37,30,37,44,37,41,19,91,30,69,36,47,31,71,60,93,59,45,33,34,35,41,65,54,53,102,73,40,68,66,48,74,41,34,32,29,22,25,13,35,38,37,35,31,52,27,32,25,43,59,57,31,47,20,71,36,43,38,84,68,58,85,89,65,38,76,70,84,43,51,28,74,83,74,103,76,47,102,75,71,69,62,57,44,56,51,37,40,46,41,26,37,40,35,51,35,40,35,40,42,42,29,6,17,43,51,68,62,67,60,43,34,20,8,17,25,25,22,31,25,130,27,64,25,67,64,63,29,26,35,57,41,55,37,31,23,30,10,28,6,35,35,46,38,32,44,39,36,35,121,81,114,77,47,38,76,28,77,26,82,54,44,72,43,46,41,47,36,33,34,43,33,52,34,16,15,25,20,24,22,19,16,21,22,33,33,34,34,28,22,33,17,29,27,8,10,21,24,17,33,26,17,28,16,20,19,16,18,19,10,15,17,19,28,20,36,7,5,11,30,12,9,38,66,24,34,34,53,39,37,63,48,29,35,47,131,,46,10,19,11,12,7,8,23,29,46,66,25,78,23,67,55,18,60,34,19,68,84,21,6,,57,36,37,61,34,40
20150109,15,O3,64,52,50,66,33,33,38,58,70,39,55,58,32,31,46,19,44,47,37,69,80,67,89,96,80,94,72,102,72,73,90,141,69,76,84,98,74,102,90,92,89,117,108,110,61,111,81,61,22,32,54,58,68,88,125,113,77,90,88,123,118,96,55,81,10,29,17,13,97,21,45,66,46,30,37,28,49,72,64,39,105,21,60,53,24,57,27,78,11,37,32,14,30,20,42,110,124,120,139,80,124,122,94,171,88,36,63,54,90,39,54,37,31,19,19,41,62,54,49,57,42,63,60,32,31,59,49,85,30,25,62,79,22,41,88,139,75,107,40,46,24,44,57,46,23,8,25,27,89,69,51,40,81,101,58,54,52,45,24,28,44,51,32,37,25,6,7,40,22,47,86,105,17,90,86,119,52,83,101,97,76,96,68,96,54,28,101,37,105,47,89,37,74,84,30,86,70,46,74,79,69,49,81,46,23,31,54,39,42,50,63,63,35,58,45,46,47,59,64,67,50,53,69,55,84,77,37,40,81,107,52,55,55,58,85,76,90,81,109,83,26,63,92,93,88,54,105,103,35,40,48,66,82,54,67,110,34,84,66,56,55,76,81,72,22,68,50,112,99,74,52,45,32,71,72,85,64,100,22,88,47,55,60,52,44,46,35,55,50,35,23,20,65,79,40,56,33,59,61,64,23,52,67,40,75,67,61,40,20,35,37,49,31,68,44,87,34,96,70,80,93,46,62,43,58,36,93,66,84,54,53,79,73,65,90,,81,104,88,103,100,12,122,6,61,68,49,33,44,19,53,36,54,50,130,83,62,41,74,52,,36,109,146,30,45,31
20150109,15,O3_24h,65,54,51,66,39,33,50,71,70,39,55,58,32,33,52,29,50,55,38,75,81,67,93,96,85,97,74,102,78,74,90,141,71,84,86,104,77,105,90,98,93,117,109,113,69,112,86,76,34,49,72,98,76,109,127,125,111,91,131,142,125,130,81,99,16,52,58,56,98,45,51,72,67,38,63,88,53,75,64,39,122,23,63,74,34,57,32,80,31,40,56,23,38,60,45,111,133,140,145,109,133,129,112,171,116,42,65,65,92,44,67,38,40,38,25,49,65,57,72,62,60,63,74,55,31,59,71,99,46,41,93,106,27,57,100,139,95,111,45,49,37,62,70,59,39,59,70,92,92,72,57,50,86,101,85,83,73,45,27,43,47,58,55,49,42,34,26,61,46,57,86,107,96,90,86,119,58,83,101,98,78,96,91,98,55,29,108,50,106,47,103,41,81,84,46,95,71,48,123,81,72,49,93,46,50,40,64,45,42,51,63,65,39,61,47,64,61,70,69,68,56,62,82,80,96,88,39,69,102,126,70,65,100,69,94,80,93,95,109,84,60,78,96,97,99,87,115,103,44,44,49,66,94,68,67,114,62,84,96,96,106,113,93,92,22,99,97,142,101,86,78,94,54,81,79,93,67,142,34,90,59,73,69,91,49,50,35,55,63,48,34,26,65,79,44,78,34,59,64,65,43,55,68,73,75,71,99,60,48,35,77,67,66,47,46,93,40,96,72,89,93,54,73,46,80,36,94,71,85,78,55,81,85,87,94,,81,110,88,109,108,28,130,9,63,68,51,37,44,20,62,63,62,63,143,93,72,41,90,89,,39,115,162,33,45,42
20150109,15,O3_8h,46,32,24,35,16,13,21,47,49,26,28,28,13,16,28,15,29,37,19,38,35,32,36,44,36,51,38,47,45,39,45,77,33,42,43,56,39,38,34,53,55,55,50,57,35,68,67,39,12,24,39,31,38,60,83,76,52,49,60,85,82,65,48,73,6,15,14,29,79,14,24,25,29,12,24,20,31,45,33,23,82,10,26,27,18,33,12,39,13,22,21,7,16,20,22,74,92,88,94,41,77,77,74,101,58,24,33,37,48,28,37,23,23,16,10,28,46,43,42,42,35,32,41,25,13,30,40,44,16,16,38,44,13,29,88,88,67,103,18,18,14,21,50,22,21,14,13,19,69,29,27,15,72,56,31,42,57,18,15,13,26,26,13,17,15,6,8,28,15,22,39,45,49,41,39,53,29,32,55,59,31,161,57,42,26,19,58,22,62,21,48,18,47,52,24,45,50,31,46,39,58,38,70,24,26,21,31,30,26,31,45,50,29,47,37,35,46,54,56,45,50,38,50,27,60,54,26,36,61,91,38,31,48,46,73,39,53,62,63,43,18,33,41,61,58,27,59,52,24,22,22,33,37,22,29,76,17,38,41,25,35,39,53,24,9,28,34,63,57,59,35,35,10,47,57,55,47,74,17,66,43,42,46,21,25,16,10,19,38,30,21,7,28,57,31,46,29,44,33,41,26,37,47,31,62,40,62,47,19,27,27,36,7,67,42,72,29,75,48,55,66,20,29,16,34,19,52,34,36,34,28,53,28,30,33,,35,83,59,79,72,10,116,4,44,37,22,20,27,19,22,25,34,20,116,71,26,15,47,54,,24,65,87,15,23,21
20150109,15,O3_8h_24h,46,32,24,35,16,13,29,54,49,26,28,28,13,26,39,27,37,47,22,56,46,45,74,44,53,69,53,62,61,53,47,81,44,57,65,69,43,52,57,76,67,65,78,94,45,97,71,55,30,47,46,46,61,94,98,104,94,68,88,120,102,111,74,90,10,34,54,48,91,27,36,44,58,17,48,67,42,62,36,29,90,15,30,36,24,33,18,50,34,33,45,16,28,57,23,97,117,119,126,91,118,114,100,140,94,24,40,55,48,33,55,27,37,39,17,33,53,45,66,46,45,34,57,48,14,30,58,75,33,33,76,89,24,44,94,100,88,103,26,35,24,38,62,35,26,50,52,36,79,47,42,30,74,63,39,60,64,18,24,34,43,48,48,42,46,29,25,58,41,48,56,54,67,70,61,57,53,36,61,60,67,161,70,56,27,25,92,40,83,34,77,29,65,52,31,84,50,41,80,64,58,43,87,29,44,40,48,33,34,34,45,62,38,59,41,59,51,55,58,52,51,53,66,60,74,68,35,44,82,102,51,52,59,60,83,69,83,88,80,64,45,64,62,89,83,80,93,71,24,22,28,39,75,50,41,93,41,44,63,79,75,72,82,71,11,66,81,117,70,76,59,80,42,67,72,81,55,106,26,73,53,58,70,75,35,42,26,28,40,49,26,13,45,69,39,66,29,51,38,47,35,49,65,69,62,66,66,54,41,28,51,61,59,47,43,84,36,87,70,83,84,40,44,32,52,28,65,57,64,58,36,70,58,64,47,,59,108,76,100,105,15,121,9,50,50,35,32,30,19,41,52,51,50,129,88,52,28,73,68,,25,102,119,33,23,42
20150109,15,CO,0.367,0.72,2.915,1.107,1.347,3.177,4.361,1.026,0.301,0.236,1.413,1.594,6.382,2.318,1.733,3.101,0.827,1.236,0.963,1.537,1.363,1.496,1.654,1.892,1.755,1.393,1.911,1.638,1.518,1.35,1.264,1.058,1.435,1.311,1.197,1.019,0.767,1.193,1.039,0.871,1.45,0.983,1.321,0.836,0.777,0.773,0.668,1.045,2.721,2.254,1.407,1.43,1.26,1.18,1.249,1.374,1.141,1.45,1.185,1.061,1.096,1.033,1.068,0.973,1.111,1.107,1.157,1.51,0.765,2.687,3.532,0.803,1.015,2.316,1.426,1.546,1.667,0.346,1.176,1.665,0.625,2.122,2.379,1.357,3.224,2.316,2.193,1.821,3.537,2.615,2.24,2.362,2.009,2.361,2.109,0.835,0.672,1.427,0.938,1.059,1.137,1.157,1.316,1.231,1.225,1.287,1.574,2.073,2.259,4.192,0.642,0.47,2.003,3.738,2.316,1.009,0.845,0.679,0.789,0.522,1.83,2.095,1.384,2.086,3.444,0.985,1.98,0.642,1.514,1.219,2.085,1.781,1.214,2.827,1.01,1.705,1.144,0.611,0.686,0.714,1.302,0.44,1.23,0.819,1.052,0.835,2.246,1.15,1.808,3.836,1.611,1.222,0.93,0.374,1.004,1.481,2.014,2.136,3.149,2.04,1.937,1.84,2.295,1.964,4.891,2.641,3.39,1.62,2.628,1.374,1.083,2.03,2.142,1.468,1.938,1.235,1.041,1.451,1.643,0.652,2.268,0.951,1.081,1.305,2,0.359,0.532,2.484,0.72,1.121,0.455,1.601,3.586,1.268,3.808,0.808,0.337,0.613,1.122,0.442,0.371,0.188,1.408,1.062,2.379,1.443,0.844,1.374,1.923,0.211,0.349,0.42,1.229,1.259,0.536,0.638,0.613,1.055,0.252,1.897,0.239,1.219,0.859,1.547,1.716,3.29,0.254,0.877,0.749,1.06,0.56,1.111,0.662,2.042,0.64,0.723,1.355,1.123,0.77,0.695,1.441,1.266,1.096,1.189,0.985,1.258,0.906,0.992,2.103,1.423,4.122,0.764,1.118,1.85,0.771,0.492,3.281,0.167,3.059,1.443,2.58,2.26,1.836,2.946,0.457,1.027,1.598,1.781,2.661,1.346,0.756,1.805,0.951,1.439,1.564,1.516,1.511,1.146,0.966,1.22,0.813,0.289,0.896,0.509,0.939,0.641,0.882,0.405,0.889,1.206,0.969,1.168,0.676,0.364,0.101,0.482,1.181,1.143,1.585,1.032,1.067,0.75,0.62,0.838,0.755,1.258,1.638,0.515,1.076,1.113,0.673,0.761,0.84,2.164,1.226,0.216,0.731,1.422,1.331,0.818,0.279,2.845,1.718,2.002,3.011,1.523,0.539,0.457,0.482,3.901,0.555,2.792,0.802,1.151,0.499,,0.878,1.369,0.252,0.5,0.422,1.717,0.562,1.25,0.618,0.414,2.154,1.038,2.382,0.564,0.448,3.657,1.515,2.258,,1.942,2.686,3.025,2.557,0.598,,1.1,0.87,0.926,2.588,0.852,1.55
20150109,15,CO_24h,2.325,4.704,4.941,3.479,2.973,3.958,8.164,1.078,2.271,2.217,4.134,4.136,7.741,2.996,2.594,2.879,1.432,1.336,1.768,1.684,2,1.911,1.894,2.156,2.747,1.809,2.185,2.461,1.715,1.535,1.666,1.708,1.726,1.498,1.458,1.43,1.261,1.594,1.633,1.15,1.441,1.399,1.5,0.929,1.158,0.707,0.679,1.095,2.671,2.059,1.687,2.107,1.345,1.245,1.351,1.446,1.244,1.539,1.551,1.119,1.188,1.23,1.133,1.265,1.25,1.209,0.93,1.114,0.81,2.542,3.268,1.934,1.301,3.45,1.485,1.381,1.744,0.68,3.186,2.999,0.743,2.856,4.086,3.313,2.928,3.47,3.739,2.217,2.29,3.048,2.642,3.249,2.969,1.38,2.81,1.109,0.778,1.826,1.205,1.15,1.343,1.336,1.357,1.505,1.535,1.652,2.479,2.644,4.79,4.332,1.275,1.028,2.771,2.43,3.758,2.187,1.423,1.158,0.998,1.215,1.898,2.345,1.391,2.097,4.455,1.889,1.827,1.418,2.142,1.819,1.971,2.319,1.598,3.076,0.986,1.733,1.214,0.889,0.957,0.84,1.744,0.51,1.142,0.96,0.977,0.718,1.905,1.475,1.864,4.855,1.826,1.436,1.091,0.755,1.343,2.018,0.876,3.579,3.415,3.332,2.528,2.205,2.928,1.84,3.798,2.771,3.396,1.323,2.788,2.362,1.325,2.489,1.417,2.003,2,1.466,1.708,2.003,1.806,0.683,1.588,1.239,1.543,1.63,2.216,1.069,0.998,2.691,0.758,2.624,1.386,2.72,4.41,2.473,3.935,1.158,1.003,1.599,1.579,1.15,1.038,0.301,1.767,2.316,1.365,1.377,1.672,2.913,2.528,1.025,0.977,0.598,0.956,1.66,0.609,0.449,0.962,0.56,0.617,1.65,0.661,1.461,0.884,1.749,2.151,2.849,0.757,1.526,1.015,1.413,0.879,1.478,0.955,2.307,0.687,1.057,1.417,1.425,0.853,1.042,1.439,1.575,1.031,1.665,1.086,1.034,1.187,0.994,2.437,3.709,3.039,1.414,1.608,2.678,1.849,0.863,3.151,0.456,3.182,1.859,2.699,2.611,2.2,3.486,0.97,1.554,1.595,2.073,4.087,1.361,0.994,1.586,0.546,1.434,1.56,1.479,1.554,1.283,1.131,1.159,1.038,0.671,1.031,0.813,0.925,0.683,1.104,0.699,0.999,1.499,0.918,1.286,0.883,0.429,0.331,0.6,1.053,1.248,1.965,1.323,1.071,0.86,0.762,0.832,0.742,1.344,1.582,0.457,0.924,1.095,0.759,0.673,0.785,2.217,1.152,0.189,0.732,1.431,1.763,0.736,0.358,2.385,2.692,1.976,2.942,2.087,1.083,1.787,1.197,6.408,1.174,3.204,2.073,1.247,2.334,,2.05,1.389,0.361,0.189,0.431,1.238,0.722,1.458,0.665,1.32,3.976,2.198,3.166,0.788,1.939,3.666,1.49,4.845,2.132,1.957,2.88,4.025,2.293,0.431,,2.762,0.98,1.119,3.778,2.486,1.999
20150109,16,AQI,27,42,171,59,81,328,304,42,31,37,57,99,307,57,69,229,60,178,208,210,125,165,203,284,150,122,182,149,126,146,147,132,138,125,186,106,160,144,149,108,124,86,69,79,86,78,64,87,356,276,93,215,182,75,93,93,71,106,97,100,64,63,92,76,136,110,71,19,42,132,161,52,70,143,198,241,76,27,48,91,65,249,282,78,353,58,227,250,249,285,255,310,240,227,157,55,59,58,77,66,71,76,60,82,56,14,144,56,61,156,35,33,136,157,94,55,76,27,57,48,99,142,114,117,327,83,81,72,97,115,347,142,99,89,133,87,88,55,72,58,26,88,153,104,142,58,54,104,89,58,55,97,67,52,100,78,146,219,237,232,240,188,269,271,115,238,327,181,232,168,150,141,168,175,196,111,167,100,110,108,240,100,92,137,106,61,78,129,78,52,60,84,210,50,126,52,37,33,57,31,31,33,41,32,235,164,85,98,93,47,53,28,43,47,65,42,65,103,30,221,26,121,108,158,147,104,86,94,72,103,66,85,71,88,68,61,80,49,62,74,175,104,98,40,75,80,63,63,108,108,313,89,73,181,97,57,242,53,225,250,285,188,135,163,133,189,136,142,93,144,111,154,89,96,97,117,108,92,43,122,56,76,85,64,110,117,55,88,126,125,57,91,81,31,18,27,82,36,49,28,18,30,26,66,75,35,54,23,91,38,35,43,64,35,53,38,59,60,32,52,36,181,56,147,65,79,88,68,54,84,94,71,55,41,57,,57,63,33,43,40,46,66,106,122,50,160,127,177,116,72,193,135,62,273,35,132,106,102,27,,56,67,67,78,45,64
20150109,16,PM2.5,11,19,129,25,56,277,253,9,8,5,19,65,256,32,31,178,42,134,157,159,94,125,152,233,115,83,137,114,95,111,112,100,105,94,140,79,121,110,114,80,93,63,47,57,63,57,45,64,305,225,56,164,137,54,69,69,51,79,72,75,40,38,68,55,103,82,51,12,12,94,122,28,39,109,148,190,47,8,31,67,46,198,231,52,302,29,176,199,198,234,204,259,189,176,119,34,40,34,56,47,51,55,40,60,39,6,110,23,43,118,16,11,103,119,70,25,55,13,36,33,74,108,85,75,276,49,57,46,61,86,296,108,74,66,101,64,65,22,52,40,14,65,116,77,108,40,37,77,56,28,24,72,35,11,62,46,111,168,186,181,189,141,218,220,86,187,276,136,181,127,115,107,127,132,147,83,126,75,82,80,189,75,58,104,79,43,57,92,57,23,22,55,159,23,95,19,19,19,22,15,9,10,19,12,184,124,62,73,69,28,36,12,17,30,46,29,46,76,10,170,7,91,63,120,112,77,63,70,52,76,47,62,51,65,47,43,58,26,41,53,132,77,73,28,54,58,44,44,80,80,262,65,48,136,72,39,191,30,174,123,234,141,102,123,101,142,103,108,69,110,83,117,66,71,72,88,80,68,30,92,39,55,62,33,82,88,38,65,95,94,37,67,59,21,3,18,60,16,17,19,12,21,8,47,54,17,37,14,67,26,24,30,37,6,23,14,10,42,22,12,16,136,16,112,26,55,65,25,23,59,34,35,22,16,19,,22,12,19,5,26,32,19,79,92,22,121,57,133,87,26,145,63,20,51,10,100,75,54,4,,28,48,48,57,15,45
20150109,16,PM2.5_24h,100,195,206,175,114,200,441,22,51,142,161,259,281,64,52,207,86,97,198,121,122,139,159,235,160,109,144,155,115,144,127,154,131,107,137,97,114,123,143,100,76,90,64,77,97,52,41,63,190,135,92,182,144,54,70,71,52,67,69,63,44,39,65,46,84,83,49,13,17,64,84,43,51,151,132,143,53,21,89,111,41,251,282,223,238,157,226,249,118,187,194,236,201,95,169,47,43,64,73,54,60,58,45,70,29,13,217,40,92,108,35,40,105,112,105,78,80,42,47,96,88,122,69,64,231,132,42,104,64,239,190,91,97,97,94,65,75,27,51,61,26,68,76,70,78,53,24,70,68,51,34,62,29,26,71,55,89,215,116,148,168,115,186,145,122,135,171,94,132,129,118,114,116,169,137,123,153,101,106,105,136,98,95,111,105,74,89,115,52,99,52,69,132,69,105,44,63,76,77,35,51,9,30,78,95,70,109,107,100,60,88,28,11,62,68,25,36,83,29,159,23,87,64,156,114,75,57,107,66,94,60,84,63,80,51,44,60,39,43,64,105,67,70,51,62,51,42,55,91,137,303,102,88,120,131,97,157,41,149,178,186,132,108,138,113,131,127,116,80,105,95,106,64,63,64,75,71,60,43,79,43,71,57,25,65,96,52,71,65,109,38,68,58,21,12,22,56,25,41,19,20,40,19,49,34,15,43,8,30,32,31,33,48,9,16,15,31,24,56,25,16,128,51,74,33,84,84,65,56,69,55,59,64,54,223,,44,20,41,26,40,49,35,75,62,51,189,78,146,89,49,166,91,60,30,13,97,109,56,19,,81,58,62,122,120,57
20150109,16,PM10,19,41,202,65,110,399,397,41,30,36,62,146,361,62,86,248,68,163,198,216,159,185,239,258,230,192,218,182,171,176,186,144,187,143,198,125,189,131,166,120,154,96,85,106,76,103,72,94,453,335,134,199,146,75,114,124,76,109,105,97,75,73,98,80,140,127,57,18,22,212,164,51,88,146,212,244,100,17,47,87,74,263,359,103,388,63,265,361,249,403,343,411,307,252,174,58,66,63,81,71,90,77,68,95,45,,190,60,63,150,34,32,149,221,107,58,80,26,61,37,117,132,147,182,387,114,110,92,141,145,416,173,103,94,124,89,86,32,74,55,25,95,163,125,148,54,48,152,126,64,58,126,82,52,148,104,163,244,363,251,263,193,307,313,113,295,346,206,212,167,171,152,196,238,188,115,217,116,121,156,269,130,132,153,126,51,81,205,77,51,68,115,266,49,117,52,36,32,62,30,22,32,40,31,263,169,80,108,94,46,50,22,42,46,63,15,60,103,23,194,18,134,163,133,153,110,85,102,78,120,75,92,80,97,84,63,68,48,71,87,198,140,107,37,87,92,72,63,146,161,241,125,93,200,130,62,281,53,249,384,338,205,152,183,137,163,132,208,128,137,94,167,90,100,101,129,107,81,34,127,49,72,72,75,117,106,47,82,160,114,62,96,96,19,17,26,85,25,48,25,1,26,13,59,70,34,,22,80,11,25,,76,33,53,29,65,,8,,10,173,60,107,77,106,94,84,56,116,136,89,57,40,61,,62,73,30,8,26,40,49,148,108,49,181,202,208,106,92,330,218,72,400,16,112,160,151,11,,60,72,72,100,44,65
20150109,16,PM10_24h,129,296,318,254,210,344,620,57,96,203,257,423,421,118,127,287,125,132,244,165,213,185,219,277,271,250,212,223,196,214,215,202,231,152,195,148,175,145,196,154,127,145,111,112,125,82,62,95,335,221,206,210,149,73,90,100,79,99,95,84,79,73,96,67,116,128,61,25,26,161,133,72,101,211,187,220,127,66,113,146,64,312,422,309,313,209,379,391,156,304,330,407,306,145,231,63,76,81,101,78,85,95,69,101,56,18,329,100,127,153,78,78,152,172,159,115,110,55,73,114,132,169,131,149,346,219,84,169,149,319,271,175,122,130,108,88,91,39,80,71,55,100,113,106,102,77,34,195,142,128,68,121,64,84,181,104,134,305,263,237,243,163,234,186,137,210,216,141,166,173,171,153,165,264,167,145,227,137,148,185,185,150,189,175,145,89,123,169,76,159,120,126,225,111,116,96,102,112,160,71,73,33,53,173,128,102,137,185,135,103,129,32,31,82,100,56,51,109,48,190,46,130,107,171,154,112,77,193,85,133,114,109,99,118,76,61,66,70,68,113,154,121,98,66,99,75,68,82,159,241,310,159,130,189,195,138,236,63,227,278,272,197,165,208,143,177,172,188,143,137,145,160,95,89,87,105,86,78,68,105,63,92,73,61,101,116,66,101,104,129,59,115,92,26,19,35,79,43,67,24,25,52,30,60,47,30,61,14,44,38,48,34,105,27,36,38,93,84,42,32,23,152,113,91,85,217,133,117,91,119,92,117,109,91,296,,113,37,70,38,61,57,44,129,95,93,264,251,235,111,134,315,314,118,86,20,134,234,140,33,,207,86,87,150,186,84
20150109,16,SO2,7,31,140,27,46,111,112,46,10,11,25,50,126,80,61,224,39,89,119,65,48,63,73,96,74,57,74,54,77,54,53,44,52,45,71,50,102,98,66,33,46,49,32,22,29,15,12,37,117,183,78,48,42,18,16,18,19,33,33,26,16,26,22,12,21,16,50,7,4,68,85,6,197,105,48,93,51,12,105,45,12,159,156,41,189,42,117,141,62,121,139,159,131,41,73,27,10,12,17,17,22,16,28,17,38,2,128,20,35,132,10,65,156,191,98,114,52,30,41,23,19,73,45,115,137,52,98,55,87,30,66,29,39,36,45,23,35,2,21,17,26,54,15,14,16,27,18,53,40,54,15,48,132,16,112,14,48,82,112,181,158,216,185,127,28,68,125,58,62,114,44,82,19,83,76,48,69,47,40,42,97,38,33,39,40,99,17,79,25,52,26,106,109,24,76,31,16,16,22,25,16,18,6,34,291,135,107,268,28,13,40,33,34,8,26,12,18,40,34,27,32,41,32,43,81,32,10,15,47,94,15,40,23,36,13,24,24,25,18,23,68,69,56,33,54,93,38,30,139,113,166,56,35,23,95,105,80,22,53,50,28,61,30,26,29,35,65,72,47,35,32,49,130,32,16,32,18,19,7,22,4,12,12,71,23,14,16,13,21,19,10,9,53,2,11,31,36,105,5,16,11,14,15,9,89,8,13,31,9,28,12,43,13,10,6,9,4,6,34,152,6,40,12,42,12,14,32,168,25,45,10,52,11,14,34,,13,20,64,4,15,2,87,59,72,9,62,10,17,27,49,58,19,19,21,92,66,94,51,2,,72,18,20,72,17,92
20150109,16,SO2_24h,37,109,210,100,93,126,228,45,41,39,153,161,262,196,72,303,86,106,221,52,52,50,107,80,70,53,70,61,52,61,49,61,53,31,53,34,60,41,78,31,27,39,28,24,26,11,12,36,136,109,126,41,40,22,14,18,21,26,32,30,18,25,23,10,20,14,28,8,6,47,49,38,133,82,39,44,61,27,143,80,13,200,117,103,108,204,250,102,83,229,142,126,105,77,189,32,16,19,29,13,18,23,38,15,29,6,116,66,128,194,100,108,149,106,164,140,53,56,40,38,29,56,51,98,170,91,104,98,95,53,84,34,45,19,38,19,41,2,20,20,42,38,19,19,21,20,16,38,42,82,22,42,192,28,188,10,24,203,165,196,112,130,115,118,108,86,118,52,52,84,38,61,10,79,65,40,77,43,40,43,61,32,24,36,29,135,19,48,34,105,147,165,95,59,144,36,45,30,91,36,26,27,15,140,100,108,92,185,54,30,63,48,23,7,29,9,13,28,51,52,34,36,31,33,66,24,7,13,41,55,18,34,22,28,13,29,27,36,11,19,38,58,56,65,66,59,46,91,142,145,113,79,32,25,77,37,72,28,58,58,34,37,21,24,21,51,73,79,49,64,56,39,109,36,17,40,17,20,11,23,10,15,7,26,20,19,18,17,14,13,10,9,55,2,11,25,23,77,11,14,11,22,20,15,67,9,9,17,13,15,17,18,21,6,7,6,4,8,36,25,6,25,28,43,10,65,58,71,127,49,27,93,91,34,157,,41,23,47,4,24,2,28,35,64,30,78,10,27,26,42,68,45,40,17,28,39,66,39,4,,140,23,30,124,62,133
20150109,16,NO2,21,27,103,43,55,99,109,23,11,11,27,59,88,22,28,94,37,69,77,117,49,67,73,49,44,84,69,40,101,52,23,27,36,69,92,66,94,64,68,39,67,39,30,33,25,34,23,35,104,114,59,83,57,36,30,37,39,30,63,35,24,27,30,15,52,66,42,30,8,87,95,17,40,77,71,107,39,11,37,33,31,100,103,45,123,37,81,91,100,84,89,125,99,85,112,23,23,14,17,30,30,22,33,26,18,12,89,13,33,50,17,27,71,87,90,52,42,18,42,19,28,42,51,80,113,38,59,38,62,45,67,28,31,34,30,20,30,12,37,22,27,32,33,39,39,41,32,72,48,37,23,38,18,23,32,35,46,55,65,54,82,104,89,60,47,118,130,86,98,41,52,63,69,95,68,37,93,56,46,58,120,42,46,47,35,21,21,41,19,23,9,28,32,13,43,17,15,24,7,12,15,4,5,13,112,85,45,74,43,29,23,17,12,20,24,26,34,39,26,125,23,36,18,60,37,41,17,12,23,54,32,35,21,18,28,22,8,19,5,28,56,41,34,17,38,59,33,19,120,81,135,45,40,36,44,12,108,17,78,40,39,68,52,26,39,39,22,23,30,43,22,54,28,21,16,22,21,17,23,20,17,19,16,44,26,30,20,19,28,25,12,25,16,7,5,19,25,20,21,19,25,29,11,21,18,8,22,32,16,13,14,20,13,30,1,3,4,6,37,2,2,42,26,28,35,23,44,36,16,53,24,24,5,24,67,,11,5,20,3,9,6,17,27,26,9,36,8,61,23,26,62,13,27,14,33,46,62,18,9,,28,18,23,39,15,37
20150109,16,NO2_24h,75,109,124,107,78,131,141,15,43,57,87,109,132,38,45,92,63,61,102,108,95,101,83,71,69,68,67,71,90,61,42,50,56,69,90,78,77,86,106,49,56,65,43,45,44,38,19,48,104,94,76,104,61,49,44,58,49,43,69,49,30,39,35,9,41,49,29,27,12,54,63,38,45,92,72,76,47,26,70,62,28,101,118,90,97,85,105,92,71,91,87,102,99,63,105,37,27,23,26,37,30,37,44,33,41,19,92,30,68,37,46,31,71,62,92,60,45,33,35,34,40,64,54,55,103,72,41,68,66,48,75,41,35,32,30,22,26,13,41,38,36,34,31,51,27,36,25,44,59,57,31,47,21,70,35,43,39,82,68,59,87,92,68,40,76,73,87,46,54,30,74,83,75,105,77,47,104,75,71,69,66,57,45,57,51,37,40,47,41,27,37,40,36,50,36,40,34,39,41,42,28,6,17,42,54,69,63,65,59,43,34,20,9,17,24,25,23,32,25,131,27,64,25,68,64,64,25,25,35,58,40,55,37,31,23,31,10,29,6,36,36,47,38,32,45,40,37,35,120,81,116,77,48,39,75,27,78,25,83,54,45,74,44,46,40,47,36,33,35,44,33,53,34,17,15,24,21,24,23,19,16,21,22,34,31,34,33,28,22,32,16,26,26,8,10,21,24,17,32,26,17,28,16,21,18,16,19,20,10,14,17,20,28,24,35,7,5,11,31,12,9,39,66,23,35,34,55,40,37,64,47,30,35,47,130,,46,10,19,11,12,6,8,23,29,46,66,25,78,23,66,56,18,60,34,20,69,84,20,6,,56,36,37,61,32,42
20150109,16,O3,62,53,42,60,29,32,35,49,70,37,51,50,31,32,46,16,43,38,38,56,77,62,96,92,82,99,67,102,62,68,90,137,66,72,88,90,62,82,94,93,89,121,103,117,58,115,82,60,25,31,52,62,63,93,126,112,81,96,98,123,115,100,48,81,9,37,17,11,98,23,53,58,46,34,40,19,47,74,63,34,102,23,52,53,21,51,27,79,7,46,44,9,29,20,25,106,120,114,144,84,126,126,95,184,92,32,59,62,84,36,54,34,22,15,21,34,52,47,40,51,43,57,55,25,32,59,54,87,33,29,68,95,20,38,96,136,70,103,39,47,22,43,61,68,21,7,23,21,83,68,52,49,80,88,65,56,63,48,29,26,37,34,27,21,44,4,5,30,12,35,96,90,96,74,83,109,51,69,100,99,54,103,58,92,55,26,102,40,110,44,93,38,75,86,30,88,68,40,76,70,64,47,85,44,20,22,54,39,40,42,54,57,29,51,39,58,45,49,52,66,49,52,69,43,84,74,39,39,82,85,51,59,66,56,98,77,93,80,107,76,25,64,90,93,85,52,104,92,52,24,44,67,82,58,72,105,32,63,68,66,64,75,69,75,26,80,53,120,93,70,52,48,44,74,69,81,53,99,18,84,41,51,58,51,40,49,53,58,56,30,23,27,69,74,42,59,34,54,60,65,18,42,66,40,73,55,54,29,24,31,31,41,52,69,42,89,34,94,72,80,95,52,67,44,69,35,82,58,88,51,55,78,82,67,93,,84,104,89,101,101,10,116,7,59,67,55,33,45,18,59,52,56,57,135,68,61,52,86,45,,32,112,144,28,42,28
20150109,16,O3_24h,65,58,51,66,40,33,48,66,71,39,55,58,32,34,52,24,50,54,43,75,83,73,97,96,84,101,73,105,77,74,93,141,71,84,90,104,77,107,94,99,94,121,109,117,69,115,86,64,32,49,70,96,76,103,130,125,106,97,129,138,123,128,75,98,15,55,58,54,99,40,54,74,65,40,62,84,54,75,65,39,107,24,66,55,34,57,33,82,26,46,52,17,40,52,45,111,130,140,146,102,134,129,110,184,113,42,66,63,92,42,68,38,38,33,26,48,65,57,67,60,60,63,72,52,33,60,70,94,40,36,86,105,25,55,101,140,87,111,43,48,36,62,67,77,39,53,59,92,94,73,56,52,86,101,88,84,71,48,29,28,45,51,39,37,44,29,25,55,38,48,96,107,96,90,86,119,56,83,101,108,76,103,89,98,55,29,104,40,110,47,94,39,79,86,46,93,71,46,118,81,72,49,92,46,42,35,57,47,43,51,63,65,39,61,47,63,61,70,69,70,56,62,83,73,100,85,46,69,96,126,70,59,91,67,94,78,93,89,111,83,60,76,96,98,99,82,112,103,59,44,49,69,78,63,72,111,60,87,92,82,92,90,92,78,26,99,90,129,101,84,75,90,51,79,78,92,67,142,32,90,59,65,69,80,45,52,53,58,65,48,33,27,69,79,45,71,35,59,64,65,43,55,67,71,76,70,99,60,48,35,65,67,59,69,46,92,40,96,73,88,95,54,69,48,80,36,93,66,89,71,55,82,88,68,93,,84,110,89,107,108,28,130,8,63,68,55,36,45,20,66,63,61,63,143,93,67,52,90,75,,39,112,154,32,42,36
20150109,16,O3_8h,52,38,28,42,19,17,21,50,55,29,34,33,16,19,32,15,33,39,23,43,43,40,46,54,44,62,45,59,50,46,55,92,41,49,53,67,46,47,45,67,64,70,61,71,41,79,70,45,14,26,43,38,44,67,93,85,60,55,71,94,91,73,50,74,6,18,14,25,83,16,27,31,33,15,28,21,35,52,40,27,86,13,32,34,20,37,15,48,13,26,25,8,19,22,25,84,100,98,108,50,90,90,79,122,68,26,39,42,56,30,41,27,25,17,12,31,50,45,44,45,35,37,44,26,17,38,43,53,19,19,44,57,14,31,90,98,68,104,17,22,16,27,52,28,21,11,15,21,72,37,32,21,74,65,38,42,57,24,17,15,29,29,16,19,20,6,8,30,17,26,50,56,58,49,49,66,33,42,66,67,37,84,55,53,31,21,68,26,73,26,57,22,52,59,25,54,57,34,53,46,61,39,73,29,25,23,36,32,29,36,49,55,30,49,39,40,46,57,58,50,51,41,54,32,66,57,32,37,66,92,41,36,50,48,76,48,61,68,74,52,20,40,52,72,66,33,70,63,30,25,27,40,45,29,38,90,21,44,48,32,43,48,60,34,12,41,36,75,67,64,39,36,15,53,60,61,49,81,17,71,43,44,50,25,30,22,16,26,40,30,21,11,36,60,33,48,30,48,38,46,25,39,50,33,65,43,62,44,21,27,30,37,14,68,42,75,30,78,52,60,71,25,37,21,41,22,57,39,45,40,35,59,37,38,42,,45,88,65,85,78,10,117,5,47,43,28,22,30,19,26,29,37,26,117,69,28,20,52,53,,27,75,102,17,29,24
20150109,16,O3_8h_24h,52,39,28,42,19,17,26,54,55,29,34,33,16,26,40,27,39,47,24,56,47,46,74,54,54,70,54,62,61,53,55,92,46,58,65,70,47,54,57,79,70,70,78,94,46,96,72,55,30,47,47,49,61,94,100,104,94,67,91,120,102,111,74,89,11,35,54,48,91,27,36,44,58,19,48,64,42,62,40,29,90,15,32,37,24,37,20,51,34,32,45,16,28,57,25,97,117,119,126,91,118,114,100,145,94,26,41,55,56,33,55,28,37,39,17,35,53,46,66,47,45,38,57,48,17,38,58,75,33,34,76,92,24,44,94,101,88,104,23,33,24,39,62,36,26,48,52,36,79,47,42,30,75,65,39,61,64,24,24,34,43,48,48,42,46,29,25,58,41,48,56,56,67,70,61,66,53,42,66,67,67,84,70,56,31,25,92,40,83,34,77,29,65,59,31,84,57,41,80,64,61,43,87,31,44,40,48,33,34,36,49,62,38,59,41,59,50,57,58,54,52,54,66,60,75,68,39,44,82,102,51,53,59,60,84,69,83,88,80,64,45,64,62,89,84,80,93,71,30,25,29,40,75,50,43,98,41,46,63,79,75,72,82,71,12,66,81,117,72,76,58,80,42,67,72,81,55,106,26,73,53,58,70,75,36,40,25,29,42,49,26,12,45,69,39,66,30,51,39,49,35,49,65,69,65,66,66,54,41,28,51,61,59,68,43,84,36,87,70,83,84,40,46,32,52,28,65,57,64,58,37,71,58,64,52,,59,108,76,100,105,15,121,9,50,50,35,32,30,19,41,52,52,50,129,88,52,28,73,68,,28,102,119,33,29,41
20150109,16,CO,0.358,0.955,2.763,1.032,1.302,3.04,4.587,1.44,0.303,0.255,1.237,1.564,3.454,2.268,1.721,2.793,0.788,1.346,0.906,1.555,1.256,1.315,1.471,1.744,1.718,1.576,1.935,1.476,1.618,1.342,1.235,1.009,1.39,1.327,1.198,1.175,0.806,1.238,0.978,0.866,1.464,1.005,1.254,0.712,0.755,0.709,0.677,0.998,2.559,2.119,1.444,1.36,1.273,1.172,1.252,1.403,1.143,1.41,1.16,1.092,1.11,1.024,1.064,1.072,1.135,1.044,1.133,1.566,0.734,2.626,3.872,0.576,1.114,2.153,1.603,1.688,1.859,0.354,1.047,1.748,0.665,2.064,2.388,1.396,3.536,2.289,2.071,1.489,3.685,1.764,2.195,2.416,2.269,2.282,2.944,0.862,0.666,1.374,0.954,1.033,1.097,1.146,1.246,1.244,1.185,1.211,2.409,1.848,2.299,4.437,0.63,0.676,2.237,3.556,2.261,1.103,0.902,0.759,0.918,0.538,1.406,1.799,1.283,2.168,3.566,0.982,1.845,0.617,1.44,1.106,1.87,1.588,1.18,2.823,0.947,1.68,1.21,0.611,0.624,0.719,1.311,0.438,1.176,0.754,0.987,0.84,2.229,1.267,1.759,3.826,1.609,0.99,0.97,0.488,0.874,1.447,1.499,1.814,2.373,1.98,1.807,2.296,2.5,2.186,3.585,3.453,3.109,2.059,3.083,1.607,1.019,2.157,1.482,1.591,1.963,1.329,1.042,1.478,1.649,0.706,,0.976,1.095,1.324,1.958,0.362,0.536,2.41,0.605,1.101,0.294,1.556,3.367,1.293,3.391,0.815,0.352,0.687,1.12,0.529,0.49,0.155,1.387,1.073,2.478,1.584,0.891,1.636,2.126,0.303,0.416,0.491,1.049,1.484,0.953,0.324,0.76,0.926,0.362,1.872,0.247,1.156,0.944,1.463,1.491,3.716,0.175,0.901,0.724,1.12,0.578,1.034,0.714,2.013,0.628,0.699,1.272,1.047,0.726,0.723,1.589,1.023,1.119,1.199,1.106,1.174,0.916,0.998,2.546,1.648,4.163,0.848,1.042,1.607,0.717,0.489,3.313,0.151,2.99,2.045,2.522,3.052,1.893,2.947,0.321,1.28,1.584,1.649,2.29,1.34,0.723,1.832,0.96,1.578,1.552,1.442,1.493,1.146,0.982,1.195,0.866,0.432,0.95,0.501,0.862,0.598,0.421,0.373,0.878,1.164,1.006,0.982,0.691,0.453,0.225,0.453,0.938,1.194,1.585,1.017,1.18,0.756,0.61,0.843,0.773,1.059,1.68,0.621,1.023,1.144,0.736,0.527,0.597,0.951,1.227,0.154,0.742,1.394,1.159,0.845,0.24,2.397,1.655,1.979,2.839,1.422,0.595,0.781,0.39,4.711,0.657,2.61,0.624,0.655,0.66,,0.609,1.354,0.49,0.256,0.398,1.505,0.652,1.241,0.749,0.465,2.099,1.091,2.22,0.588,0.467,2.816,1.422,2.072,,2.114,2.237,2.394,2.419,0.696,,1.128,0.814,0.892,2.269,0.657,1.614
20150109,16,CO_24h,2.226,4.565,4.904,3.434,2.85,3.984,7.875,1.101,2.19,2.145,4.108,4.011,7.583,2.992,2.577,2.932,1.432,1.356,1.757,1.704,2.001,1.899,1.922,2.138,2.743,1.812,2.214,2.479,1.734,1.545,1.663,1.707,1.724,1.507,1.457,1.439,1.25,1.589,1.63,1.162,1.451,1.397,1.498,0.926,1.151,0.714,0.678,1.102,2.706,2.114,1.649,2.095,1.341,1.247,1.345,1.446,1.248,1.535,1.541,1.124,1.187,1.223,1.13,1.318,1.248,1.225,0.938,1.132,0.808,2.586,3.193,1.881,1.323,3.397,1.494,1.471,1.766,0.675,3.164,2.962,0.741,2.887,4.093,3.2,2.989,3.448,3.708,2.23,2.387,3.055,2.555,3.286,2.975,1.434,2.853,1.108,0.761,1.803,1.195,1.149,1.32,1.327,1.361,1.426,1.527,1.645,2.497,2.643,4.762,4.344,1.266,1.038,2.798,2.522,3.743,2.191,1.44,1.159,1.018,1.202,1.895,2.332,1.401,2.128,4.517,1.866,1.856,1.4,2.143,1.797,1.993,2.235,1.584,3.072,0.985,1.729,1.219,0.874,1.016,0.866,1.697,0.509,1.147,0.945,0.983,0.695,1.928,1.509,1.876,4.861,1.832,1.447,1.097,0.711,1.334,2.009,0.868,3.562,3.394,3.374,2.558,2.263,2.995,1.919,3.827,2.86,3.469,1.382,2.86,2.406,1.32,2.485,1.467,2.021,2.012,1.472,1.719,2.005,1.814,0.691,1.624,1.243,1.542,1.639,2.215,1.061,1,2.68,0.751,2.633,1.374,2.738,4.428,2.459,3.947,1.177,1,1.593,1.601,1.146,1.029,0.302,1.765,2.3,1.445,1.427,1.68,2.813,2.536,1.014,0.972,0.598,0.97,1.688,0.819,0.451,0.928,0.581,0.61,1.675,0.646,1.462,0.894,1.763,2.153,2.933,0.551,1.522,1.013,1.417,0.872,1.477,0.951,2.302,0.694,1.046,1.42,1.416,0.854,1.043,1.456,1.578,1.039,1.655,1.089,1.06,1.158,1.004,2.481,3.699,3.135,1.392,1.615,2.648,1.836,0.853,3.192,0.432,3.195,1.888,2.723,2.657,2.193,3.487,0.955,1.553,1.602,2.076,4.079,1.367,0.937,1.621,0.543,1.421,1.552,1.477,1.553,1.277,1.127,1.164,1.026,0.659,1.028,0.803,0.803,0.688,1.086,0.701,0.993,1.494,0.91,1.31,0.886,0.431,0.337,0.591,1.044,1.247,1.946,1.317,1.074,0.855,0.749,0.835,0.763,1.34,1.587,0.465,0.946,1.094,0.751,0.67,0.782,2.001,1.159,0.193,0.736,1.434,1.767,0.749,0.356,2.413,2.694,1.979,2.956,2.094,1.109,1.765,1.184,6.562,1.151,3.215,2.065,1.253,2.315,,2.031,1.383,0.355,0.19,0.433,1.257,0.729,1.486,0.675,1.325,3.967,2.22,3.142,0.791,1.931,3.681,1.499,4.834,2.112,1.961,2.884,4.031,2.293,0.442,,2.738,0.977,1.102,3.769,2.226,2.028
20150109,17,AQI,28,42,206,53,80,323,322,46,31,35,61,98,223,59,64,226,61,206,235,209,131,161,205,289,157,138,188,154,131,149,163,148,142,136,191,121,188,135,150,105,137,88,65,82,87,73,61,87,299,263,96,208,185,75,88,98,72,106,98,77,67,61,87,72,137,103,72,27,44,120,135,49,78,148,181,235,67,28,52,108,72,275,377,83,365,59,199,237,198,210,268,343,233,186,233,54,67,58,82,67,69,97,61,87,56,15,228,49,54,141,34,30,154,207,106,59,116,27,64,42,96,137,98,121,326,90,75,71,105,111,322,110,99,103,135,87,91,56,67,63,23,85,131,96,148,69,55,108,88,70,55,81,56,56,99,78,126,160,174,232,235,219,289,321,78,248,313,209,203,199,137,147,188,184,192,115,171,105,113,120,266,175,114,144,113,69,78,115,69,60,40,78,174,48,124,54,37,35,56,37,32,28,52,30,288,168,76,85,76,39,59,74,44,67,86,39,78,131,35,228,26,114,83,139,138,96,75,92,67,105,69,82,77,87,64,60,74,51,65,77,181,106,106,47,75,82,61,54,115,132,270,89,68,144,92,81,233,49,228,163,289,172,138,144,117,199,120,121,125,143,94,121,83,96,94,106,108,103,46,117,61,82,89,66,100,124,50,88,122,117,69,87,75,32,19,30,80,30,32,27,39,38,28,64,66,34,56,28,77,33,31,48,53,34,41,40,55,42,49,33,39,161,48,137,64,81,89,72,57,104,72,73,98,50,56,,59,54,54,47,43,23,66,100,121,56,177,124,170,120,59,186,136,56,177,38,100,108,107,26,,59,64,69,103,54,67
20150109,17,PM2.5,11,19,155,27,58,272,215,14,9,7,16,68,172,34,27,175,42,155,184,158,99,122,154,238,119,105,141,117,99,114,123,113,108,103,143,91,141,102,115,78,104,65,42,60,64,51,40,64,248,212,56,157,139,54,64,73,52,79,73,56,41,40,64,52,104,76,52,14,12,77,102,32,39,113,136,184,41,5,35,80,52,224,254,56,314,31,149,186,148,159,217,292,182,140,182,36,48,38,60,48,43,72,43,64,39,6,177,19,36,107,12,8,117,156,79,41,87,14,42,29,71,104,73,80,275,56,54,46,64,83,271,82,74,76,102,64,67,24,48,44,13,62,99,71,113,49,38,80,55,50,28,59,25,8,74,48,95,121,131,181,184,168,238,270,57,197,262,158,152,149,104,112,141,138,144,86,129,78,84,90,215,132,77,110,84,49,57,77,49,26,10,47,131,21,93,19,18,21,27,17,13,10,28,17,237,127,55,62,55,23,37,53,17,37,63,26,57,99,14,177,11,85,61,106,105,71,54,68,48,78,49,60,56,64,40,39,53,24,40,56,136,79,79,29,54,60,43,37,86,100,219,66,43,110,65,59,182,27,177,123,238,130,105,110,88,149,90,83,80,109,70,91,61,71,70,79,80,76,32,88,43,60,66,38,75,93,35,65,92,88,49,64,54,21,12,19,58,20,17,16,27,26,7,45,47,18,39,19,56,23,15,33,23,2,14,10,10,14,34,15,7,122,15,104,35,59,66,28,21,77,39,38,13,19,21,,12,9,31,4,18,12,28,75,91,26,133,55,128,90,22,140,56,20,33,26,75,80,61,9,,28,45,49,76,24,48
20150109,17,PM2.5_24h,93,187,206,170,110,206,447,22,48,134,157,252,274,64,51,209,86,100,198,124,122,140,163,238,160,110,146,157,116,146,128,156,131,108,138,98,116,123,144,100,78,90,64,77,97,53,41,64,195,142,90,183,145,55,69,72,53,69,70,63,45,40,65,46,85,84,49,12,17,66,86,42,52,149,131,143,53,19,88,112,42,254,285,220,244,155,227,252,122,189,197,242,204,99,170,47,43,63,74,54,59,59,45,70,30,12,218,40,90,108,35,38,107,117,106,78,80,42,48,94,86,122,70,65,235,125,43,102,65,233,196,89,96,96,95,66,75,26,51,60,25,68,78,71,79,53,24,72,68,52,35,63,30,24,71,55,89,215,118,153,173,121,193,153,122,141,178,100,137,133,117,116,119,174,140,122,155,100,106,104,143,99,95,112,104,74,88,114,53,99,51,70,135,67,106,44,62,75,77,35,50,9,30,78,103,73,110,106,99,60,87,29,11,63,69,26,37,85,29,162,23,87,65,156,114,75,57,107,66,94,60,84,63,79,51,44,61,39,44,64,108,68,72,51,61,51,43,55,92,137,303,102,87,121,129,96,158,40,151,178,190,134,108,139,113,134,127,115,81,105,93,106,65,64,64,77,72,62,42,81,43,70,58,26,66,97,52,73,66,108,38,68,58,21,12,21,54,25,39,18,19,40,18,49,34,15,42,8,32,31,30,33,47,7,16,15,31,25,57,25,15,129,50,75,33,85,85,65,55,71,55,59,64,54,220,,43,20,40,26,40,49,35,76,63,52,189,78,146,89,49,166,91,59,31,13,98,107,56,18,,81,58,62,123,136,58
20150109,17,PM10,21,41,227,53,106,395,436,45,22,34,69,144,283,65,76,234,70,182,215,222,170,213,229,249,233,206,225,194,183,185,192,144,192,163,202,142,201,135,179,118,174,105,77,93,101,94,70,87,380,329,140,181,160,71,124,131,74,111,103,74,82,69,97,81,148,120,64,26,18,188,143,48,103,139,210,246,82,11,51,100,87,272,480,114,409,66,227,338,193,264,345,430,307,209,232,55,71,63,89,72,86,97,69,103,58,7,284,48,56,148,33,25,166,213,115,66,123,26,75,35,105,131,119,189,367,127,98,89,158,137,384,163,101,110,121,97,96,41,68,60,22,86,131,114,149,58,45,146,123,75,58,108,60,59,137,103,139,183,277,296,272,239,328,344,73,293,324,235,203,197,161,167,208,246,208,127,218,116,126,154,322,121,175,163,116,62,86,178,63,68,39,104,236,47,98,56,36,34,60,36,24,27,52,29,319,173,72,94,75,38,65,50,43,81,85,38,75,124,34,196,23,128,110,134,139,102,75,103,74,124,81,88,97,94,76,68,78,50,78,90,210,147,132,46,87,90,69,54,174,183,229,120,83,168,132,97,269,48,247,184,348,203,152,154,125,221,108,189,198,131,93,148,82,110,104,124,110,83,37,122,45,81,80,80,114,103,44,84,155,108,79,93,90,19,16,29,66,25,31,21,,31,14,66,72,33,,20,62,8,30,,54,18,40,27,58,21,38,14,13,153,47,117,75,97,98,92,61,139,92,93,144,49,59,,66,56,44,5,31,22,55,133,149,60,196,196,229,99,65,257,219,60,301,34,101,154,161,9,,66,66,76,104,56,70
20150109,17,PM10_24h,118,284,316,247,204,349,633,56,91,195,252,413,411,118,123,290,125,135,243,170,213,187,225,279,272,252,216,226,198,217,216,205,232,153,196,150,178,146,198,154,130,144,111,112,125,82,63,96,341,231,203,212,149,73,93,101,79,100,96,84,80,73,96,68,118,130,60,23,26,164,136,71,105,209,190,209,125,63,110,146,64,317,431,305,319,206,375,395,161,323,336,414,310,151,231,63,75,81,102,78,85,95,70,101,56,18,330,98,126,153,75,76,155,178,158,116,108,55,75,112,138,169,132,151,350,214,85,168,150,311,279,178,120,129,110,89,92,38,81,70,52,100,115,107,105,76,33,204,140,127,69,122,65,81,179,104,135,304,268,246,250,170,244,197,135,217,225,149,176,179,170,157,170,272,172,144,232,137,150,186,194,150,190,177,144,90,123,170,76,158,119,127,230,110,116,95,101,113,158,70,71,32,54,171,140,107,138,185,134,103,127,32,32,84,101,57,52,112,47,192,46,131,109,170,155,113,77,192,86,134,113,109,99,117,76,61,67,69,69,113,159,123,101,66,98,76,69,82,160,241,312,159,130,191,193,137,239,62,229,279,278,200,166,209,143,180,171,189,147,137,142,161,96,91,88,106,88,79,65,108,64,90,73,63,102,116,66,102,106,129,59,114,93,26,19,33,73,42,66,23,23,51,29,59,46,30,60,13,46,37,46,36,102,27,34,36,92,85,42,32,22,154,112,92,85,217,132,117,90,121,92,118,113,91,293,,113,38,67,37,60,57,44,131,97,93,264,251,234,111,133,317,307,117,100,22,134,233,140,32,,205,86,86,151,200,85
20150109,17,SO2,8,33,136,29,55,109,142,61,13,14,42,48,151,99,50,217,48,100,117,62,47,63,69,106,74,54,70,55,63,50,49,46,49,44,68,50,105,49,64,27,46,56,38,33,27,13,12,33,111,174,76,44,44,18,18,19,19,32,33,20,16,28,21,11,21,13,45,7,5,60,57,5,182,104,45,60,47,11,89,46,14,171,159,83,159,50,123,133,49,112,143,183,103,31,85,27,10,12,18,16,15,14,28,18,46,2,129,22,42,133,13,88,139,182,109,196,60,48,44,20,26,48,43,160,124,52,94,34,65,70,75,34,44,34,45,19,30,2,22,22,41,53,14,11,26,24,12,61,31,82,19,41,101,12,125,11,30,75,96,182,157,199,145,76,25,57,95,50,50,121,42,82,11,78,76,49,70,45,34,41,85,25,28,39,39,134,20,66,21,52,40,96,113,31,20,113,21,20,22,55,27,23,4,49,306,150,87,283,25,20,29,33,36,10,28,13,27,45,39,42,32,40,32,46,67,27,7,16,45,80,15,40,23,32,13,26,21,32,16,23,66,63,53,30,64,85,62,33,118,126,139,49,32,21,101,178,79,20,60,60,101,57,28,23,34,108,53,65,49,41,39,47,120,33,16,40,17,23,7,23,5,12,8,38,15,11,13,10,13,26,14,8,55,2,9,23,29,87,6,12,9,22,18,9,108,9,11,19,9,39,12,15,9,10,5,6,4,6,28,7,6,32,12,45,55,96,59,145,46,30,11,52,15,18,32,,21,20,166,6,17,2,83,37,88,10,72,9,24,27,37,53,13,17,22,60,56,79,51,2,,90,16,18,96,37,76
20150109,17,SO2_24h,35,104,207,97,90,127,251,46,38,38,149,153,252,197,71,301,85,107,216,53,52,51,108,80,70,54,71,61,52,61,49,61,53,31,54,35,62,41,78,31,28,39,28,24,26,11,12,36,135,115,126,41,40,22,14,18,21,26,32,30,18,25,24,10,20,14,28,8,6,48,48,37,139,81,41,41,60,26,141,79,12,201,120,102,111,199,249,105,84,225,145,129,106,78,200,32,16,19,30,13,18,23,38,15,29,6,116,66,127,196,99,110,149,111,164,144,53,57,41,37,24,55,50,102,169,89,106,96,95,48,85,38,44,20,39,19,41,2,20,20,41,39,20,14,21,20,15,39,42,81,23,43,186,26,186,9,24,196,164,200,116,135,118,119,106,86,120,53,53,87,38,62,10,81,66,40,78,43,40,43,63,32,24,37,29,137,19,49,34,105,147,165,99,58,144,41,44,29,84,37,26,26,15,136,111,112,94,184,52,30,63,48,24,7,29,9,14,29,51,52,34,37,31,34,65,24,6,13,41,57,17,34,21,27,13,29,27,32,11,19,38,58,56,64,68,60,47,91,140,144,114,79,33,24,78,42,73,27,59,59,37,37,21,24,22,54,73,79,49,64,55,40,113,36,17,40,18,20,11,23,10,15,7,26,20,19,17,17,12,13,11,9,56,2,11,26,24,77,10,13,10,22,19,14,71,9,9,16,12,16,16,19,20,7,7,6,4,8,36,24,6,25,28,43,12,67,59,75,128,48,26,93,91,34,155,,40,23,50,4,24,2,30,36,66,29,80,10,27,26,42,67,45,40,17,29,38,66,39,4,,137,23,30,124,69,133
20150109,17,NO2,32,39,121,56,63,98,121,40,19,23,40,73,117,29,32,98,43,80,95,136,66,88,94,67,52,72,84,58,127,61,36,45,50,85,103,70,114,61,78,45,68,51,35,56,33,35,26,39,111,124,75,90,63,40,40,52,44,33,65,31,28,35,32,17,52,58,41,31,7,78,100,18,48,82,57,105,41,18,48,46,40,122,131,58,130,46,89,115,87,92,111,136,107,56,118,31,26,15,23,33,22,27,42,32,29,13,93,13,36,51,22,40,80,106,107,82,61,42,52,32,32,51,52,94,121,48,68,36,66,58,77,40,37,50,32,22,30,12,37,25,23,48,28,40,61,41,31,77,50,62,30,38,41,19,39,36,46,61,62,72,99,132,106,64,40,126,120,99,90,52,47,73,102,117,74,48,118,79,60,66,126,62,66,89,43,33,32,42,29,26,12,30,35,23,19,34,35,42,14,23,29,6,6,27,121,98,48,91,62,54,34,32,15,26,28,28,45,51,27,135,29,43,22,58,42,57,24,15,29,64,27,38,32,18,29,25,8,32,9,36,67,38,52,20,43,61,36,29,124,97,124,55,41,29,58,24,121,25,89,52,64,102,50,40,36,45,21,25,36,47,25,54,28,53,16,24,22,22,23,22,26,22,19,36,25,20,22,24,33,37,12,26,18,19,5,18,23,19,20,16,26,40,13,19,27,10,18,42,16,17,15,23,10,10,1,8,4,7,29,1,2,38,31,32,54,33,54,42,19,41,29,24,11,45,61,,14,6,37,5,9,6,19,27,31,12,44,8,64,21,26,38,12,28,15,26,52,67,14,9,,37,25,27,61,20,50
20150109,17,NO2_24h,71,105,123,104,76,131,132,17,40,54,86,106,128,39,44,92,63,61,101,111,96,101,86,71,69,69,68,72,93,62,43,51,56,70,92,78,79,86,107,49,55,64,44,45,44,38,20,48,105,96,76,105,61,49,44,59,50,43,70,49,30,39,35,10,41,50,29,27,11,56,69,37,46,92,64,72,46,27,69,61,29,102,120,90,97,84,105,93,72,91,89,104,99,65,110,37,27,23,26,38,30,37,44,33,41,19,92,30,67,38,46,31,71,64,93,60,45,33,36,34,36,64,54,58,103,70,42,67,66,48,76,42,36,33,30,22,26,13,41,37,35,35,31,51,28,36,26,47,58,57,31,47,22,68,35,43,39,80,67,60,89,94,70,41,75,75,90,48,56,31,73,84,77,108,79,47,107,75,71,68,70,57,46,59,50,37,40,47,41,27,37,40,36,49,36,41,34,40,41,42,27,6,17,41,57,71,61,66,58,42,34,21,9,18,24,25,24,33,24,131,27,64,25,69,64,66,25,25,35,59,40,54,38,31,23,31,10,34,6,37,38,47,39,32,45,42,37,36,119,83,116,77,49,39,74,28,81,24,84,55,46,76,44,47,39,48,36,33,35,44,33,53,34,18,15,25,21,24,23,19,16,21,22,35,31,33,33,28,22,32,16,25,26,8,10,21,24,17,31,25,17,28,16,21,18,16,19,21,11,14,17,19,27,25,33,7,5,11,31,12,9,39,66,24,37,34,56,40,37,64,47,30,34,48,128,,45,10,19,11,12,6,9,23,30,46,66,26,78,23,66,56,19,60,34,21,69,84,20,6,,56,36,37,61,31,42
20150109,17,O3,51,37,28,42,19,19,19,27,62,29,39,38,20,27,43,10,38,25,26,35,64,65,64,70,64,88,47,75,44,52,73,110,54,57,74,84,46,91,90,83,81,109,97,90,49,108,81,55,17,24,42,56,62,89,121,99,79,87,104,117,111,94,41,93,9,39,17,12,98,22,46,56,40,29,47,15,43,66,51,23,95,12,18,43,13,43,18,61,6,30,26,6,25,36,12,94,118,114,152,84,121,121,87,176,80,32,68,59,78,32,50,28,13,5,14,16,37,25,27,35,51,47,59,18,26,45,42,94,31,24,55,82,18,28,93,113,71,103,41,49,24,22,69,66,21,7,26,14,75,51,49,47,80,91,59,54,67,34,25,11,25,24,8,9,43,1,4,11,5,22,106,77,56,45,69,84,32,43,84,84,38,81,52,50,50,19,90,37,97,38,91,36,70,76,45,80,49,24,68,59,49,46,82,32,17,11,48,33,27,23,36,49,26,48,36,56,45,39,45,58,36,45,62,36,74,64,36,43,85,83,51,46,54,54,78,74,85,65,99,69,19,63,70,92,83,45,105,83,34,26,32,55,80,49,56,95,20,57,63,59,25,97,68,59,27,87,54,118,79,59,47,49,43,63,67,79,48,101,17,77,33,47,49,55,40,59,57,59,52,25,22,30,69,65,50,58,32,55,55,72,16,32,61,39,68,59,64,19,28,28,28,37,58,68,40,86,35,96,72,81,94,54,65,41,61,22,77,55,86,64,54,79,83,47,93,,81,103,67,98,101,9,113,7,57,63,53,34,44,18,66,64,58,60,134,74,61,46,93,42,,25,103,136,11,35,18
20150109,17,O3_24h,65,58,51,66,40,33,50,63,71,39,55,58,32,34,52,23,48,53,43,75,83,75,97,96,84,101,73,105,76,74,93,141,69,86,90,104,77,113,96,99,94,121,109,117,69,115,85,63,28,43,70,93,75,95,131,119,88,97,125,128,121,114,66,98,16,50,58,54,99,32,56,74,58,40,57,78,54,71,65,39,107,24,66,55,34,57,30,82,22,46,44,16,40,46,43,111,128,140,152,92,134,128,99,184,98,42,71,63,92,41,64,38,38,27,27,48,65,57,63,60,72,63,71,45,33,60,68,98,35,34,76,94,23,49,101,140,83,111,42,51,35,60,69,79,39,47,45,80,95,73,53,50,86,101,66,83,73,48,29,28,45,51,32,37,45,12,16,43,30,48,106,107,96,90,86,119,56,83,101,108,76,106,89,98,55,29,103,40,110,47,94,39,76,86,45,89,71,46,117,81,72,49,89,46,37,35,57,47,43,51,63,65,37,61,47,63,61,70,69,70,56,62,83,59,99,83,46,69,92,126,65,59,91,66,94,78,93,81,111,83,50,70,93,99,95,76,108,103,59,44,49,69,76,61,72,111,56,87,85,78,77,124,88,75,27,100,83,122,101,84,75,79,47,79,76,88,67,107,26,90,57,55,69,67,46,60,58,61,66,46,34,30,71,79,50,66,35,59,64,72,43,55,67,66,76,68,75,60,48,35,56,66,58,69,46,89,39,96,72,87,95,55,68,48,69,36,93,66,88,64,55,82,83,67,95,,84,108,89,103,108,24,130,8,62,68,55,35,45,20,67,65,64,63,136,93,62,52,93,69,,39,112,149,32,46,36
20150109,17,O3_8h,55,43,30,46,21,20,23,50,60,32,38,37,18,21,36,15,36,39,26,45,50,47,53,61,50,71,50,67,54,51,63,103,47,54,61,76,50,58,56,75,72,83,71,80,44,89,73,51,15,27,45,44,49,74,102,91,65,67,80,102,98,81,52,79,7,22,15,21,87,18,34,37,37,18,34,23,38,55,45,29,90,14,33,38,20,41,17,52,13,28,27,8,21,25,24,92,108,107,121,60,102,100,82,143,74,28,47,47,64,31,44,29,25,16,13,32,51,45,45,46,43,41,49,27,19,43,45,63,23,21,49,58,16,32,91,106,70,105,21,28,17,29,55,35,22,10,18,22,74,42,36,26,77,75,44,43,58,27,20,16,31,31,16,19,24,6,8,30,17,28,63,64,61,54,56,76,35,44,75,74,41,85,53,58,36,23,77,30,81,30,66,26,56,66,29,63,61,34,59,52,63,41,78,33,24,23,39,34,30,38,51,57,30,51,40,43,46,57,58,55,50,43,57,36,68,60,33,37,72,92,44,40,51,49,79,56,68,70,83,59,22,47,60,82,72,37,81,71,33,27,31,46,52,34,45,92,23,49,54,39,47,59,68,41,15,51,41,87,74,67,42,39,20,58,63,68,52,89,18,75,43,47,53,29,32,29,23,34,43,30,21,14,43,63,36,51,31,52,43,52,23,39,54,34,66,48,62,41,22,27,31,37,21,67,42,78,31,83,58,64,77,32,44,25,47,25,62,45,55,46,40,65,46,43,53,,54,93,69,93,85,10,118,5,51,49,33,25,32,19,33,34,40,32,119,70,34,25,58,50,,29,83,114,18,31,25
20150109,17,O3_8h_24h,55,43,30,46,21,20,32,54,60,32,38,37,18,26,41,27,41,48,26,56,50,49,74,61,56,73,55,68,61,53,63,103,49,59,65,76,50,58,58,78,72,83,78,94,47,96,74,55,30,46,48,52,61,94,105,105,94,68,94,120,106,111,74,90,11,36,53,48,92,27,37,45,58,20,50,67,42,61,45,30,92,15,33,40,23,41,20,53,33,31,45,16,28,55,24,98,117,119,126,91,118,114,100,147,94,28,47,55,64,33,56,29,36,37,16,35,54,46,66,47,52,42,58,48,19,43,59,75,33,34,76,89,24,44,95,106,87,105,24,34,24,40,62,38,26,48,52,36,81,48,42,31,77,75,44,61,64,27,24,33,41,46,46,40,43,29,20,57,40,46,63,64,67,60,61,76,52,44,75,74,67,85,70,59,36,25,92,40,84,34,78,29,65,66,31,84,61,40,79,64,63,42,87,33,43,39,48,34,34,38,51,62,38,59,41,59,49,57,58,56,52,55,67,60,73,68,38,43,84,102,51,54,60,60,84,69,83,85,83,65,45,64,62,89,84,80,93,72,33,27,31,46,75,50,46,98,41,49,63,79,75,72,82,71,15,68,81,117,76,76,58,80,42,67,72,81,55,106,26,75,53,58,70,75,37,40,23,34,44,48,26,14,46,69,39,66,31,53,43,52,35,48,65,69,66,66,66,54,41,28,51,61,59,68,43,84,36,87,70,83,84,40,48,33,52,28,65,57,64,58,40,72,58,63,59,,59,108,76,100,105,15,121,8,52,51,35,32,32,19,41,52,52,50,129,88,52,28,73,68,,29,102,123,32,31,38
20150109,17,CO,0.425,0.759,2.868,0.984,1.224,3.162,4.816,1.614,1.592,0.334,1.251,1.659,3.663,2.376,1.77,2.759,0.771,1.568,0.999,1.633,1.289,1.667,1.473,1.791,1.83,1.683,1.978,1.479,1.652,1.336,1.323,1.163,1.483,1.408,1.256,1.323,0.903,1.226,1.096,0.91,1.534,1.12,1.231,0.89,0.841,0.647,0.702,0.96,2.75,2.328,1.572,1.397,1.286,1.167,1.28,1.387,1.173,1.423,1.191,0.995,1.177,1.065,1.049,0.97,1.158,0.927,1.008,1.57,0.704,2.383,3.719,0.603,0.947,2.081,1.472,1.654,1.549,0.342,1.108,2.028,0.719,2.517,2.293,1.542,3.755,2.031,2.065,1.523,3.141,1.797,2.452,2.869,2.518,1.644,3.468,0.97,0.783,1.414,1.071,1.066,1.058,1.175,1.324,1.403,1.111,1.252,2.625,1.844,2.322,4.447,0.675,0.902,2.342,3.817,2.533,1.455,1.155,1.005,1.121,0.668,1.247,1.548,1.215,2.412,3.485,1.209,1.957,0.748,1.477,1.292,1.955,1.689,1.194,3.088,0.973,1.696,1.233,0.642,0.637,0.727,1.353,0.511,1.117,0.709,1.03,0.844,2.003,1.205,1.744,4.46,1.664,0.905,1.025,0.429,1.12,1.549,1.312,1.772,2.096,2.504,1.92,2.965,3.218,,3.24,4.482,3.561,2.56,2.907,1.911,0.961,2.234,1.826,1.599,1.962,1.515,1.131,1.614,1.718,0.753,2.482,1.32,1.217,1.565,2.064,0.368,0.873,2.351,0.603,1.133,0.293,1.573,3.303,1.412,2.576,1.47,0.608,0.933,1.391,0.78,0.538,0.207,1.226,1.322,2.77,1.89,1.12,2.107,2.289,0.757,0.617,0.851,1.021,1.699,1.153,0.388,0.887,0.883,0.668,2.207,0.433,1.205,1.029,1.391,1.513,3.43,0.26,1.005,0.691,1.263,0.566,1.34,0.755,2.027,0.57,0.812,1.258,0.988,0.754,0.767,1.831,1.274,1.297,1.196,1.16,1.301,0.987,1.017,2.544,3.177,3.516,0.874,1.227,1.431,0.896,0.623,3.365,0.228,3.273,1.439,3.512,3.425,1.795,3.053,0.248,1.243,1.468,1.57,2.409,1.425,0.87,1.768,0.564,1.692,1.512,1.413,1.479,1.203,1.024,1.249,1.078,0.474,0.957,0.506,0.822,0.538,0.589,0.437,0.913,2.212,1.031,0.939,0.698,0.508,0.264,0.469,0.946,1.256,1.595,0.924,1.247,0.836,0.659,0.849,0.917,1.011,1.577,0.846,1.01,1.156,0.76,0.446,0.548,2.689,1.158,0.139,0.744,1.367,1.578,0.847,0.251,2.197,1.733,1.982,2.833,1.545,0.709,0.765,0.427,3.776,0.954,3.248,0.687,0.802,0.628,,0.648,1.348,0.62,0.366,0.313,0.972,0.926,1.413,0.788,0.498,2.242,1.101,2.016,0.603,0.364,1.834,1.378,2.095,0.124,2.103,2.257,2.456,2.35,0.768,,1.196,0.839,0.97,2.677,0.755,1.844
20150109,17,CO_24h,2.114,4.358,4.873,3.383,2.713,4.016,8.141,1.127,2.145,2.072,4.079,3.887,7.391,2.993,2.532,2.975,1.429,1.374,1.739,1.727,2.005,1.915,1.946,2.108,2.742,1.815,2.243,2.494,1.746,1.554,1.662,1.716,1.726,1.517,1.46,1.451,1.249,1.585,1.631,1.16,1.462,1.394,1.495,0.93,1.145,0.718,0.682,1.105,2.75,2.176,1.632,2.089,1.34,1.247,1.34,1.444,1.252,1.538,1.533,1.125,1.189,1.218,1.125,1.306,1.246,1.229,0.942,1.147,0.802,2.622,3.368,1.846,1.338,3.353,1.498,1.435,1.758,0.651,3.133,2.926,0.745,2.925,4.096,3.157,3.047,3.418,3.622,2.23,2.456,3.056,2.591,3.331,2.985,1.458,2.991,1.109,0.753,1.784,1.19,1.15,1.296,1.32,1.365,1.417,1.517,1.638,2.526,2.64,4.737,4.376,1.256,1.046,2.824,2.62,3.778,2.201,1.437,1.152,1.042,1.185,1.732,2.315,1.409,2.169,4.557,1.836,1.883,1.37,2.146,1.776,2.011,2.292,1.569,3.078,0.986,1.724,1.222,0.861,1.016,0.867,1.658,0.513,1.15,0.948,0.989,0.711,1.939,1.54,1.88,4.862,1.839,1.452,1.105,0.676,1.329,2.003,0.861,3.535,3.372,3.425,2.584,2.349,3.081,1.962,3.835,2.979,3.557,1.434,2.92,2.451,1.305,2.499,1.529,2.058,2.016,1.48,1.733,2.006,1.823,0.7,1.703,1.252,1.546,1.652,2.213,1.048,1.01,2.664,0.744,2.645,1.301,2.743,4.442,2.447,3.949,1.223,0.997,1.587,1.614,1.151,0.995,0.304,1.756,2.288,1.527,1.472,1.668,2.737,2.514,1.007,0.962,0.612,0.981,1.723,0.731,0.453,0.913,0.592,0.599,1.716,0.635,1.464,0.907,1.775,2.146,3,0.536,1.52,1.01,1.423,0.866,1.483,0.943,2.291,0.697,1.038,1.422,1.295,0.854,1.044,1.493,1.581,1.055,1.644,1.101,1.088,1.165,1.011,2.522,3.772,3.197,1.391,1.615,2.615,1.827,0.844,3.239,0.429,3.224,1.888,2.781,2.704,2.183,3.487,0.934,1.547,1.607,2.076,4.076,1.377,0.935,1.655,0.539,1.412,1.545,1.474,1.552,1.274,1.124,1.172,1.024,0.64,1.026,0.795,0.808,0.688,1.073,0.701,0.989,1.537,0.903,1.303,0.89,0.436,0.344,0.582,1.039,1.25,1.932,1.299,1.08,0.853,0.738,0.839,0.775,1.333,1.592,0.482,0.951,1.092,0.748,0.663,0.779,2.1,1.165,0.197,0.74,1.438,1.789,0.76,0.354,2.43,2.69,1.981,2.971,2.105,1.117,1.763,1.176,6.676,1.148,3.255,2.047,1.258,2.301,,2.011,1.385,0.356,0.195,0.433,1.274,0.728,1.517,0.686,1.326,3.958,2.272,3.12,0.793,1.921,3.668,1.507,4.826,2.101,1.971,2.894,4.043,2.296,0.457,,2.706,0.972,1.082,3.766,2.401,2.051
20150109,18,AQI,36,57,217,64,83,331,333,61,33,36,69,110,248,64,65,230,67,235,259,216,133,170,211,309,172,141,193,164,138,156,202,170,148,149,200,131,217,158,161,117,148,111,76,117,100,66,65,78,261,275,129,212,191,75,89,98,75,98,104,77,71,66,82,68,141,114,69,22,46,108,120,41,79,135,200,239,71,31,61,108,71,340,340,90,365,58,182,261,120,177,283,355,260,100,215,61,78,69,100,74,70,103,67,97,56,15,256,39,53,133,38,30,161,226,158,76,122,58,97,46,99,137,107,134,319,109,79,108,105,167,296,117,94,121,146,96,93,56,66,72,28,92,109,94,157,88,56,104,114,106,63,82,71,56,115,89,111,133,138,263,281,263,347,313,58,257,255,239,170,234,136,164,203,186,203,128,172,120,121,122,264,241,120,157,147,86,88,110,64,58,37,75,144,42,85,111,51,49,54,48,36,37,43,78,303,172,78,142,71,51,74,99,46,63,120,61,93,170,63,205,30,109,80,138,143,93,85,91,66,99,77,85,74,104,62,64,80,55,67,82,204,108,115,48,77,86,69,54,126,170,245,94,76,125,108,85,234,54,236,179,331,174,146,147,108,182,108,118,136,157,96,143,72,94,100,103,110,115,53,113,58,82,93,63,92,97,54,99,122,139,75,108,72,34,20,42,80,32,25,29,43,38,29,65,87,38,59,42,67,33,32,39,50,34,43,41,57,45,48,35,42,174,54,131,82,99,99,75,57,91,75,69,56,76,64,53,59,51,75,49,47,24,66,94,108,62,205,118,174,114,62,232,137,61,158,37,98,117,111,24,,64,67,74,150,93,164
20150109,18,PM2.5,19,19,166,32,57,280,264,22,9,10,29,82,197,39,28,179,48,184,208,165,101,128,160,258,130,106,145,124,105,118,151,128,113,114,150,99,166,120,122,88,113,83,55,88,75,47,46,57,210,224,65,161,143,54,66,73,54,73,77,56,44,43,60,48,107,85,49,14,11,73,90,24,37,102,150,188,33,6,43,80,51,289,271,66,314,32,137,210,90,133,232,273,209,75,164,43,57,49,75,53,42,76,48,72,39,6,205,14,32,101,12,10,122,175,120,55,92,19,72,32,74,104,75,88,268,81,55,80,69,126,245,88,70,91,111,71,69,26,47,52,19,68,81,70,119,65,39,77,85,53,34,58,23,10,86,51,83,101,105,212,230,212,296,262,40,206,204,188,128,183,103,124,152,140,152,97,130,90,91,92,213,190,83,119,112,63,65,77,45,29,9,45,110,20,62,80,27,31,26,23,20,13,27,57,252,130,57,108,51,30,49,74,11,44,90,29,69,128,23,154,16,81,58,105,109,69,62,67,47,74,48,62,53,77,42,45,58,26,44,60,153,80,86,32,56,63,49,35,95,128,194,63,55,94,80,62,183,29,185,135,280,131,111,112,80,137,80,69,103,119,71,109,52,70,75,76,82,86,36,84,40,60,69,36,68,72,37,74,92,106,54,80,52,21,7,27,58,19,12,19,30,26,15,46,64,22,41,29,48,23,22,27,7,2,17,19,11,9,33,12,8,131,22,99,53,74,74,35,21,67,42,49,12,36,28,36,17,12,32,3,23,13,31,70,80,33,154,50,131,85,24,181,65,20,39,24,73,88,68,14,,34,48,53,115,69,124
20150109,18,PM2.5_24h,87,178,205,164,106,212,446,23,45,127,154,246,267,64,50,210,86,103,197,127,122,141,167,241,160,110,148,159,117,147,129,159,132,109,139,99,120,124,145,100,80,90,64,78,96,53,41,65,198,150,88,184,146,55,69,72,53,68,71,63,45,40,65,47,86,85,49,11,16,68,86,42,53,146,133,147,52,21,84,112,43,259,288,216,249,152,228,254,124,192,202,246,208,100,176,46,44,63,75,55,58,60,46,69,30,12,219,40,89,109,34,38,109,120,108,78,78,42,50,91,87,122,71,67,238,117,44,102,65,228,201,89,94,96,96,67,75,26,52,59,24,69,78,71,81,54,25,74,68,51,36,65,30,22,70,54,89,213,119,159,179,128,202,161,120,146,183,106,139,138,116,118,123,177,143,122,158,100,107,104,149,102,94,113,105,74,88,113,53,98,51,70,137,66,107,46,62,75,76,34,49,9,30,74,110,77,109,106,98,60,84,31,11,64,70,26,38,88,28,163,23,88,65,156,115,76,57,106,66,94,60,84,62,79,51,45,61,38,44,66,111,69,73,50,61,52,43,55,92,139,301,101,87,122,127,94,161,40,153,179,195,134,109,138,112,135,127,114,84,106,93,108,64,65,65,77,73,64,42,82,43,72,58,27,66,97,52,73,66,109,38,66,58,21,12,20,53,24,37,18,18,39,17,49,35,16,43,9,33,30,29,31,46,7,16,15,31,25,57,25,15,131,50,77,34,86,85,63,54,71,55,60,63,54,217,70,42,20,38,25,39,49,35,77,64,52,189,79,145,89,49,170,90,59,31,14,98,105,56,17,,80,58,62,123,115,62
20150109,18,PM10,35,61,250,76,113,413,445,70,32,35,86,162,296,75,78,255,77,208,209,237,172,219,240,282,247,230,238,196,207,205,215,181,220,196,214,151,238,127,199,134,188,125,97,138,141,80,74,94,336,360,205,205,158,73,120,129,85,114,114,72,89,80,103,84,148,132,63,21,18,164,138,40,105,123,208,267,89,15,60,104,88,343,451,128,390,63,206,363,126,238,388,463,320,127,224,64,90,75,107,77,88,110,80,111,51,,316,38,53,142,37,29,175,250,170,84,128,64,104,37,126,129,162,215,379,143,105,123,157,191,330,165,97,143,131,122,95,47,63,73,25,119,101,88,153,77,42,145,141,159,73,111,58,60,162,126,143,160,217,350,308,298,367,297,57,316,272,267,166,236,156,189,224,258,207,146,215,125,134,162,314,162,187,185,161,87,106,167,64,63,30,98,209,41,74,169,50,48,56,47,35,36,42,87,335,184,80,85,69,50,96,88,45,68,99,69,94,164,74,208,29,134,98,130,150,104,79,115,67,122,101,113,95,113,71,72,87,57,81,96,232,147,131,47,92,94,72,56,171,201,178,136,92,156,147,114,263,56,258,174,398,200,158,146,117,226,98,184,179,141,105,143,73,114,118,123,108,103,38,120,48,87,79,74,104,94,48,94,164,143,87,131,85,22,16,41,78,30,24,26,,34,26,74,104,37,,25,61,11,25,,49,8,42,39,61,21,22,10,25,149,56,141,112,140,111,98,61,129,97,82,59,100,75,38,65,50,97,10,44,23,65,125,129,72,224,184,129,98,72,251,221,69,264,,106,163,170,,,75,68,74,141,100,194
20150109,18,PM10_24h,108,270,314,240,197,356,633,55,85,187,247,402,401,118,119,292,124,137,241,175,213,188,231,281,274,254,220,229,199,221,217,208,233,155,197,151,182,147,201,153,132,144,112,113,124,83,62,97,345,242,202,215,151,73,95,102,79,103,97,84,81,74,97,68,120,132,59,21,26,166,137,70,107,205,193,212,122,61,106,146,65,322,438,300,322,203,370,399,165,327,342,422,314,153,240,65,75,81,103,79,86,96,70,101,57,17,332,97,124,156,74,74,157,183,160,116,106,55,77,110,132,167,134,155,354,205,87,167,151,306,285,178,118,130,112,91,93,38,81,69,50,102,115,106,108,77,32,214,139,125,70,123,66,78,177,104,134,302,269,255,257,179,255,206,133,225,230,157,178,185,168,160,174,275,177,142,237,137,151,186,204,150,191,178,143,89,123,170,77,158,118,127,233,107,116,98,99,112,153,67,68,32,54,159,150,112,138,183,132,103,125,35,33,85,101,59,53,117,47,194,45,131,108,168,156,114,75,191,86,135,113,110,99,117,75,61,67,69,69,114,164,125,102,66,97,77,69,82,162,243,310,159,129,192,192,137,242,63,233,278,286,202,167,208,143,185,169,190,150,138,142,162,96,93,90,108,90,80,64,110,64,77,73,64,102,116,66,102,109,130,60,115,93,26,19,33,67,40,62,22,22,50,28,64,48,30,60,14,48,35,44,46,101,27,33,36,94,86,57,30,23,156,111,93,86,218,133,117,89,123,90,117,114,92,290,89,112,39,66,36,60,56,45,133,98,94,264,251,232,111,132,318,298,116,108,22,135,230,141,25,,203,85,86,151,182,90
20150109,18,SO2,11,39,136,39,70,117,234,143,18,19,76,69,215,104,57,239,75,130,135,61,43,58,66,109,78,50,61,54,48,46,38,64,45,36,63,47,104,40,76,25,44,66,35,31,28,11,12,30,109,160,74,40,44,18,19,19,19,28,36,18,16,24,20,10,20,11,48,8,5,50,57,4,114,87,47,53,61,17,68,42,14,252,163,72,116,60,116,131,34,108,148,167,127,26,100,26,10,14,18,17,13,13,29,21,43,4,140,35,97,148,34,74,108,180,132,209,62,53,46,20,17,39,71,182,138,79,114,33,65,94,69,28,46,30,26,20,35,2,15,26,24,35,16,9,24,20,13,31,42,113,20,47,287,13,166,7,25,65,161,165,160,202,106,56,22,55,109,38,40,82,41,74,11,72,74,44,63,39,30,37,70,20,26,42,50,123,34,60,20,66,83,98,90,45,67,146,40,23,45,39,32,44,8,94,314,156,83,266,33,21,27,42,36,5,33,13,28,27,60,33,38,37,31,41,40,24,8,16,46,80,13,36,19,44,13,26,26,40,16,23,112,60,42,39,57,79,19,45,117,140,106,62,33,22,106,40,65,25,54,45,147,40,26,28,48,42,41,62,48,45,44,76,138,28,16,24,16,25,8,24,7,11,4,25,45,11,13,9,10,31,14,8,55,3,10,7,31,93,6,16,8,26,34,11,134,9,10,37,11,29,12,12,9,10,4,6,4,5,28,9,6,27,17,44,232,218,54,120,82,91,19,57,23,37,130,57,18,20,67,6,17,9,71,28,100,14,92,12,24,26,38,60,10,19,16,24,44,40,52,2,,156,17,20,107,87,145
20150109,18,SO2_24h,33,99,203,95,87,128,254,50,34,37,146,148,247,197,68,303,85,107,210,54,52,51,109,80,71,54,71,62,52,60,49,62,53,32,55,36,64,42,80,31,29,39,28,25,26,11,12,37,134,119,124,42,40,22,14,18,21,27,33,30,18,25,23,11,20,14,29,8,6,49,51,37,140,80,41,42,59,28,136,78,12,200,122,100,112,195,248,108,83,220,148,131,108,78,180,32,15,19,29,13,18,23,38,15,30,6,116,66,126,198,99,111,148,116,166,145,53,57,42,36,29,55,54,108,169,88,108,94,95,45,85,37,44,20,39,20,41,2,21,20,40,39,19,11,22,21,15,40,42,83,23,44,176,26,187,8,21,188,164,201,121,141,119,118,103,85,121,53,53,89,38,62,11,83,66,40,79,42,40,42,65,31,24,37,29,139,19,50,34,106,148,164,101,55,140,46,43,30,82,37,25,25,15,136,121,115,95,185,50,29,59,49,24,7,29,10,14,29,50,51,33,37,31,34,63,24,6,13,42,58,17,34,20,27,13,28,27,33,11,19,43,59,56,64,68,62,47,91,138,144,114,79,33,23,79,43,74,27,59,59,41,36,21,24,23,54,73,80,50,65,54,42,115,34,17,40,18,20,10,24,10,17,7,26,21,18,17,17,12,14,11,8,57,2,11,26,24,78,9,14,10,21,20,13,75,9,9,17,13,17,16,34,20,7,6,6,4,8,36,24,6,25,28,44,21,71,59,79,128,50,25,91,88,34,157,64,39,23,49,4,24,3,31,36,69,30,82,10,26,26,41,66,45,39,17,30,37,64,39,4,,137,23,30,123,60,131
20150109,18,NO2,55,62,135,81,70,108,130,50,45,48,75,101,143,40,47,101,56,86,109,159,110,134,123,93,76,81,104,94,140,82,65,75,73,101,136,89,155,93,130,56,78,98,60,90,55,41,29,63,121,140,95,119,67,55,57,61,51,33,77,48,32,40,31,12,54,65,45,35,8,69,100,18,53,77,66,103,63,39,62,49,45,142,151,80,137,64,102,130,66,122,125,134,120,51,116,49,35,22,28,42,27,30,54,43,34,21,116,27,65,53,44,43,83,110,119,93,66,57,54,37,43,71,67,106,140,69,75,56,79,70,74,53,45,52,36,25,36,14,33,36,31,46,32,47,34,40,29,66,78,96,38,48,26,19,66,34,45,57,82,78,112,155,138,58,39,109,96,87,82,66,74,125,118,168,107,62,145,109,101,88,149,91,77,127,111,46,71,60,44,34,29,42,37,52,39,52,73,41,20,37,45,6,11,44,120,107,54,81,66,65,26,36,14,28,33,26,47,32,36,102,34,69,33,88,61,84,39,30,48,87,30,39,53,29,33,36,15,42,17,65,75,48,55,24,52,66,34,38,145,129,125,79,75,30,97,57,116,61,106,74,89,68,65,75,42,43,23,39,43,55,28,65,47,59,21,20,21,24,27,25,25,30,20,34,29,25,34,33,34,52,23,33,21,17,5,27,29,19,27,28,27,45,15,13,24,13,20,54,20,21,15,19,15,13,1,14,6,8,26,1,8,46,47,44,73,47,80,50,37,85,37,35,22,65,86,35,32,7,34,5,9,9,30,28,39,24,50,11,63,21,31,31,12,39,19,15,64,67,23,14,,44,52,35,71,49,80
20150109,18,NO2_24h,68,101,123,103,75,132,131,19,38,52,84,105,127,39,43,92,63,62,99,113,96,102,89,71,70,69,69,72,95,64,44,52,57,72,93,78,81,86,108,49,56,65,44,47,44,38,20,49,106,99,76,105,62,49,45,59,50,42,71,49,30,40,35,10,41,51,30,27,11,57,66,37,46,92,64,75,45,26,67,60,29,103,121,88,98,82,104,92,72,92,91,105,100,65,108,38,27,23,26,39,30,37,45,33,42,19,92,30,66,39,46,31,72,65,94,61,45,33,37,33,41,64,55,61,104,68,43,66,67,48,77,43,36,33,30,22,26,13,41,36,34,36,30,51,28,37,26,48,58,57,32,47,22,65,36,43,40,78,67,61,90,96,71,42,73,76,91,51,57,32,73,86,79,110,81,46,110,76,72,67,74,57,46,62,51,37,42,47,41,27,37,40,36,48,35,42,34,40,40,41,26,5,17,44,59,72,59,65,58,41,32,21,9,19,24,25,24,33,24,130,26,64,25,70,63,68,25,25,35,61,40,54,38,31,23,31,11,35,7,37,39,48,40,32,46,43,37,36,118,84,116,77,50,40,74,29,83,25,85,56,49,76,46,48,38,48,36,33,36,45,33,53,34,20,15,25,21,24,23,19,17,28,22,35,31,32,32,28,22,32,16,28,26,8,10,20,24,17,31,26,17,28,15,21,18,16,19,22,11,14,17,17,27,26,32,7,5,11,31,12,9,39,65,24,38,35,57,41,37,65,47,30,34,48,127,42,44,10,19,11,12,6,9,24,29,45,66,26,77,23,65,55,19,60,34,21,69,84,20,6,,55,37,36,61,32,43
20150109,18,O3,30,14,19,15,14,7,12,8,31,11,13,18,8,18,30,8,25,20,19,14,32,29,28,35,34,45,22,29,25,25,34,63,33,37,38,60,16,58,37,64,61,60,66,35,34,92,68,34,8,17,27,25,54,68,96,88,66,72,82,91,107,85,38,96,8,26,14,7,96,13,21,53,35,24,35,10,24,49,34,19,83,3,8,59,5,29,7,42,9,14,14,5,13,35,6,64,111,118,145,70,111,121,71,150,67,24,38,45,37,25,36,25,10,4,6,8,31,13,25,26,39,31,44,13,15,25,21,67,24,18,48,52,15,25,81,104,66,98,40,40,15,15,64,40,19,7,38,11,54,26,39,35,79,87,38,55,72,30,11,7,16,12,3,6,43,,4,4,5,6,75,25,32,11,31,36,15,16,43,60,14,130,45,7,17,11,45,24,75,25,72,20,63,54,30,63,14,25,51,47,37,41,76,20,17,7,43,23,20,13,38,43,27,48,34,54,39,48,38,65,25,44,51,14,64,40,25,36,54,65,42,23,46,52,71,56,48,46,85,34,17,52,70,94,75,37,105,74,66,10,17,32,41,27,15,59,14,37,40,34,8,49,54,29,16,62,49,87,67,45,39,58,23,65,55,66,46,103,11,73,31,41,48,57,38,51,46,53,48,18,22,19,62,58,48,48,29,50,45,61,12,25,54,45,70,51,63,6,28,25,30,38,52,67,42,73,35,95,70,79,86,43,47,33,47,13,53,48,70,35,50,67,76,23,74,85,64,103,63,96,103,18,98,5,48,51,43,40,41,18,65,71,54,48,131,80,50,40,85,32,,21,70,120,4,16,4
20150109,18,O3_24h,65,58,51,66,40,33,50,63,71,39,55,58,32,34,52,23,47,53,43,75,83,75,97,96,84,101,73,105,76,74,93,141,69,88,90,104,77,113,96,99,94,121,109,117,69,115,85,63,28,41,70,93,74,94,131,118,82,96,125,128,120,104,63,99,16,45,57,54,98,32,54,74,56,40,57,55,54,74,65,39,107,24,66,85,34,57,30,82,22,46,44,14,40,44,45,111,127,133,153,85,131,128,99,184,92,42,71,63,92,41,64,38,38,26,27,48,65,57,62,60,60,63,70,40,33,60,68,95,35,30,75,94,23,49,101,140,87,111,42,51,35,57,70,71,39,41,39,74,95,73,53,50,86,101,66,81,81,48,29,28,45,51,32,37,47,11,16,42,30,48,106,107,96,90,86,119,56,83,101,108,76,106,89,98,55,29,103,40,110,47,93,39,76,86,45,88,71,46,82,81,72,49,89,44,37,35,57,47,43,51,63,65,37,61,49,63,61,70,69,70,56,62,83,59,99,83,46,51,92,126,61,59,91,66,94,78,93,81,111,83,41,68,93,99,88,61,108,103,84,44,49,69,75,60,72,111,45,87,85,78,66,124,85,75,16,99,71,121,101,84,75,77,47,79,75,86,67,107,23,90,57,58,69,64,46,60,58,61,54,46,34,30,71,79,50,65,35,59,64,72,43,55,67,53,76,68,74,60,48,35,49,73,58,69,44,89,39,96,72,85,95,55,68,51,69,36,93,66,88,64,55,82,83,67,95,85,84,106,89,103,105,18,130,8,62,68,55,42,45,20,68,71,64,60,135,93,62,52,93,69,,39,112,149,32,42,36
20150109,18,O3_8h,54,42,31,46,22,19,23,46,60,30,39,39,18,22,38,15,37,38,27,44,52,49,55,63,53,73,51,69,54,52,64,107,49,56,63,80,50,64,61,81,76,88,77,81,46,95,74,52,15,27,45,46,53,77,107,95,69,74,85,106,103,86,51,83,7,24,15,17,91,18,32,42,39,21,36,23,38,61,47,30,92,14,33,45,19,43,16,56,12,28,28,8,22,27,26,94,113,115,129,66,110,110,83,155,77,29,50,50,66,31,45,30,25,15,13,31,50,43,43,47,36,43,51,26,21,43,44,68,25,21,52,62,17,34,91,112,71,106,25,32,18,28,57,38,21,9,22,23,74,44,39,29,79,84,46,47,60,29,20,16,31,31,16,19,28,6,8,28,17,27,71,67,60,53,59,78,35,46,76,77,42,85,52,58,37,23,80,31,86,32,72,27,59,69,30,69,58,35,63,56,61,42,81,32,24,22,43,33,30,37,51,57,30,52,41,47,46,57,57,59,47,45,59,37,70,59,33,38,73,90,46,40,53,50,80,62,69,69,89,61,23,52,66,89,77,40,94,78,40,28,32,48,55,36,45,89,24,52,54,42,45,64,71,43,18,56,45,93,80,68,43,42,23,60,64,72,53,95,17,78,42,49,54,33,34,35,28,40,46,28,22,16,49,66,39,52,32,54,48,56,21,40,56,36,68,51,64,35,23,26,33,40,27,67,42,80,33,89,62,69,82,36,48,28,50,26,64,50,62,48,45,69,54,45,62,85,60,97,74,97,92,12,117,6,53,54,37,29,35,18,40,41,44,37,124,73,38,30,64,46,,29,87,122,18,30,24
20150109,18,O3_8h_24h,55,43,31,46,22,20,32,53,61,32,39,39,18,26,42,26,41,47,27,53,53,50,69,63,57,74,54,69,59,52,65,107,51,59,66,80,50,64,61,81,76,88,78,94,49,99,75,54,29,44,48,52,62,92,108,105,93,74,96,117,109,111,74,91,11,36,53,48,93,27,35,47,58,22,49,67,43,66,47,30,94,15,33,45,22,43,20,56,31,28,44,16,27,52,26,98,118,119,131,91,118,114,100,155,94,29,50,55,66,33,57,31,32,34,16,35,53,46,64,48,45,43,59,47,21,44,58,75,33,34,76,89,24,43,95,112,87,106,26,35,25,40,61,39,26,48,52,36,82,48,42,33,79,84,46,61,65,29,23,30,37,42,42,37,40,28,17,54,36,41,71,67,67,56,59,78,49,46,77,77,65,85,70,58,37,23,92,40,86,34,77,29,65,69,31,82,61,38,74,60,63,43,86,32,41,36,48,34,34,38,51,61,37,59,41,59,49,57,58,59,52,55,68,60,73,68,37,42,83,103,52,54,61,60,84,66,80,80,89,65,45,64,66,90,85,80,96,78,40,28,32,48,74,50,46,98,41,52,64,79,75,74,82,71,18,68,81,117,81,76,57,79,42,68,72,81,55,106,26,78,53,62,70,74,38,39,28,40,46,46,25,16,50,70,39,65,32,54,48,56,35,44,65,68,68,66,66,54,41,28,51,68,58,68,43,84,36,89,70,83,84,40,50,34,53,27,66,57,64,56,45,72,59,63,65,85,60,108,76,100,105,15,121,8,53,55,37,33,35,19,43,52,52,50,129,88,52,30,73,68,,30,99,129,30,31,35
20150109,18,CO,0.725,1.03,3.208,1.229,1.292,3.689,5.249,2.174,0.668,0.748,1.941,2.114,4.647,2.433,1.943,2.92,0.862,1.829,1.258,1.884,1.414,1.839,1.587,2.124,2.16,1.916,2.133,1.813,1.869,1.433,1.577,1.659,1.639,1.644,1.417,1.485,1.231,1.548,1.454,1.063,1.632,1.611,1.486,1.68,1.243,0.625,0.723,1.106,2.905,2.873,1.541,1.593,1.356,1.247,1.302,1.427,1.269,1.498,1.401,1.049,1.183,1.215,1.005,0.899,1.164,0.981,1.017,1.651,0.713,2.323,3.996,0.56,0.982,1.96,1.665,1.755,1.923,0.507,1.266,2.019,0.745,3.768,3.026,3.301,3.783,2.087,2.268,1.507,2.036,2.874,2.694,3.428,2.762,1.446,3.133,1.207,0.985,1.547,1.183,1.165,1.13,1.26,1.589,1.58,1.108,1.429,3.366,2.004,2.775,3.607,0.944,1.043,2.398,4.154,2.812,1.644,1.406,1.161,1.389,0.725,1.513,1.563,1.322,3.097,3.727,1.626,2.202,1.076,1.577,1.766,2.055,1.906,1.377,3.399,1.082,1.752,1.272,0.686,0.651,0.81,1.439,0.525,1.101,0.723,1.007,0.866,1.916,1.13,2.04,5.934,1.731,1.009,1.073,0.463,1.439,1.493,1.609,1.435,2.921,2.734,2.165,3.616,3.312,,3.154,4.547,3.635,2.104,2.606,3.239,1.107,2.601,2.055,1.927,2.093,1.69,1.48,2.011,2.032,0.885,,1.55,1.36,2.044,2.476,0.473,2.947,2.645,0.759,1.497,0.491,2.31,3.502,1.915,2.955,1.66,1.227,0.984,1.3,1.081,0.877,0.319,1.129,2.018,3.226,2.064,1.23,2.515,2.518,1.035,0.619,0.97,1.194,2.005,1.484,0.407,1.038,0.819,1.514,1.912,0.608,1.553,1.217,1.697,1.537,3.693,0.524,1.337,1.457,2.534,0.663,1.642,0.997,2.191,0.64,1.024,1.601,1.086,0.896,1.27,2.11,1.094,1.316,1.326,1.182,1.503,1.249,1.072,2.543,3.74,3.038,1.145,1.421,1.628,1.521,1.167,3.491,0.782,3.434,1.745,3.433,3.183,2.164,3.375,0.253,1.339,1.424,1.816,2.452,1.543,0.9,2.063,0.655,1.971,1.509,1.287,1.496,1.264,1.09,1.304,1.011,0.802,0.924,0.323,0.798,0.603,0.698,0.526,1.073,2.743,1.307,1.337,0.72,0.76,0.273,0.584,1.011,1.265,1.737,1.061,1.369,0.855,0.734,0.891,0.882,1.062,1.66,0.954,1.038,1.213,0.813,0.516,0.603,2.489,1.083,0.476,0.752,1.356,1.125,0.732,0.295,2.365,2.013,2.16,1.904,1.941,0.948,0.855,0.773,8.769,1.27,3.181,0.773,1.154,1.039,2.297,0.667,1.352,0.982,0.415,0.27,0.657,1.867,1.386,0.872,0.586,2.57,5.314,1.961,0.63,0.358,1.55,1.293,2.565,1.689,2.086,2.237,2.581,2.436,0.877,,1.306,1.255,1.138,3.245,1.229,3.208
20150109,18,CO_24h,2,4.14,4.839,3.322,2.603,4.058,8.115,1.163,2.051,2,4.051,3.772,7.207,3,2.489,3.019,1.426,1.392,1.72,1.756,2.007,1.918,1.968,2.1,2.747,1.817,2.273,2.505,1.759,1.564,1.669,1.731,1.731,1.533,1.464,1.462,1.256,1.588,1.642,1.153,1.475,1.404,1.498,0.966,1.151,0.721,0.687,1.11,2.792,2.248,1.615,2.091,1.343,1.248,1.335,1.444,1.257,1.546,1.53,1.126,1.188,1.215,1.119,1.29,1.242,1.233,0.947,1.161,0.792,2.649,3.307,1.836,1.35,3.31,1.504,1.462,1.737,0.672,3.067,2.89,0.751,2.99,4.112,3.163,3.091,3.372,3.604,2.22,2.465,3.091,2.624,3.384,2.995,1.467,2.803,1.118,0.754,1.772,1.18,1.15,1.275,1.31,1.369,1.411,1.503,1.631,2.556,2.639,4.71,4.391,1.257,1.048,2.85,2.713,3.79,2.203,1.396,1.125,1.07,1.157,1.885,2.307,1.418,2.235,4.598,1.803,1.917,1.344,2.141,1.772,2.029,2.281,1.558,3.088,0.99,1.722,1.222,0.851,1.015,0.866,1.62,0.518,1.151,0.925,0.996,0.724,1.943,1.56,1.89,4.876,1.844,1.457,1.106,0.66,1.329,1.998,0.899,3.46,3.362,3.455,2.597,2.456,3.149,1.958,3.817,3.088,3.599,1.474,2.949,2.528,1.299,2.515,1.592,2.09,2.032,1.489,1.757,2.016,1.839,0.711,1.734,1.257,1.541,1.672,2.216,1.023,1.102,2.669,0.744,2.665,1.292,2.764,4.452,2.389,3.88,1.272,1.005,1.584,1.629,1.163,0.951,0.307,1.738,2.412,1.616,1.499,1.64,2.679,2.506,0.975,0.925,0.631,0.999,1.769,0.726,0.455,0.907,0.598,0.57,1.752,0.601,1.471,0.925,1.796,2.141,3.071,0.532,1.526,1.032,1.467,0.858,1.486,0.941,2.286,0.699,1.035,1.43,1.287,0.856,1.055,1.537,1.586,1.061,1.636,1.114,1.122,1.173,1.025,2.543,3.821,3.221,1.392,1.622,2.591,1.822,0.851,3.291,0.43,3.248,1.892,2.824,2.744,2.184,3.482,0.91,1.544,1.614,2.082,4.056,1.391,0.938,1.697,0.542,1.433,1.54,1.462,1.552,1.269,1.122,1.178,1.014,0.953,1.021,0.783,0.812,0.688,1.063,0.702,0.991,1.592,0.904,1.289,0.89,0.451,0.35,0.577,1.039,1.253,1.918,1.292,1.09,0.852,0.733,0.845,0.775,1.328,1.594,0.497,0.957,1.091,0.748,0.881,0.779,2.156,1.17,0.207,0.744,1.441,1.793,0.768,0.355,2.449,2.674,1.989,2.934,2.128,1.118,1.757,1.174,6.87,1.148,3.283,1.999,1.267,2.297,2.617,1.977,1.386,0.375,0.204,0.433,1.26,0.751,1.544,0.695,1.324,3.954,2.462,3.099,0.796,1.908,3.649,1.512,4.841,2.141,2.022,2.897,4.041,2.297,0.476,,2.663,0.978,1.062,3.782,2.134,2.118
20150109,19,AQI,78,68,244,94,117,352,345,93,57,58,110,141,256,73,73,245,70,252,266,232,137,205,216,354,209,177,203,199,142,189,230,192,161,177,212,135,227,163,167,126,156,141,88,105,128,67,53,89,250,323,152,238,196,82,92,96,77,97,104,82,75,75,83,66,142,125,72,22,47,115,110,44,78,135,208,251,78,31,67,119,70,327,370,105,357,66,189,270,85,241,311,353,260,86,185,77,81,88,106,81,70,111,72,114,56,16,285,38,58,127,50,36,157,237,209,89,150,71,86,54,120,142,115,152,340,179,94,147,112,310,280,121,108,149,158,115,87,55,61,99,33,97,106,76,146,81,48,96,179,150,71,92,75,56,115,93,124,99,160,278,322,274,330,246,58,216,156,195,144,261,149,178,209,224,211,150,193,130,133,132,285,241,133,161,163,82,178,126,75,72,46,79,139,53,87,142,61,63,53,55,58,58,48,99,303,184,87,98,82,62,74,72,46,61,117,67,105,110,127,221,38,119,93,170,147,108,87,98,85,115,92,100,82,114,63,83,76,67,65,96,226,111,121,56,83,94,78,59,133,235,255,115,86,119,154,110,231,58,245,200,401,171,150,147,108,178,96,125,154,158,106,124,69,97,103,100,108,138,46,117,44,78,71,57,89,106,61,116,127,199,73,138,69,34,22,51,81,40,35,32,56,38,29,54,72,33,60,55,63,33,31,35,26,43,42,58,63,47,53,37,43,204,103,131,144,142,116,98,57,148,78,115,58,97,86,77,65,51,111,49,72,51,65,106,114,93,257,82,200,113,69,135,131,64,136,37,105,125,107,25,,67,82,88,139,66,177
20150109,19,PM2.5,57,30,193,53,88,299,294,51,17,25,69,105,205,49,34,194,50,201,215,181,104,154,165,303,158,118,152,149,108,142,179,144,122,133,161,102,176,123,126,95,118,107,65,78,97,48,34,66,199,272,86,187,147,60,68,71,56,72,77,60,51,45,61,47,108,94,52,15,11,78,82,25,42,102,157,200,39,11,48,89,50,276,280,75,306,37,142,219,62,190,260,299,209,63,139,56,59,65,79,59,48,83,52,85,39,6,234,14,39,96,19,15,119,186,158,66,115,34,63,37,90,108,86,104,289,135,63,112,75,259,229,91,80,114,120,86,64,30,43,74,22,72,79,55,111,59,33,71,135,52,51,65,38,17,86,63,93,74,117,227,271,223,279,195,40,165,118,146,110,210,114,134,158,173,160,115,145,98,101,100,234,190,96,122,123,60,134,85,54,46,24,49,106,30,64,108,35,44,19,29,32,10,26,74,252,138,64,73,60,41,53,52,17,43,88,30,78,82,96,170,20,89,69,128,112,80,64,73,62,86,58,75,60,85,44,61,55,43,46,71,175,83,91,39,61,70,57,41,101,184,204,79,63,89,117,82,180,35,194,150,330,129,115,112,80,134,71,66,117,120,79,93,49,72,76,75,80,105,32,88,27,57,51,24,66,79,43,87,96,149,47,105,49,21,7,33,59,23,17,22,39,26,17,37,52,13,42,38,44,23,21,24,10,,19,33,19,10,36,17,11,153,76,99,110,91,87,73,28,113,50,86,16,67,51,56,9,18,83,9,30,35,25,79,85,69,206,30,150,84,28,67,47,28,37,17,78,94,67,17,,38,60,65,106,47,133
20150109,19,PM2.5_24h,82,169,205,158,104,218,444,24,42,119,151,239,261,66,48,211,85,107,195,131,122,141,170,247,160,111,150,160,118,149,132,161,133,110,140,99,122,125,146,100,82,91,64,79,96,54,41,65,200,159,87,186,147,55,69,73,53,69,72,64,45,41,65,47,87,86,49,11,16,69,86,41,54,144,135,151,50,20,81,112,44,261,290,212,254,149,228,255,123,195,207,249,210,101,177,47,44,64,75,55,58,61,46,67,31,11,221,40,88,111,34,37,109,123,111,78,77,41,51,87,86,121,73,69,241,113,45,101,66,229,204,90,94,97,99,68,75,25,52,60,23,69,78,71,83,54,24,75,74,51,36,66,31,21,69,54,88,210,120,165,186,135,208,164,118,149,183,110,137,142,116,121,126,180,147,121,161,100,107,104,156,105,93,114,105,73,91,113,53,98,51,71,139,64,107,49,59,75,73,34,46,9,30,78,114,81,109,106,96,59,79,33,12,65,70,27,39,89,30,165,22,88,66,156,116,77,57,105,67,94,60,84,62,79,52,45,60,39,44,67,115,70,74,50,61,53,44,55,93,143,298,101,86,122,126,93,163,40,156,179,203,135,110,138,112,136,126,113,86,108,93,108,64,67,66,78,74,66,42,83,41,71,58,27,67,97,51,75,67,111,39,67,58,21,11,20,50,24,36,18,18,38,17,48,36,15,43,11,34,30,28,31,46,6,16,15,31,25,58,25,15,132,51,78,36,86,86,62,53,74,53,59,62,55,213,65,40,20,39,25,40,48,34,78,62,53,190,78,145,89,49,169,88,59,32,15,98,106,56,15,,78,58,62,123,128,66
20150109,19,PM10,81,84,280,136,140,460,442,134,62,63,167,230,334,94,94,264,79,237,249,255,185,234,252,335,273,302,256,226,220,239,266,225,240,223,230,155,251,140,206,137,187,170,114,124,191,82,53,109,331,404,251,223,170,89,120,119,94,100,130,79,98,97,99,80,151,143,66,21,19,177,126,43,103,150,236,262,104,29,64,107,88,352,475,158,387,80,229,392,78,300,421,461,305,103,194,100,89,101,117,92,88,104,74,114,50,10,349,37,63,137,49,35,168,266,266,95,158,89,120,44,133,145,174,251,404,188,135,153,171,349,316,177,104,181,136,135,78,51,60,116,32,102,112,88,149,75,41,138,192,248,79,131,85,60,176,133,132,121,267,347,371,283,340,237,47,264,171,217,148,296,177,206,235,308,231,167,243,144,148,164,351,220,214,192,253,69,224,200,71,92,45,106,196,53,64,203,69,68,41,57,64,63,47,128,314,194,86,111,83,71,93,71,45,68,118,82,94,89,73,204,37,148,108,166,143,123,90,124,98,161,131,124,104,128,71,98,87,82,68,125,260,153,134,51,101,104,81,65,187,265,197,178,119,178,202,162,273,63,260,221,500,258,166,158,111,187,89,197,188,153,103,114,76,129,124,122,113,126,34,124,43,87,62,61,103,104,58,102,160,196,93,175,81,24,19,50,88,39,34,31,,33,28,51,83,32,,,57,13,30,,25,42,41,64,74,20,30,8,23,163,93,176,166,232,138,114,61,166,103,129,63,141,119,66,77,47,128,23,92,50,75,124,120,99,288,112,208,96,86,217,209,76,219,,108,169,161,,,82,105,92,162,61,200
20150109,19,PM10_24h,101,256,312,235,193,363,630,55,80,178,245,393,392,123,115,290,124,140,238,181,213,190,237,287,275,256,224,232,200,226,220,213,235,158,198,151,186,148,204,151,135,145,113,114,126,83,61,98,347,253,203,216,151,74,97,102,80,103,99,84,82,75,97,69,122,133,58,19,25,168,137,69,109,207,196,216,119,58,103,145,67,326,443,294,326,199,368,403,165,330,350,428,316,154,240,68,76,83,104,79,87,96,70,100,57,16,332,95,122,157,73,72,158,187,167,116,105,57,80,107,137,167,136,161,358,199,88,166,151,308,290,179,118,132,114,94,92,38,82,73,46,102,115,106,111,77,30,226,144,124,70,125,66,76,175,104,134,298,268,262,265,188,264,209,129,229,232,162,179,191,169,164,179,283,182,141,242,138,152,185,214,151,192,179,146,89,128,171,77,157,117,128,237,105,116,103,96,112,147,64,63,33,54,168,158,116,137,183,129,101,118,38,34,87,101,61,54,118,46,196,44,133,109,170,157,114,74,189,86,136,113,111,99,116,75,62,68,71,69,115,170,127,103,66,97,79,70,83,165,245,306,157,129,194,192,136,247,62,236,279,298,205,167,208,142,187,167,190,154,139,141,162,95,95,91,107,92,82,61,113,64,77,73,65,103,115,66,104,111,134,62,117,93,26,19,32,64,39,60,22,21,49,28,63,50,31,59,14,49,32,43,52,99,27,32,35,93,86,57,31,23,157,111,94,87,222,133,116,88,125,90,116,113,92,286,81,110,39,67,35,62,55,46,134,98,95,265,247,231,110,132,318,285,116,117,22,135,225,141,22,,200,85,86,153,190,96
20150109,19,SO2,25,59,148,66,84,124,257,173,33,51,100,83,225,129,86,270,92,154,155,59,44,56,63,131,84,50,57,56,39,47,28,53,43,36,61,43,94,35,92,23,39,69,30,23,28,12,11,29,129,141,77,37,41,20,17,18,20,22,40,25,16,21,18,9,20,10,48,8,7,50,42,9,91,85,43,58,111,26,67,41,15,257,162,127,103,65,128,164,33,111,185,161,146,23,94,25,12,18,17,16,12,12,28,17,28,3,167,50,144,250,70,75,77,170,147,317,74,60,49,22,17,43,42,181,162,88,129,38,67,57,67,26,45,33,18,24,24,2,16,37,26,29,15,9,22,23,13,25,86,99,20,53,316,16,168,9,11,96,202,140,191,159,80,51,18,51,99,32,31,69,39,70,10,77,76,46,67,44,29,35,68,18,27,55,52,65,39,63,23,104,116,147,136,73,249,171,41,19,162,38,27,26,18,121,274,174,80,138,44,26,24,55,34,5,35,11,22,17,62,34,33,41,32,42,41,25,7,15,49,82,14,39,14,99,13,30,28,82,14,23,64,58,37,47,60,75,19,48,126,153,98,56,38,45,117,54,57,29,49,48,44,45,25,26,26,44,34,54,63,44,31,76,140,30,16,27,16,28,7,28,4,9,4,22,139,11,14,7,8,21,15,8,58,2,10,6,43,108,5,15,7,19,33,7,112,9,8,33,10,19,13,12,11,9,5,6,4,9,29,11,6,29,62,51,91,264,68,121,142,107,45,122,117,47,201,116,25,21,34,9,27,7,28,28,78,41,374,25,30,25,13,64,10,132,22,23,44,36,50,3,,123,15,17,141,78,205
20150109,19,SO2_24h,32,95,199,93,86,130,255,54,32,36,140,143,240,202,66,305,85,110,204,54,52,51,110,82,71,54,72,62,52,60,48,62,53,32,55,36,66,42,81,31,30,40,28,25,26,11,12,37,134,123,122,42,40,22,14,18,21,27,33,30,18,25,23,11,21,14,29,8,6,50,51,37,138,80,42,44,58,28,132,77,12,199,123,99,113,188,246,112,82,217,152,131,109,78,182,31,15,19,30,14,18,22,37,17,30,5,117,66,125,203,101,110,147,119,168,151,54,57,42,35,24,55,54,112,169,88,111,93,95,43,85,36,44,21,38,20,40,2,21,20,38,40,19,10,23,21,14,40,54,81,23,44,179,25,183,8,20,180,161,200,125,145,118,116,100,85,123,54,52,90,38,63,11,84,67,40,81,42,40,42,66,31,24,38,30,136,20,51,34,108,148,166,102,53,140,52,41,29,82,37,24,25,15,128,128,118,96,179,50,27,56,49,24,7,29,10,14,29,49,51,33,37,32,35,62,24,6,13,42,59,17,35,19,30,13,28,27,38,12,19,44,59,56,64,69,62,47,92,136,144,113,79,33,24,81,44,75,26,58,60,41,37,21,24,23,54,73,80,51,64,54,43,117,34,17,36,18,21,10,24,10,16,7,26,25,17,17,17,12,15,11,8,57,2,11,26,25,80,9,13,10,21,21,12,78,9,9,17,13,17,16,34,20,7,6,6,4,8,37,25,6,25,29,44,23,70,58,82,128,50,26,90,88,35,159,82,37,23,48,5,25,3,31,36,71,30,96,10,26,26,41,65,45,44,16,31,36,62,39,4,,134,23,30,125,63,134
20150109,19,NO2,83,78,140,85,73,119,133,64,56,59,99,105,144,35,68,101,55,89,117,165,134,155,134,107,89,90,103,109,136,92,63,97,79,117,147,105,155,128,149,56,94,138,79,75,65,46,34,76,128,149,101,126,79,87,63,60,63,34,87,66,43,51,28,10,55,70,47,37,12,66,88,32,63,100,79,102,81,60,80,56,52,134,154,106,128,76,107,152,64,122,131,132,121,45,103,87,37,30,34,46,27,38,63,46,34,16,130,35,82,60,62,44,78,104,122,83,67,65,57,41,47,93,81,110,154,95,88,77,99,70,84,55,74,53,37,26,30,15,67,63,32,47,44,57,39,41,34,63,102,91,45,66,36,52,77,40,40,72,85,83,148,146,130,53,26,100,80,68,67,62,85,150,121,196,125,61,156,122,126,90,159,102,91,115,116,33,86,66,50,40,39,51,53,72,54,90,76,39,47,52,41,5,28,55,111,106,60,65,78,74,29,32,11,20,31,21,39,25,37,82,31,91,38,84,79,103,43,41,73,112,40,50,55,44,41,57,16,53,22,51,70,57,54,27,54,76,37,56,162,138,134,68,93,37,111,99,127,26,113,95,87,99,88,87,56,53,27,48,52,54,29,65,51,61,18,24,19,23,24,24,22,23,19,29,44,41,46,42,33,56,36,45,32,22,5,31,40,21,26,32,29,40,15,9,23,13,18,60,21,20,23,17,16,16,2,13,6,13,27,3,12,61,95,44,82,48,87,67,65,111,69,53,51,72,134,77,60,9,24,12,21,9,13,31,53,67,72,17,72,18,39,35,12,57,46,36,95,75,30,9,,47,66,49,72,48,75
20150109,19,NO2_24h,66,98,122,101,75,132,131,21,37,51,84,103,125,40,42,91,62,62,98,115,97,102,92,72,70,70,70,73,97,65,44,53,58,73,95,78,83,87,109,49,57,66,45,49,44,39,20,49,106,102,76,106,62,50,45,60,50,42,72,49,30,40,35,10,41,51,30,27,11,57,67,38,48,91,63,76,45,27,66,59,30,104,122,88,99,81,104,93,71,93,93,106,100,65,105,39,27,23,27,40,30,37,45,36,41,18,92,30,66,40,47,31,71,66,94,60,45,34,38,33,37,65,55,63,105,68,45,65,67,48,77,44,38,34,30,22,26,13,41,37,32,36,30,51,29,37,26,49,61,57,32,47,22,64,37,43,40,77,67,62,90,98,72,42,72,78,90,52,58,33,73,89,81,113,84,46,112,77,74,67,78,58,47,62,52,36,44,47,41,28,37,40,37,47,35,44,35,39,40,40,25,5,17,41,61,73,57,64,58,40,30,22,9,19,25,26,24,33,24,129,25,65,26,69,63,69,26,26,35,62,40,54,39,31,24,32,11,30,8,37,41,48,40,32,47,44,37,37,118,86,117,77,51,40,74,31,85,24,86,58,50,76,47,49,37,48,36,34,37,45,33,52,34,22,15,26,21,25,23,20,16,27,21,35,32,31,31,28,23,32,17,27,26,9,10,20,25,17,30,26,17,27,15,20,18,16,19,24,11,14,17,18,26,27,31,7,5,11,31,12,9,40,65,25,39,35,57,42,38,65,47,30,34,48,127,53,42,10,19,12,13,6,10,24,29,46,67,26,77,23,64,55,18,60,34,22,70,83,21,6,,53,37,37,60,31,44
20150109,19,O3,13,6,14,9,8,6,12,7,18,6,4,9,5,15,14,9,22,17,12,9,12,13,13,22,14,21,16,13,18,14,26,32,18,28,23,41,12,28,14,57,45,12,42,35,23,84,55,21,8,18,23,16,42,33,77,78,44,46,52,59,86,59,39,94,5,15,11,7,91,9,17,39,26,11,21,5,11,24,17,15,69,2,8,6,4,20,6,26,12,12,9,4,5,38,5,19,105,119,127,53,104,109,58,122,57,31,13,37,23,28,24,21,10,5,15,9,29,11,20,21,50,15,31,16,6,7,11,39,11,16,33,46,8,23,72,104,64,91,12,14,13,12,53,28,17,3,38,8,25,25,31,27,73,59,26,49,73,15,9,3,11,9,3,7,48,,7,13,9,5,55,6,28,8,9,31,13,1,19,61,5,119,37,7,14,18,31,18,62,13,61,11,47,35,20,29,14,23,36,34,33,47,61,8,22,8,36,33,14,8,35,42,28,49,37,57,45,50,33,70,29,40,45,6,57,42,21,33,49,54,33,16,42,50,67,24,37,22,70,34,11,38,63,95,69,28,96,49,12,7,5,37,17,12,4,17,9,43,30,11,9,38,35,15,12,31,41,63,53,36,34,61,16,56,46,60,45,92,12,68,30,48,45,58,23,32,35,39,42,14,21,12,42,50,48,40,20,44,41,53,11,28,52,48,63,49,65,3,27,22,24,43,49,67,38,73,35,93,65,78,78,27,15,31,22,11,35,24,38,14,29,56,57,13,42,28,39,88,59,84,92,16,109,6,29,24,26,24,35,18,57,64,47,30,103,60,23,24,76,38,,18,46,90,4,17,5
20150109,19,O3_24h,65,58,51,66,40,33,50,63,71,39,55,58,32,33,52,22,47,53,43,75,83,75,97,96,84,101,73,105,76,74,93,141,69,88,90,104,77,113,96,99,94,121,109,117,69,115,85,63,27,40,70,93,74,94,131,118,82,96,125,128,120,102,62,99,16,44,57,54,98,32,54,72,55,40,57,39,54,74,65,39,107,24,66,85,34,57,30,82,22,46,44,14,40,44,45,111,127,132,153,85,129,128,99,175,92,42,71,63,92,40,64,38,38,26,31,48,65,57,62,60,73,63,69,36,33,60,68,95,35,30,75,93,23,49,101,140,86,111,42,55,35,57,70,71,39,35,39,72,102,73,53,50,86,101,66,76,81,48,29,28,45,51,32,37,50,11,16,41,30,48,106,107,96,90,86,119,56,83,101,108,76,106,89,98,55,29,103,40,110,47,93,39,76,86,45,88,71,46,82,81,72,49,89,46,37,35,57,47,43,51,63,65,37,61,49,64,61,70,69,72,56,62,83,59,99,83,46,51,92,126,61,59,91,69,94,78,93,83,111,83,35,68,93,99,88,60,108,103,84,44,49,69,75,60,72,111,43,87,85,78,66,124,85,75,16,99,67,121,101,83,74,75,47,79,75,96,67,107,23,90,57,58,69,62,46,60,58,61,54,45,34,30,71,79,50,65,35,59,64,72,43,55,67,55,76,67,74,60,48,35,44,56,58,69,44,89,39,96,72,81,95,55,68,55,69,36,93,66,88,64,55,82,83,67,95,85,84,105,89,103,103,18,130,8,62,68,55,42,45,20,68,71,64,60,135,93,62,52,93,69,,39,112,149,32,46,36
20150109,19,O3_8h,50,39,31,43,22,18,22,40,56,28,38,39,18,22,37,14,36,35,27,43,51,49,54,63,53,72,49,67,52,51,63,104,49,57,63,80,50,66,61,82,76,86,78,81,45,98,73,50,15,26,42,45,55,74,108,97,68,74,85,105,104,86,50,85,8,25,15,14,93,18,33,45,39,21,36,21,36,60,47,29,91,14,33,44,19,42,16,56,13,27,27,8,22,29,25,88,115,119,133,69,114,115,82,154,77,30,49,50,65,32,45,30,24,13,13,29,48,39,40,45,45,42,51,25,21,41,41,68,24,22,53,63,17,34,89,116,71,104,27,35,19,26,58,40,21,8,25,23,79,45,41,32,78,86,47,50,63,31,19,16,32,29,15,18,32,6,8,27,16,26,75,65,58,52,58,78,35,45,73,78,39,84,53,57,37,22,78,31,87,32,76,27,61,68,30,70,54,35,62,58,58,44,80,32,22,21,44,34,29,34,49,56,29,52,41,49,46,55,54,62,44,46,58,35,71,58,32,38,71,87,46,39,53,52,79,62,69,67,92,62,22,53,71,93,79,41,98,81,39,27,32,50,55,36,43,81,24,53,54,42,41,67,69,44,19,57,47,94,82,66,44,46,24,63,64,81,53,98,17,79,41,50,53,37,34,38,32,44,47,26,21,17,52,66,42,52,30,54,51,59,19,40,56,40,68,53,64,30,24,26,34,41,33,68,41,80,34,92,65,73,84,38,48,31,49,26,66,53,64,46,47,69,60,45,66,56,62,100,75,97,96,12,116,6,52,54,39,31,37,18,45,46,46,40,124,73,40,32,68,44,,29,86,124,17,32,22
20150109,19,O3_8h_24h,55,43,31,46,22,20,32,52,61,32,39,39,18,28,42,23,40,46,27,49,53,50,64,64,57,73,52,69,55,52,65,107,51,59,65,81,51,66,61,82,77,88,78,94,50,100,75,53,27,40,48,51,62,86,109,105,88,74,93,110,110,108,72,91,11,36,52,47,94,27,34,48,57,23,49,67,42,66,47,30,94,14,33,45,21,43,19,56,26,28,43,16,24,48,26,97,119,120,133,88,119,116,97,154,92,30,50,54,66,33,56,31,29,31,16,34,53,46,61,47,51,43,57,45,21,44,57,73,32,33,75,89,23,43,95,116,84,106,27,38,25,40,61,40,26,46,52,36,87,47,43,33,79,86,47,61,66,31,22,27,33,37,37,32,36,25,14,50,33,35,75,67,66,54,59,78,43,46,77,79,63,85,70,58,37,23,91,39,87,34,78,29,63,69,31,76,61,36,72,60,63,44,84,33,39,32,48,35,30,38,51,59,37,58,42,59,48,57,58,62,52,52,68,59,74,68,37,42,81,101,52,51,61,60,84,62,75,78,92,64,45,62,71,93,86,75,99,81,40,28,33,50,70,49,45,97,41,53,64,79,75,75,79,71,19,66,81,116,82,75,56,78,41,69,72,89,56,105,25,79,52,62,70,73,38,39,32,44,47,42,25,17,52,70,42,65,32,54,51,59,35,43,65,67,68,66,66,54,41,28,51,68,51,68,43,84,36,92,69,83,86,40,50,34,52,26,66,57,64,51,47,72,61,59,68,85,62,108,76,98,105,15,118,8,53,55,39,32,37,19,46,52,52,49,127,88,52,32,73,68,,29,97,129,25,32,33
20150109,19,CO,1.3,1.323,3.486,1.436,1.657,3.787,5.739,2.858,1.153,1.747,2.832,2.286,5.144,2.531,2.695,3.165,0.861,1.975,1.378,2.157,1.725,2.152,1.778,3.923,2.457,2.184,2.416,2.202,1.976,1.635,1.66,2.535,2.288,1.988,1.704,1.506,1.368,1.753,1.603,1.09,1.751,2.145,1.574,1.441,1.865,0.654,0.748,1.212,3.151,3.327,1.912,1.769,1.436,1.436,1.31,1.347,1.41,1.579,1.533,1.161,1.277,1.323,1.023,0.88,1.367,1.102,0.991,1.679,0.762,2.501,3.785,0.797,1.085,2.599,1.872,1.932,2.459,1.537,1.495,2.129,0.754,3.653,3.721,3.595,3.723,2.315,2.402,1.828,1.816,3.633,3.08,3.542,2.988,1.345,2.692,1.877,1.047,1.701,1.204,1.253,1.225,1.384,1.836,1.671,1.163,1.444,4.033,2.165,3.414,4.666,1.565,0.851,2.331,4.212,3.65,1.812,1.729,1.683,1.994,0.908,1.957,1.691,1.535,4.658,4.18,2.356,2.71,1.462,2.046,1.889,2.178,1.911,1.909,3.751,1.13,1.753,1.291,0.736,0.879,1.168,1.553,0.565,1.242,0.822,1.08,1.05,1.877,1.395,2.36,6.286,1.842,1.277,1.175,0.669,1.377,1.614,1.613,1.837,3.715,3.264,2.833,3.948,3.511,,2.931,4,2.997,1.739,2.443,3.794,1.275,2.861,2.178,2.067,2.141,1.772,2.192,2.25,2.214,1.018,,1.832,1.747,2.043,,0.422,4.293,3.235,0.874,1.847,0.635,3.515,4.825,2.44,4.381,3.206,1.43,0.932,1.538,1.005,1.038,0.302,1.361,2.411,3.356,2.285,1.471,1.307,2.856,1.133,0.666,0.864,1.177,2.192,1.332,0.334,1.058,0.858,1.515,1.811,0.941,1.852,1.376,2.472,2.135,4.148,0.642,2.177,1.833,3.159,0.813,2.361,1.271,2.245,0.692,1.355,1.729,1.463,0.838,1.113,2.376,1.203,1.302,1.43,1.124,1.467,1.342,1.007,3.388,3.85,3.416,1.273,1.825,2.632,2.039,1.755,3.494,0.83,3.569,2.381,3.827,3.25,2.965,3.919,0.708,1.357,1.336,1.936,2.909,1.626,0.716,2.143,0.895,2.632,1.499,1.613,1.47,1.273,1.124,1.297,0.982,0.75,0.896,0.373,0.762,0.793,1.016,0.589,1.008,2.712,1.48,1.516,0.856,0.637,0.256,0.658,1.023,1.286,1.712,1.167,1.384,0.819,0.707,0.886,0.895,1.125,1.747,1.283,1.122,1.261,0.946,0.445,0.621,1.717,1.29,0.459,0.755,1.375,1.446,0.693,0.345,2.564,3.601,2.291,2.781,2.04,1.794,0.813,1.13,12.21,1.689,4.375,2.505,1.341,3.326,3.63,1.284,1.388,0.572,0.446,0.458,1.403,0.778,1.374,1.034,1.131,3.44,1.144,2.529,0.636,0.403,1.549,1.232,2.867,3.113,2.499,2.92,2.482,2.583,0.787,,1.479,1.369,1.221,3.133,2.81,3.475
20150109,19,CO_24h,1.906,3.911,4.808,3.246,2.526,4.085,8.032,1.22,1.975,1.961,4.011,3.686,7.011,3.028,2.467,3.046,1.421,1.413,1.694,1.789,2.008,1.927,1.986,2.168,2.753,1.837,2.299,2.516,1.768,1.58,1.677,1.747,1.755,1.56,1.476,1.466,1.261,1.594,1.651,1.149,1.492,1.423,1.496,0.99,1.177,0.724,0.692,1.111,2.841,2.323,1.613,2.095,1.345,1.252,1.333,1.441,1.26,1.549,1.524,1.126,1.186,1.216,1.112,1.275,1.245,1.235,0.949,1.178,0.783,2.661,3.344,1.84,1.361,3.285,1.51,1.487,1.691,0.723,2.991,2.855,0.753,3.032,4.124,3.165,3.132,3.33,3.561,2.205,2.448,3.146,2.66,3.408,2.997,1.474,2.925,1.145,0.76,1.769,1.171,1.149,1.259,1.304,1.385,1.467,1.487,1.624,2.577,2.638,4.687,4.437,1.28,1.045,2.857,2.787,3.833,2.193,1.361,1.124,1.117,1.128,1.751,2.307,1.425,2.359,4.653,1.781,1.964,1.308,2.129,1.776,2.051,2.271,1.571,3.109,0.995,1.719,1.222,0.839,1.007,0.86,1.568,0.52,1.156,0.926,1.004,0.746,1.946,1.581,1.859,4.857,1.844,1.444,1.093,0.654,1.309,1.989,0.928,3.379,3.36,3.486,2.617,2.57,3.214,1.96,3.794,3.143,3.6,1.502,2.944,2.596,1.31,2.534,1.648,2.117,2.047,1.498,1.808,2.018,1.861,0.73,1.755,1.267,1.543,1.684,2.216,0.99,1.24,2.692,0.752,2.693,1.235,2.838,4.495,2.324,3.894,1.375,1.016,1.543,1.652,1.169,0.94,0.307,1.712,2.311,1.68,1.512,1.613,2.572,2.511,0.928,0.883,0.646,1.013,1.82,0.731,0.454,0.896,0.603,0.572,1.785,0.586,1.485,0.947,1.837,2.151,3.147,0.531,1.543,1.063,1.534,0.85,1.523,0.939,2.281,0.702,1.035,1.438,1.385,0.859,1.053,1.589,1.584,1.061,1.631,1.122,1.141,1.178,1.026,2.586,3.821,3.241,1.378,1.63,2.599,1.818,0.875,3.332,0.438,3.267,1.913,2.858,2.773,2.202,3.491,0.908,1.537,1.614,2.088,4.065,1.407,0.936,1.728,0.548,1.472,1.534,1.786,1.549,1.264,1.114,1.181,0.999,0.934,1.015,0.771,0.813,0.687,1.063,0.7,0.993,1.636,0.914,1.287,0.891,0.463,0.352,0.575,1.041,1.255,1.902,1.288,1.102,0.846,0.727,0.848,0.771,1.321,1.588,0.521,0.969,1.09,0.751,0.865,0.771,2.133,1.177,0.191,0.746,1.445,1.809,0.777,0.352,2.448,2.711,1.997,2.901,2.136,1.125,1.74,1.163,7.094,1.157,3.283,1.999,1.288,2.361,2.954,1.856,1.388,0.371,0.216,0.44,1.272,0.744,1.56,0.7,1.331,3.961,2.429,3.095,0.799,1.9,3.635,1.514,4.858,2.165,2.074,2.919,4.037,2.309,0.491,,2.606,0.979,1.051,3.788,2.382,2.198
20150109,21,AQI,175,102,262,100,115,367,367,99,82,126,157,158,320,96,115,252,63,275,225,246,165,239,248,391,259,212,221,245,156,242,248,224,203,174,228,126,210,179,184,148,138,177,86,103,175,65,72,109,268,337,202,243,202,96,97,122,83,109,103,89,95,56,83,64,137,130,76,25,47,118,131,54,88,167,204,241,111,40,64,93,60,370,295,149,281,116,215,350,80,220,385,402,300,71,114,83,91,94,119,88,78,93,78,113,64,17,356,56,109,172,76,51,127,291,186,133,146,104,163,65,127,164,122,172,444,171,142,167,149,359,286,132,121,170,143,127,76,51,65,127,39,92,138,81,137,91,49,99,167,135,108,117,69,93,148,90,135,132,191,305,389,246,245,104,29,156,87,147,100,252,154,211,219,244,269,179,234,130,138,149,316,236,145,147,154,91,147,163,85,87,74,115,203,96,161,239,120,67,64,67,83,58,55,127,230,199,135,67,125,98,75,41,30,78,106,63,86,82,71,204,45,132,106,209,207,121,99,116,121,149,98,198,99,127,66,87,76,86,66,125,247,121,125,71,91,103,106,75,153,236,237,141,113,172,203,172,234,75,252,254,393,223,188,185,131,161,100,111,170,154,98,130,89,125,92,89,105,137,45,121,35,86,48,57,104,132,81,127,121,235,99,144,79,37,22,51,78,43,42,38,63,35,29,42,67,30,49,67,69,45,37,42,29,42,64,53,44,61,182,54,44,264,185,148,93,150,163,90,72,216,128,85,119,149,243,,113,58,84,63,66,86,63,128,131,125,307,126,257,113,91,148,149,97,81,36,110,167,110,23,,92,78,113,186,139,213
20150109,21,PM2.5,132,59,211,75,86,276,316,74,49,95,119,120,269,58,65,201,44,224,174,195,125,188,197,340,208,161,170,194,118,191,197,173,152,131,177,95,159,135,138,113,105,133,63,76,132,42,52,81,217,286,151,192,151,71,72,92,61,81,76,66,64,34,61,45,104,98,55,17,23,86,99,34,65,126,153,190,83,18,45,69,40,319,244,114,230,87,164,286,58,169,295,350,250,51,85,61,67,70,89,65,57,69,57,84,39,6,305,28,81,130,40,23,96,240,140,101,111,77,123,46,96,124,92,125,387,129,108,126,93,308,235,100,91,128,109,96,55,30,46,96,27,68,105,59,104,67,34,74,126,97,80,88,43,47,113,64,102,100,143,254,338,195,194,77,20,118,64,112,75,201,117,160,168,193,218,135,183,98,105,114,265,185,102,112,117,67,112,123,62,64,53,86,152,71,122,188,90,48,40,35,61,16,36,96,179,149,102,48,94,73,54,26,10,57,79,34,63,60,51,153,26,100,79,158,156,91,74,87,91,114,70,148,74,96,47,64,55,47,47,94,196,91,94,51,67,76,79,54,116,185,186,107,84,130,152,130,183,54,201,203,320,172,141,139,99,122,75,64,128,117,73,98,66,94,68,66,78,104,31,91,24,56,33,26,77,100,59,96,91,184,74,110,54,21,11,35,57,27,25,26,44,24,11,29,48,10,34,48,49,31,25,29,12,20,44,22,26,43,137,37,13,213,139,113,60,106,123,46,47,165,97,62,36,114,192,,39,26,54,44,39,63,39,97,99,94,256,52,206,84,37,111,60,72,59,17,82,83,69,16,,62,57,84,140,106,162
20150109,21,PM2.5_24h,76,151,205,144,101,228,436,27,37,107,145,227,251,68,45,211,83,117,185,137,122,144,176,259,164,114,153,164,119,155,138,163,134,113,141,98,127,127,147,102,85,93,64,78,97,54,42,66,204,176,89,188,148,56,69,74,54,73,72,64,47,41,66,47,90,87,48,11,15,72,89,41,57,141,138,157,47,19,77,110,44,267,291,205,259,143,225,260,121,199,217,256,215,102,169,49,47,65,76,56,58,63,47,69,32,10,225,39,86,115,34,36,107,130,116,70,75,42,56,79,88,122,76,74,252,105,49,100,68,230,212,93,94,97,101,71,74,25,49,62,23,70,81,70,87,54,24,78,70,52,38,68,30,22,69,53,88,204,122,176,203,147,214,162,112,148,178,112,132,145,118,126,133,187,155,120,167,100,109,104,168,112,90,114,105,73,94,114,55,97,52,73,143,59,105,60,59,67,70,32,45,9,29,76,120,85,108,102,94,59,71,33,12,68,72,28,41,91,29,167,20,90,67,157,119,78,56,104,67,95,60,88,61,79,52,47,59,40,45,68,123,72,76,50,62,55,47,56,95,147,290,99,85,124,126,93,168,40,162,183,216,139,112,139,111,137,124,110,91,110,92,109,63,69,67,78,74,71,40,86,39,70,57,29,68,96,52,77,70,114,41,70,59,21,11,21,46,23,33,17,19,37,16,47,37,16,40,12,36,29,26,31,46,5,17,14,29,25,63,25,15,133,55,82,38,87,87,57,50,76,55,57,60,58,209,,37,21,38,26,41,50,31,79,61,54,190,76,148,89,48,170,83,59,35,14,51,109,57,14,,74,58,64,122,110,74
20150109,21,PM10,186,152,305,144,168,472,441,132,112,145,193,226,394,140,177,275,68,263,204,267,217,277,282,439,316,345,262,285,219,277,300,266,280,220,256,141,246,183,202,170,169,210,109,108,199,78,84,162,350,416,253,262,171,103,122,141,98,115,115,97,137,60,92,72,154,149,68,23,35,184,159,56,123,185,242,258,161,39,61,91,68,351,363,182,303,130,260,459,73,252,487,501,342,85,130,110,109,115,133,111,88,103,89,121,76,9,437,59,114,223,100,50,137,323,206,100,149,108,175,58,131,178,165,292,543,190,183,189,246,390,348,181,128,186,114,125,62,41,70,144,36,108,160,99,134,87,39,140,216,217,120,172,86,133,188,127,134,143,317,384,471,238,263,119,24,192,91,159,133,267,177,246,215,318,288,158,288,182,147,183,381,226,237,182,211,94,179,256,81,118,62,152,258,130,122,341,153,77,76,81,83,63,57,166,267,203,125,73,121,120,69,40,29,82,101,73,76,96,74,193,44,162,136,201,211,135,104,165,125,184,144,204,124,150,69,113,99,120,73,162,275,164,122,65,111,113,110,93,193,278,205,134,133,271,240,281,315,84,280,276,493,259,217,203,144,150,83,170,217,144,94,124,124,131,109,103,99,121,38,132,31,120,39,61,139,125,83,114,158,249,119,183,105,36,17,50,81,42,41,37,,29,23,30,78,29,38,58,57,12,36,,28,41,76,53,43,27,,,33,257,236,154,134,248,191,127,91,238,144,116,186,183,286,,173,63,115,55,80,83,54,137,190,115,341,200,304,110,130,244,246,130,,26,131,281,167,,,132,81,107,179,167,228
20150109,21,PM10_24h,99,230,311,218,189,376,615,58,73,165,235,378,377,127,109,288,121,149,230,191,213,199,247,302,280,261,229,238,203,235,225,220,238,164,201,148,192,150,205,152,139,146,112,114,132,83,62,103,352,276,202,220,156,75,99,105,80,102,99,84,85,75,97,71,126,134,56,18,25,169,139,69,116,188,201,223,111,54,98,142,67,330,446,285,329,191,361,412,166,334,367,434,318,155,230,74,78,87,105,81,88,97,71,100,58,14,333,92,121,163,75,69,155,195,173,109,103,61,87,97,132,168,137,174,373,191,94,163,154,310,301,181,118,131,116,97,90,37,77,78,43,104,118,106,116,76,29,251,137,126,73,128,67,77,166,104,132,288,272,274,286,199,272,208,120,227,223,166,181,199,172,174,186,295,195,143,253,141,155,185,232,155,193,180,147,89,135,176,78,156,115,132,243,99,114,120,96,104,138,58,62,35,51,162,169,122,135,176,126,98,106,39,35,90,103,65,56,120,45,201,39,136,111,174,161,116,77,186,88,140,114,117,98,115,76,64,70,72,70,116,180,131,106,67,99,81,74,84,165,246,280,154,130,202,193,144,257,62,244,285,320,213,170,207,141,186,162,188,163,140,137,158,95,100,93,112,93,87,58,116,59,76,71,66,106,114,67,106,116,140,66,120,94,27,18,32,55,37,55,22,21,46,27,57,53,32,45,14,49,29,41,52,95,25,34,34,71,82,59,30,23,160,115,98,93,225,137,118,83,129,92,112,113,97,283,,106,41,67,36,65,58,46,135,98,95,265,241,235,110,131,320,263,118,129,22,73,229,142,14,,190,84,87,154,174,108
20150109,21,SO2,52,74,157,66,91,119,194,111,42,65,148,89,284,159,97,259,108,147,121,58,43,48,77,114,109,59,58,64,48,51,37,60,52,36,53,38,67,28,71,19,26,55,35,19,27,12,24,28,161,107,94,38,44,27,13,23,24,20,43,44,16,17,16,7,16,8,41,7,9,42,42,16,100,65,48,55,82,31,56,33,13,327,153,86,97,88,197,198,38,126,190,150,157,17,98,30,18,16,18,13,11,21,27,22,30,2,188,65,242,293,104,84,86,137,156,253,74,56,54,25,16,35,44,158,206,103,127,85,93,45,95,23,46,20,12,31,22,2,25,27,24,24,17,7,21,23,14,22,49,115,17,68,209,16,177,5,6,131,145,118,165,162,70,57,17,38,93,29,29,53,40,63,9,91,72,46,79,43,29,30,71,21,24,50,39,263,21,63,26,128,175,209,135,97,159,241,56,16,37,38,29,23,26,138,213,262,88,100,40,45,27,48,31,11,28,12,18,18,51,30,48,47,32,36,39,25,5,13,60,114,19,48,12,48,11,33,23,64,14,26,41,60,30,42,89,65,19,99,145,129,86,64,37,39,128,56,48,26,40,40,48,33,19,28,16,39,33,67,52,50,41,36,135,37,15,32,18,28,7,33,3,2,3,21,17,18,28,5,6,19,13,8,65,2,13,4,32,95,5,20,9,19,27,17,97,8,7,45,10,22,12,13,12,8,7,6,4,22,76,29,5,28,123,58,42,40,59,117,223,47,26,141,245,106,204,,29,21,24,7,33,2,23,32,62,43,136,4,58,26,28,84,53,63,10,21,31,32,48,3,,94,19,22,106,50,159
20150109,21,SO2_24h,30,88,190,88,85,131,246,58,28,38,132,134,229,207,63,309,86,114,191,55,52,52,112,85,74,56,72,62,52,60,45,63,53,32,56,36,69,42,82,34,30,41,29,24,26,11,13,38,135,128,119,42,41,22,14,18,21,26,35,31,18,25,23,11,21,14,30,8,6,51,51,37,139,80,42,45,60,28,128,74,12,202,124,97,114,176,242,123,80,208,157,131,111,77,190,31,16,20,28,14,17,22,35,15,31,5,121,64,130,202,103,112,143,125,172,159,55,55,44,33,28,55,54,116,172,89,115,94,96,41,87,35,44,22,36,21,39,2,20,21,36,40,19,10,22,21,14,38,42,81,24,46,181,23,170,8,18,165,158,195,134,151,116,114,93,84,123,54,51,90,39,64,11,88,69,41,82,42,39,42,69,31,24,38,32,140,20,54,34,112,149,172,106,52,136,65,40,28,74,38,24,24,13,120,139,130,97,169,49,29,46,51,25,8,30,10,15,29,48,51,32,39,32,36,60,25,6,13,44,64,16,37,17,36,13,29,27,39,12,19,45,60,56,64,72,62,48,94,136,143,110,79,34,27,85,45,76,26,57,60,42,36,21,23,22,54,73,79,48,63,52,43,121,35,17,40,18,23,10,25,9,15,7,26,25,17,16,16,12,15,11,8,58,2,11,26,26,82,8,14,9,20,21,12,85,9,9,18,13,18,15,33,20,8,6,6,4,9,38,25,6,25,31,46,27,66,57,86,121,49,24,90,92,39,162,,37,23,48,5,27,3,30,37,73,30,101,9,27,26,40,64,46,43,16,30,36,60,40,3,,126,22,29,126,56,139
20150109,21,NO2,103,95,129,80,75,154,105,45,60,64,105,88,142,43,76,100,54,90,94,165,132,166,144,108,99,90,86,105,125,101,70,73,82,116,146,111,131,149,136,78,82,120,89,81,64,52,47,85,120,139,105,125,95,91,82,82,74,53,74,83,73,42,36,6,49,65,35,41,24,59,78,29,83,114,65,74,81,53,77,41,41,131,119,97,112,79,106,148,57,107,127,123,115,26,96,71,32,28,31,65,34,37,59,40,66,13,143,39,89,59,66,33,68,100,115,80,69,57,48,44,61,89,71,99,159,93,93,81,89,68,102,51,74,42,33,24,30,12,42,55,28,43,54,53,38,38,30,54,85,84,49,71,26,60,71,41,96,74,73,84,121,123,102,35,25,75,66,43,40,57,65,150,129,142,129,58,143,121,84,80,140,86,80,91,87,52,51,76,45,44,45,51,56,69,41,96,61,48,39,39,49,4,21,50,97,110,60,62,75,75,29,18,9,18,34,33,30,19,29,63,32,86,40,80,82,87,39,41,75,110,70,49,57,61,39,54,14,55,8,56,53,52,44,21,50,62,32,57,149,130,117,98,86,54,104,102,100,83,99,66,73,105,66,66,53,41,26,39,38,52,30,55,43,53,16,16,21,21,25,23,26,21,13,42,47,51,53,34,37,45,29,46,36,14,15,24,30,17,41,40,32,33,12,10,34,12,14,58,21,16,16,32,20,14,2,16,9,40,66,12,10,68,112,38,58,47,73,63,48,79,71,48,67,59,135,,50,11,18,25,16,5,4,33,54,66,95,22,95,25,126,86,54,92,60,33,108,105,72,9,,60,65,42,68,39,65
20150109,21,NO2_24h,64,92,121,96,74,134,127,24,36,50,83,100,122,41,41,91,62,64,95,120,98,106,96,74,73,72,71,74,99,67,45,54,60,76,98,78,86,91,110,48,58,68,47,50,45,40,21,50,107,107,77,106,64,51,46,62,51,44,71,48,32,39,34,9,42,51,31,26,12,57,67,38,50,92,62,76,45,29,65,57,31,105,123,88,101,80,103,97,70,94,95,107,100,63,108,41,28,24,27,41,30,38,44,32,43,18,94,29,66,41,48,32,71,69,97,60,46,35,39,33,42,66,56,67,109,68,49,65,67,49,79,44,40,34,31,23,26,13,35,37,31,36,32,49,30,37,26,50,57,58,33,49,21,59,37,43,42,75,68,64,93,101,73,43,69,78,90,52,57,35,73,93,86,114,88,47,115,80,73,69,87,59,48,64,53,36,45,50,42,30,37,41,37,46,35,47,36,37,40,39,26,5,15,40,65,76,55,63,59,43,27,22,10,20,24,26,25,33,23,126,25,66,26,70,63,70,26,26,38,65,41,54,38,31,25,32,11,31,8,37,41,46,39,32,47,44,37,38,118,88,117,76,52,42,74,37,86,26,87,60,51,76,47,49,37,47,35,35,36,45,32,52,34,25,15,24,21,24,22,20,17,26,21,36,32,31,31,27,23,32,18,28,26,10,10,20,26,17,29,27,18,27,14,19,19,15,17,25,12,14,16,19,25,24,27,8,6,12,33,13,8,41,67,25,39,35,57,43,35,65,47,31,34,48,126,,41,10,19,12,14,6,9,25,29,46,67,24,77,23,65,56,20,60,34,22,74,85,21,6,,52,39,37,60,32,47
20150109,21,O3,10,4,14,8,5,5,12,16,8,7,4,9,5,13,6,8,17,14,10,8,9,7,10,13,10,17,25,12,19,14,20,47,13,29,15,17,8,5,11,2,32,8,15,18,18,68,41,12,9,15,24,16,20,16,46,52,18,14,43,33,29,57,27,96,2,10,16,4,76,9,9,31,14,3,14,11,8,28,15,19,65,2,5,7,4,16,6,17,15,13,7,4,8,54,5,25,108,99,116,15,73,78,54,118,15,32,6,29,20,27,21,25,12,7,5,7,21,16,24,16,36,12,36,16,4,5,14,29,4,11,14,35,7,27,67,75,53,93,23,8,10,7,45,25,24,5,35,10,24,16,13,10,65,26,18,45,19,10,9,3,9,9,3,15,49,,6,27,22,4,69,4,22,9,6,19,13,1,53,56,3,116,32,6,13,3,42,8,59,8,48,5,38,25,19,7,16,9,41,36,20,49,60,8,22,6,33,28,14,4,34,51,31,53,32,44,44,56,40,68,26,38,40,12,48,41,21,30,48,66,30,14,22,41,58,10,49,3,56,24,7,22,64,93,65,19,83,22,11,5,3,16,19,13,11,8,14,19,23,21,20,19,32,21,3,25,30,58,56,26,29,48,7,51,35,48,33,76,9,62,24,42,43,37,21,17,18,33,36,18,20,5,29,45,32,35,27,48,13,34,12,27,46,46,49,48,74,1,19,26,25,14,40,65,36,66,33,56,28,63,79,18,14,23,20,3,32,20,35,13,11,56,15,25,39,,22,73,59,41,79,9,116,5,20,14,14,21,27,18,10,28,20,7,89,65,6,8,37,44,,9,38,84,5,14,2
20150109,21,O3_24h,65,58,51,66,40,33,50,63,71,39,55,58,32,32,52,22,47,52,43,75,83,75,97,96,84,101,73,105,76,74,93,141,69,89,90,104,77,113,96,98,94,121,109,117,69,115,85,63,26,39,70,93,74,94,131,118,82,97,125,128,120,100,62,102,15,44,57,54,98,32,54,71,48,40,56,38,54,74,65,39,107,24,66,85,34,57,30,82,25,46,44,14,40,54,43,111,128,132,153,85,126,128,99,184,92,42,71,63,92,42,64,38,38,25,30,48,65,57,57,60,60,63,69,36,33,60,68,96,35,30,75,92,23,47,101,140,86,111,45,55,29,57,70,71,44,34,42,72,95,74,53,50,86,101,66,76,81,48,29,28,45,51,32,37,52,11,16,41,30,48,110,107,96,90,86,119,56,83,101,108,76,106,89,98,55,29,103,40,110,47,93,39,76,86,45,88,71,46,82,81,72,50,89,46,37,35,57,47,43,51,63,65,38,60,49,64,61,70,69,72,56,61,83,59,99,83,46,51,92,126,58,59,91,78,94,78,93,83,111,83,32,68,93,99,88,60,108,103,84,44,49,69,75,60,72,111,44,87,85,78,66,124,85,75,16,99,62,121,101,83,74,70,47,80,75,86,67,107,22,90,57,58,60,55,46,60,58,61,54,44,34,30,71,79,50,64,35,59,64,72,43,55,67,55,76,67,76,60,47,35,44,50,58,69,44,89,35,96,72,81,95,55,68,55,69,36,93,66,88,64,55,82,83,67,95,,84,104,89,103,103,18,130,8,62,68,55,42,45,20,68,71,64,60,135,93,32,52,93,69,,39,112,149,32,42,35
20150109,21,O3_8h,38,28,28,34,17,16,21,30,42,21,28,31,16,21,29,12,31,28,23,33,44,39,48,55,45,60,42,55,41,41,53,87,41,50,53,65,37,55,54,64,64,68,67,69,40,94,67,39,14,22,37,38,50,61,96,89,59,61,75,88,91,82,43,90,7,24,15,9,92,16,29,48,34,19,31,15,30,53,40,25,86,10,26,35,13,36,15,49,12,25,22,7,18,34,18,68,115,115,135,62,109,110,75,152,64,33,40,46,55,32,39,28,18,9,13,22,40,29,32,36,40,37,47,21,18,33,31,62,21,20,45,60,15,31,82,111,67,100,34,33,18,23,57,42,22,7,30,16,66,42,38,30,76,71,42,51,57,29,17,13,25,24,13,17,41,4,7,22,15,23,78,52,47,41,46,67,30,36,67,74,32,77,50,45,34,17,69,26,83,29,74,23,59,58,28,55,39,28,57,55,47,47,73,26,19,16,44,33,26,24,44,52,29,52,38,51,46,52,46,66,38,44,55,28,70,55,29,36,65,79,43,34,47,53,74,51,64,48,85,54,17,48,74,93,78,38,97,68,33,21,25,45,52,34,36,61,23,49,48,39,32,59,58,44,18,55,45,90,75,53,43,51,24,60,57,68,49,95,14,76,36,48,51,39,34,39,36,47,46,24,22,16,52,62,43,48,28,51,45,56,15,35,56,44,66,54,66,18,24,27,29,37,41,67,40,80,34,88,61,76,86,37,42,35,44,21,60,44,62,38,40,68,60,40,70,,56,95,70,85,95,12,114,5,45,45,37,30,38,18,45,50,46,38,117,71,20,29,70,43,,23,79,118,13,27,15
20150109,21,O3_8h_24h,55,43,31,46,22,20,32,52,61,32,39,39,18,26,42,19,38,43,27,48,53,50,55,65,54,73,51,69,55,52,65,107,50,59,64,81,51,66,61,82,77,88,78,90,50,101,75,52,20,32,46,48,62,78,108,100,72,73,86,106,106,100,61,92,11,32,51,47,94,24,33,50,50,23,46,57,42,64,47,30,94,14,33,45,20,43,17,56,16,28,37,12,22,40,24,95,118,121,136,74,118,115,84,159,83,33,50,51,66,33,55,31,25,22,15,32,52,46,53,47,46,43,55,41,21,44,56,71,26,27,65,85,20,40,95,116,77,106,34,36,25,39,61,43,27,41,44,32,79,46,41,32,79,86,47,59,67,31,20,16,32,31,24,21,41,15,10,40,23,28,82,67,61,54,59,78,35,46,77,79,57,85,70,58,37,23,84,35,87,33,77,28,61,69,30,71,61,36,66,58,63,47,84,33,33,24,46,36,30,38,51,58,36,57,41,56,48,57,58,66,52,51,68,49,74,66,37,41,76,99,52,45,61,60,84,62,71,72,92,62,38,55,75,93,84,60,99,81,40,28,33,50,59,40,45,94,38,54,60,74,64,70,73,64,19,62,74,106,82,70,54,74,32,67,70,80,56,102,21,79,50,59,61,63,36,40,36,47,48,39,25,17,54,70,43,61,32,54,51,59,35,42,62,59,68,61,67,54,41,29,44,60,41,68,43,84,35,92,65,83,88,38,49,35,50,26,66,53,64,48,47,71,62,46,71,,62,105,76,97,103,15,118,6,53,55,39,31,38,19,46,50,49,42,124,88,25,32,73,66,,29,89,124,18,31,28
20150109,21,CO,2.258,2.362,3.326,1.656,2.158,4.735,4.632,2.097,1.37,2.075,4.351,2.36,6.07,2.914,3.815,3.194,0.8,2.309,1.301,2.326,1.966,2.607,2.103,4.54,2.49,2.557,2.535,2.288,1.939,1.92,1.955,1.813,2.89,2.21,2.005,1.553,1.592,1.975,1.955,1.592,1.596,1.811,1.56,1.234,2.316,0.544,0.843,1.569,3.842,3.782,3.44,2.153,1.585,1.583,1.339,1.459,1.504,1.644,1.452,1.281,1.658,1.169,0.979,0.799,1.419,1.2,0.889,1.745,0.909,2.448,3.555,1.019,1.607,3.214,1.919,1.737,3.459,0.746,1.72,1.904,0.638,4.285,2.287,2.763,3.741,2.942,3.934,1.901,1.661,3.823,3.213,3.978,2.457,0.848,2.277,1.449,0.811,1.717,1.199,1.488,1.334,1.095,1.755,1.356,1.835,1.405,4.572,2.272,5.728,6.291,2.047,0.663,2.155,5.108,4.217,2.507,1.565,2.979,2.596,1.013,1.9,2.335,1.708,4.231,5.654,3.278,3.604,2.2,2.392,2.197,2.677,2.13,2.314,3.672,1.008,1.654,1.286,0.747,0.897,1.422,1.622,0.619,1.966,0.854,1.05,1.105,1.792,1.328,2.462,6.516,2.07,1.625,1.33,0.725,1.571,1.817,2.261,1.971,3.432,4.058,3.637,3.913,3.633,2.201,2.719,3.053,2.523,1.451,2.035,3.761,1.171,3.572,2.054,2.516,2.492,1.586,2.166,2.199,1.698,1.085,,1.782,2.055,1.972,,0.57,1.23,3.245,0.811,2.056,0.929,4.023,5.273,3.451,3.603,3.446,1.486,1.055,1.536,0.834,1.403,0.301,1.335,3.135,3.021,2.574,2.105,0.964,3.569,2.015,0.569,0.632,1.132,2.006,1.216,0.545,0.959,0.969,0.74,1.468,0.627,1.697,1.55,1.946,2.408,3.652,0.623,1.898,2.84,2.953,1.35,3.674,1.225,2.28,0.72,1.117,1.517,1.562,0.96,1.119,2.192,1.187,1.385,1.378,1.245,1.239,1.206,1.035,3.313,3.554,3.071,2.035,1.819,3.982,2.031,2.833,3.336,0.686,3.201,1.901,3.085,3.126,2.408,4.074,0.859,1.363,1.265,1.897,2.851,1.55,0.647,1.915,0.746,2.3,1.407,1.244,1.457,1.228,1.075,1.208,0.959,0.726,0.823,0.581,0.75,1.246,1.523,0.566,1.164,3.422,1.519,1.511,1.201,0.67,0.69,0.709,0.798,1.22,1.909,1.341,1.184,0.783,0.696,0.883,1.094,1.118,1.627,1.481,1.06,1.061,0.882,0.662,1.011,1.736,1.86,0.42,0.807,1.851,3.088,0.856,0.33,3.983,6.637,2.426,1.568,2.257,1.797,0.847,0.843,11.892,2.021,4.172,3.399,2.647,2.126,,2.084,1.356,0.444,0.22,0.376,1.465,0.543,1.527,1.402,1.616,4.683,1.406,4.074,0.639,1.97,3.762,1.606,5.217,2.805,2.176,4.941,5.165,2.709,0.731,,2.056,1.33,1.172,3.876,1.922,4.028
20150109,21,CO_24h,1.734,3.549,4.732,3.071,2.494,4.182,7.734,1.303,1.133,1.901,3.866,3.542,6.583,3.078,2.378,3.102,1.401,1.477,1.59,1.86,2.015,1.995,2.026,2.367,2.755,1.886,2.344,2.53,1.788,1.612,1.712,1.756,1.831,1.622,1.509,1.463,1.277,1.611,1.678,1.16,1.514,1.444,1.491,1.003,1.255,0.725,0.707,1.125,2.964,2.496,1.719,2.1,1.362,1.261,1.329,1.441,1.265,1.556,1.495,1.126,1.206,1.203,1.095,1.246,1.254,1.232,0.957,1.202,0.781,2.659,3.382,1.84,1.414,3.268,1.539,1.512,1.812,0.735,2.901,2.791,0.746,3.105,4.054,3.13,3.221,3.253,3.486,2.152,2.389,3.216,2.722,3.438,2.92,1.455,2.957,1.167,0.767,1.763,1.166,1.153,1.238,1.283,1.405,1.396,1.492,1.624,2.71,2.596,4.78,4.56,1.347,1.051,2.809,2.957,3.949,2.078,1.313,1.207,1.217,1.075,1.905,2.334,1.433,2.567,4.804,1.864,2.111,1.309,2.121,1.794,2.136,2.258,1.603,3.142,1,1.713,1.218,0.817,0.94,0.903,1.555,0.528,1.213,0.918,1.021,0.785,1.945,1.513,1.905,4.901,1.852,1.463,1.083,0.626,1.274,1.962,1.059,3.242,3.368,3.566,2.668,2.762,3.286,1.986,3.733,3.185,3.517,1.495,2.871,2.597,1.323,2.586,1.723,2.153,2.085,1.512,1.852,2.021,1.854,0.78,1.822,1.293,1.562,1.699,2.216,0.938,1.271,2.752,0.767,2.763,1.227,3.032,4.56,2.281,3.881,1.548,1.044,1.379,1.702,1.145,0.951,0.305,1.642,2.335,1.781,1.544,1.599,2.347,2.569,1.01,0.679,0.655,1.037,1.909,0.751,0.454,0.895,0.658,0.538,1.836,0.517,1.503,1.004,1.88,2.191,3.223,0.533,1.532,1.178,1.679,0.877,1.675,0.93,2.273,0.71,1.032,1.45,1.385,0.873,1.049,1.667,1.549,1.072,1.617,1.146,1.147,1.198,1.035,2.672,3.685,3.277,1.378,1.621,2.72,1.787,1,3.396,0.434,3.272,1.932,2.853,2.8,2.178,3.531,0.894,1.52,1.604,2.084,3.968,1.432,0.917,1.745,0.569,1.538,1.52,1.427,1.541,1.252,1.096,1.194,0.978,0.912,0.979,0.753,0.819,0.718,1.089,0.683,1.009,1.756,0.967,1.268,0.914,0.482,0.365,0.58,1.026,1.256,1.859,1.297,1.112,0.836,0.721,0.85,0.778,1.285,1.575,0.582,0.997,1.083,0.759,0.835,0.735,2.132,1.216,0.201,0.755,1.466,1.894,0.795,0.343,2.521,2.9,2.026,2.763,2.165,1.171,1.655,1.048,7.294,1.156,3.3,2.047,1.386,2.314,,1.797,1.391,0.378,0.228,0.454,1.245,0.658,1.587,0.718,1.341,3.942,2.346,3.154,0.803,1.942,3.733,1.523,4.9,2.156,2.065,4.409,4.147,2.341,0.521,,2.476,0.988,1.043,3.806,2.149,2.351
20150109,22,AQI,250,107,252,106,110,380,298,80,77,157,192,167,365,86,110,222,53,259,206,240,168,241,250,387,282,186,218,244,164,244,253,246,205,191,252,141,198,182,191,150,141,184,71,94,195,62,80,115,247,321,230,246,204,97,99,121,91,115,106,88,90,66,78,62,136,127,77,22,45,121,119,57,111,172,196,234,130,38,69,81,62,403,324,168,268,131,286,365,82,212,401,404,303,57,108,76,88,100,125,85,86,91,76,114,67,16,374,59,135,204,79,52,116,270,167,163,150,125,178,72,127,160,124,161,436,226,146,181,124,367,307,130,119,170,133,120,69,49,74,139,42,93,153,85,99,83,49,108,126,119,106,119,79,61,177,92,120,113,172,306,319,228,209,119,39,126,96,116,69,260,153,206,217,276,287,188,237,128,137,149,314,221,143,153,153,88,138,163,78,106,74,136,227,117,199,213,141,71,61,67,93,42,55,120,214,205,147,52,139,113,77,39,32,83,109,67,74,82,51,185,45,119,111,224,196,110,92,110,158,168,116,186,88,119,70,82,79,80,65,128,227,121,119,71,94,98,106,78,179,251,241,148,115,207,217,199,237,81,246,249,315,235,196,192,147,165,114,108,171,157,94,126,93,128,91,88,106,137,45,122,64,89,41,63,114,149,92,116,124,245,103,132,82,35,28,55,72,42,52,46,55,42,28,38,75,27,50,59,89,43,35,49,23,37,55,48,48,136,237,52,43,273,174,138,67,142,164,153,77,142,146,83,179,143,256,,69,58,69,69,60,66,61,131,137,124,337,125,269,124,82,224,181,130,101,36,143,196,106,25,,99,80,116,136,130,204
20150109,22,PM2.5,199,70,201,79,82,263,247,58,52,119,144,126,314,61,73,171,32,208,155,189,127,190,199,336,231,140,167,193,124,193,202,195,154,143,201,107,148,137,143,115,107,138,51,70,146,43,58,86,196,270,179,195,153,72,74,91,67,86,79,65,63,37,57,43,103,96,56,15,23,91,89,36,83,130,147,183,98,11,49,59,43,353,273,127,217,99,235,314,60,161,293,333,252,31,80,55,65,75,94,62,63,67,55,85,40,6,323,32,102,153,46,24,87,219,126,123,115,94,134,52,96,121,93,117,403,175,111,136,86,316,256,98,89,128,101,90,49,29,53,106,28,69,116,62,74,61,34,80,95,77,79,89,49,27,133,64,90,84,130,255,268,177,158,89,27,95,71,87,49,209,116,155,166,225,236,141,186,97,104,114,263,170,101,116,116,65,105,123,57,79,53,103,176,88,149,162,107,51,40,37,69,18,30,82,163,154,112,31,106,84,56,26,9,61,81,42,53,60,35,139,21,89,83,173,147,82,68,82,120,127,83,140,65,89,50,60,54,49,46,97,176,91,89,51,70,73,79,57,135,200,190,113,86,156,166,149,186,59,195,198,264,184,147,144,112,125,85,66,129,119,70,95,69,97,67,65,79,104,31,92,17,66,28,34,85,114,68,87,93,194,76,100,60,21,16,26,52,25,29,32,38,29,15,26,54,16,35,41,66,30,24,34,10,25,34,23,23,103,186,34,14,222,131,105,48,102,124,116,47,108,111,61,135,109,205,,39,30,49,49,37,47,33,99,104,93,286,60,218,93,60,173,102,98,56,15,109,53,62,17,,56,58,87,103,98,153
20150109,22,PM2.5_24h,74,143,205,137,101,231,426,28,35,103,141,222,261,68,41,208,81,122,178,141,122,147,179,265,167,115,154,165,119,157,142,165,136,115,143,97,128,127,147,99,86,95,63,78,99,54,42,67,205,183,92,189,150,57,69,75,54,74,73,64,47,41,65,48,91,88,48,10,15,73,89,41,59,140,139,159,47,17,75,107,44,271,293,201,260,140,226,263,120,199,222,259,216,101,165,48,48,66,76,56,59,63,47,70,33,9,228,38,86,117,35,35,107,134,117,69,77,44,59,76,86,122,78,76,259,104,52,99,69,230,216,94,93,96,103,72,72,24,53,63,23,70,84,70,88,54,24,79,69,52,39,70,31,21,72,53,88,200,123,181,208,151,213,162,109,146,174,112,126,147,119,128,137,192,160,121,170,100,109,104,174,115,89,114,105,69,94,114,55,98,53,76,146,58,104,65,60,64,69,31,45,10,29,74,123,88,107,98,94,59,60,33,12,69,73,29,42,91,28,168,18,90,68,158,121,78,56,103,69,96,61,91,60,78,52,48,59,40,45,70,126,73,77,51,63,55,49,56,97,147,286,99,85,126,127,93,170,40,163,185,220,142,113,139,111,137,123,108,94,110,91,108,63,70,67,78,75,73,40,87,37,70,55,30,69,97,53,78,71,117,43,70,59,21,11,20,44,23,32,18,21,36,16,46,37,16,40,13,38,29,25,31,46,7,17,15,28,27,68,25,15,135,57,84,38,87,88,57,47,76,56,56,63,59,204,,35,21,38,26,42,51,31,80,61,54,189,76,152,89,49,171,83,60,35,14,70,108,56,13,,73,58,65,121,121,77
20150109,22,PM10,284,162,281,130,159,483,381,101,102,159,239,235,451,119,167,240,53,264,195,265,212,275,297,401,342,311,254,275,195,289,314,262,281,253,290,159,230,190,204,176,167,195,90,101,211,71,87,153,320,392,305,262,171,105,120,140,115,115,115,96,128,80,85,71,154,150,65,17,40,190,156,62,139,184,226,232,182,37,66,77,72,394,361,190,297,136,356,463,56,246,500,503,344,62,125,85,105,119,131,100,92,98,87,123,81,6,451,66,138,243,105,51,126,348,180,120,153,163,182,92,143,180,182,269,531,209,181,225,196,401,374,196,124,179,112,124,55,35,84,147,41,106,185,97,118,87,36,140,198,185,113,157,105,70,219,131,150,129,269,374,369,212,204,122,22,153,99,122,83,276,173,245,230,355,325,157,281,155,136,186,361,234,234,187,230,99,143,227,76,136,69,171,288,139,143,316,158,73,70,81,90,41,58,187,235,214,155,51,133,136,71,38,31,80,105,81,67,65,50,158,44,137,127,226,196,133,99,157,164,192,179,189,113,126,73,101,105,108,69,154,241,166,111,66,113,107,110,99,200,281,188,167,141,303,237,286,310,90,278,269,376,252,231,243,167,152,93,163,219,146,102,126,129,123,99,95,93,118,25,130,75,,40,73,160,152,96,105,166,256,119,165,112,34,27,58,58,41,52,45,,35,19,30,95,26,,50,62,7,31,34,22,36,57,47,47,87,,52,26,211,247,157,79,232,195,88,102,166,135,107,219,163,294,,85,64,61,62,67,66,52,139,148,113,355,197,311,119,101,327,309,163,150,21,175,340,159,,,146,104,110,167,155,215
20150109,22,PM10_24h,104,219,310,210,189,382,602,58,69,159,231,371,388,127,104,285,118,154,225,197,213,203,251,309,284,264,231,240,202,238,229,223,241,168,204,147,193,152,205,151,141,148,112,112,135,83,63,104,353,284,205,222,158,75,98,105,81,102,99,84,86,76,97,72,129,135,55,18,25,170,139,70,119,187,203,224,109,52,96,139,68,335,445,280,331,188,361,402,165,334,374,435,319,154,226,74,80,90,106,81,88,97,71,100,58,12,337,90,121,164,76,68,155,201,174,106,104,66,90,94,137,168,139,178,380,189,98,162,156,308,308,183,118,133,117,100,87,37,82,81,43,105,123,106,117,75,28,256,135,126,74,131,69,74,167,104,132,283,273,281,293,204,271,208,118,225,219,166,179,202,173,178,191,301,203,143,257,142,153,186,241,155,194,179,148,88,136,177,78,157,114,135,245,98,114,127,97,101,133,56,62,35,51,159,173,126,135,170,126,98,93,40,36,91,103,67,57,120,43,202,36,137,113,176,163,117,78,183,91,143,117,121,97,114,77,65,71,73,70,117,183,132,106,67,100,82,76,85,164,244,272,154,129,208,194,149,261,63,247,288,324,215,171,209,141,185,160,185,165,141,134,155,96,101,94,112,94,88,57,117,59,76,69,67,108,115,68,106,119,145,69,121,95,27,18,32,54,36,52,23,22,46,26,55,56,31,38,14,51,28,40,46,92,24,35,34,64,71,59,31,23,160,119,101,91,225,139,117,79,128,93,111,116,99,278,,102,42,67,36,65,58,47,135,97,95,264,236,238,110,130,322,261,118,133,20,105,237,142,13,,187,85,87,154,187,112
20150109,22,SO2,88,76,147,50,95,131,230,84,41,61,197,86,280,133,87,271,90,142,108,52,38,50,74,112,126,64,58,63,50,56,35,50,75,34,51,32,70,22,61,21,26,64,32,20,25,12,17,30,133,91,102,38,46,31,13,22,28,20,43,41,17,15,15,6,16,8,42,10,8,49,51,23,105,63,35,48,78,12,61,32,14,287,144,59,97,85,308,192,38,184,197,157,135,16,111,29,16,21,22,13,11,21,29,22,35,2,196,92,269,397,115,79,109,125,152,221,83,73,53,26,19,26,44,165,217,111,119,73,80,38,76,23,43,17,11,30,30,2,21,25,23,29,20,5,42,22,14,27,53,94,19,50,204,9,201,5,5,155,103,137,133,156,62,62,17,36,77,24,28,67,42,55,9,138,62,43,80,38,30,25,64,28,24,51,38,211,19,54,28,183,231,197,131,80,125,296,49,18,101,46,25,53,17,174,195,276,76,105,31,45,31,40,28,12,28,11,13,19,39,34,36,42,32,37,33,19,5,11,56,115,18,56,12,27,12,31,23,49,12,27,38,46,27,58,100,60,19,95,123,141,91,57,39,43,119,48,45,29,38,42,49,37,19,25,10,34,59,63,48,85,41,45,95,29,15,20,17,27,10,34,6,2,3,22,10,11,26,5,6,15,12,7,55,3,12,9,30,97,5,24,9,21,21,11,106,9,8,103,9,17,11,13,13,7,7,4,4,30,81,37,7,21,87,45,29,182,51,89,161,46,25,93,196,117,214,,13,22,28,4,73,2,27,29,54,40,153,2,37,26,26,99,88,77,15,17,18,21,54,3,,82,22,26,121,54,127
20150109,22,SO2_24h,31,86,184,84,87,131,243,60,27,38,132,129,233,205,64,311,86,116,185,55,52,52,112,87,76,57,72,62,52,60,44,63,54,32,56,36,70,42,82,31,31,43,29,25,26,11,13,38,133,129,117,42,41,22,15,18,22,26,35,32,18,25,23,11,21,14,30,8,6,51,52,37,138,79,42,46,61,25,125,73,12,205,124,94,115,170,244,109,80,205,159,131,112,76,188,31,16,20,28,14,17,22,34,15,32,5,123,64,136,203,105,113,143,129,173,162,57,54,44,33,24,55,54,117,174,90,115,93,95,41,87,34,44,22,36,22,38,2,21,21,36,40,19,10,22,20,14,38,42,81,24,46,183,23,171,8,17,160,157,194,136,154,113,115,90,83,124,54,50,90,40,64,11,92,70,41,82,42,39,42,71,31,24,39,32,142,20,55,34,117,148,173,106,53,134,75,38,28,72,37,24,25,13,116,145,138,97,167,49,30,43,51,25,8,30,10,15,29,47,52,31,39,32,37,60,24,6,12,45,66,16,38,17,36,13,29,27,38,12,19,46,60,57,64,75,63,48,94,135,142,110,79,35,28,88,46,76,26,57,61,42,36,21,24,22,53,73,78,48,64,48,43,121,35,17,40,18,23,10,25,9,15,7,26,25,18,17,16,12,15,11,8,58,2,11,25,27,82,8,14,9,20,20,12,88,9,9,21,13,18,15,33,21,8,6,6,4,10,40,27,6,25,31,46,27,67,57,86,117,48,24,86,94,41,165,,36,23,49,5,29,3,30,37,73,30,103,8,27,26,40,64,48,44,16,30,22,58,40,3,,123,22,29,127,59,141
20150109,22,NO2,115,90,121,73,71,153,100,37,60,74,108,90,153,42,72,96,50,93,85,163,125,163,133,107,96,89,86,100,115,95,67,66,72,120,148,110,122,136,146,80,78,121,72,77,64,54,50,81,104,120,120,122,91,93,91,89,76,55,72,79,75,54,37,7,47,62,36,39,22,63,74,44,79,118,59,70,79,49,86,34,49,129,120,84,114,72,107,150,58,111,123,118,102,26,95,62,33,24,29,53,33,36,57,39,65,15,143,45,97,60,63,32,70,98,111,75,71,56,46,35,43,89,72,100,143,101,92,78,81,65,101,58,76,42,31,26,27,13,47,48,29,40,53,56,36,38,31,58,64,73,50,66,27,37,81,41,77,80,66,77,122,105,66,38,27,73,67,42,29,60,69,151,127,142,119,59,139,113,75,93,148,85,72,85,82,40,60,74,56,45,64,46,52,60,40,88,51,44,49,49,50,7,12,51,93,110,62,59,70,72,24,19,9,15,33,41,26,19,21,61,32,85,37,83,82,91,29,39,73,103,80,41,54,59,43,50,14,51,6,61,51,47,40,22,64,57,33,63,142,136,115,107,91,57,108,87,95,67,99,55,72,95,61,59,51,39,24,49,34,57,23,50,39,39,17,17,22,27,24,21,16,23,14,38,43,47,49,33,35,41,27,44,32,9,27,23,28,14,34,38,29,41,12,10,40,11,14,55,17,16,12,32,17,12,1,11,6,54,67,22,11,57,104,34,52,42,67,63,34,79,45,41,57,61,128,,26,10,21,25,29,5,8,33,41,63,100,26,99,28,120,90,50,88,70,15,81,85,65,7,,61,72,42,69,37,61
20150109,22,NO2_24h,64,90,121,94,74,134,125,25,36,49,82,99,135,40,42,91,61,65,93,122,98,108,99,75,73,73,71,75,99,68,46,54,60,77,99,78,87,92,110,51,59,70,47,52,45,41,22,51,106,108,78,105,65,51,46,62,51,44,71,48,34,40,34,9,42,51,32,26,13,57,68,37,51,92,62,75,47,31,66,55,31,106,123,87,102,79,103,103,70,95,96,108,99,62,107,40,28,24,26,41,30,38,43,32,43,18,96,29,67,41,49,33,71,70,98,60,46,36,39,32,38,66,56,69,111,68,51,65,68,49,80,45,41,34,31,23,26,12,40,38,31,37,32,50,30,36,26,50,57,58,33,49,21,57,39,42,43,74,68,64,95,101,73,43,68,79,89,52,56,37,72,95,88,114,89,47,117,81,72,70,91,60,49,64,54,36,45,51,42,31,38,41,37,46,35,48,36,36,40,39,27,5,15,39,67,77,55,62,59,44,26,22,10,20,25,27,25,33,23,124,25,67,27,70,64,70,26,26,39,68,43,54,38,32,25,33,11,31,8,38,42,46,39,32,48,45,38,38,117,89,117,77,53,43,75,39,88,28,86,61,51,75,48,50,38,46,34,36,35,46,32,51,34,25,16,24,21,24,22,20,17,26,21,36,32,32,31,27,24,32,19,29,26,10,10,20,26,17,28,28,19,27,14,18,20,15,17,25,12,14,16,19,24,23,25,8,6,15,35,13,8,41,67,26,39,34,57,43,33,66,47,30,34,47,125,,40,10,20,13,15,6,8,25,28,46,67,24,78,23,66,57,22,60,35,21,74,85,22,7,,52,41,37,60,29,47
20150109,22,O3,9,3,16,10,2,5,11,21,7,7,6,8,6,11,6,8,20,13,11,8,13,7,9,11,10,17,22,10,23,13,22,47,13,29,18,11,7,4,3,5,31,5,18,16,18,66,34,13,10,15,22,15,22,12,32,46,10,9,40,34,19,40,24,89,2,11,15,4,76,8,12,19,11,3,15,11,7,26,9,21,55,2,5,9,4,21,6,14,12,14,8,4,10,51,5,40,106,80,103,19,68,70,56,115,10,25,5,22,16,30,22,23,12,4,4,9,18,9,28,24,45,8,33,16,4,4,13,27,5,11,13,20,8,26,68,68,57,91,10,7,9,6,57,21,22,5,35,7,29,13,10,6,58,45,8,43,28,6,10,3,9,9,7,13,41,,2,24,31,5,56,5,12,10,6,14,14,,49,34,2,106,43,6,13,8,30,13,49,12,20,5,37,25,20,8,18,11,31,30,13,46,74,7,21,6,30,30,14,4,35,52,32,53,32,34,45,53,51,63,26,40,33,19,38,39,23,22,43,78,31,14,30,38,54,7,66,6,53,16,5,21,62,91,50,16,78,13,37,3,2,6,12,13,7,15,11,22,20,30,14,22,28,20,3,22,33,37,57,19,33,42,6,62,32,47,31,69,8,61,32,37,41,31,16,11,14,29,36,14,19,5,27,49,23,34,25,47,16,32,15,18,43,46,42,48,71,1,24,25,29,13,33,66,40,74,34,50,24,55,75,16,9,19,16,2,36,13,41,11,21,58,13,19,40,,35,75,56,45,67,8,110,5,25,11,10,17,23,18,13,24,20,7,83,80,10,6,35,44,,8,28,82,3,10,3
20150109,22,O3_24h,65,58,51,66,40,33,50,63,71,39,55,58,31,32,52,22,47,52,43,75,83,75,97,96,84,101,73,105,76,74,93,141,69,89,90,104,77,113,96,99,94,121,109,117,69,115,85,63,26,39,70,93,73,94,131,118,82,97,125,128,120,100,62,102,15,44,56,54,98,32,54,71,47,40,56,38,54,71,65,39,107,24,66,85,34,57,30,85,25,46,44,14,40,54,43,111,128,132,153,85,126,128,99,184,92,42,71,63,92,42,62,38,38,25,30,48,65,57,57,60,65,63,69,36,33,60,68,96,35,30,75,89,23,48,101,140,89,111,42,55,29,57,70,71,44,34,43,72,95,74,53,50,86,101,66,76,81,48,29,28,45,51,32,37,52,11,16,41,32,48,110,107,96,90,86,119,56,83,101,108,76,106,89,98,55,29,103,40,110,47,93,39,76,86,45,88,71,46,82,81,72,50,89,46,37,35,57,47,43,51,63,65,38,60,49,64,61,70,69,72,56,61,83,59,99,83,46,51,92,126,63,59,91,78,94,78,93,83,111,83,32,68,93,99,88,60,108,103,99,44,49,69,75,60,72,111,44,87,85,78,66,124,85,75,16,99,62,121,101,83,74,70,47,85,75,86,67,107,22,90,57,58,60,55,46,60,58,61,54,44,34,30,71,79,50,63,35,59,64,72,43,55,67,55,76,67,76,60,42,35,44,50,58,69,44,89,35,96,72,81,95,55,68,55,69,36,93,66,88,64,55,82,83,67,95,,84,104,89,103,103,18,130,8,62,68,55,42,45,20,68,71,64,60,135,93,33,52,93,69,,39,112,149,32,46,35
20150109,22,O3_8h,31,21,25,27,13,13,18,25,34,18,22,25,14,19,25,11,28,23,21,26,37,32,41,45,38,50,36,45,35,34,46,76,35,45,45,54,29,47,44,53,57,55,59,57,35,90,62,33,13,20,34,33,45,52,86,81,51,52,69,77,79,75,38,91,6,23,15,8,89,14,26,44,29,17,28,12,25,47,34,23,81,8,20,29,9,31,13,44,11,22,19,6,16,37,13,59,113,109,131,55,102,104,71,145,55,31,33,43,46,31,36,26,15,8,11,17,35,23,28,31,49,31,44,19,16,26,27,56,18,19,39,54,13,29,79,104,67,97,28,29,16,20,57,41,21,6,32,13,61,36,33,28,74,65,37,50,53,25,16,11,21,20,11,15,43,2,6,20,15,18,76,40,36,32,37,54,25,28,61,68,25,71,48,33,29,15,60,22,77,25,66,20,56,51,27,46,33,24,52,48,40,47,71,21,17,12,41,33,24,19,41,50,29,51,37,51,45,51,44,66,34,43,51,23,63,52,28,34,61,76,40,30,44,52,70,43,58,39,79,45,14,44,71,93,73,34,94,58,32,16,19,38,44,30,31,52,19,45,42,35,26,51,50,39,16,51,43,83,70,46,40,51,23,60,52,63,45,91,13,73,33,45,48,38,31,36,35,45,44,21,21,15,49,59,41,46,27,50,40,53,15,31,55,44,62,53,66,13,24,27,27,33,43,67,40,78,34,83,55,73,85,34,36,33,39,17,55,37,59,32,36,66,54,35,64,,52,91,66,78,91,12,112,5,41,39,34,28,36,18,42,49,43,34,112,71,19,28,67,43,,20,70,111,11,24,12
20150109,22,O3_8h_24h,55,43,31,46,22,20,32,52,61,32,39,39,18,25,42,18,37,43,27,48,53,50,55,65,54,73,51,69,55,52,65,107,50,61,64,81,51,66,61,82,77,88,78,87,50,101,75,52,18,31,46,47,61,77,108,98,69,73,86,106,105,94,55,93,11,29,50,47,94,21,33,49,46,23,45,49,42,61,47,30,94,14,33,45,20,43,17,58,14,28,29,10,22,40,24,95,116,120,136,71,117,115,83,159,78,33,50,51,66,34,55,31,25,20,15,32,52,46,50,47,53,43,54,37,21,44,56,71,25,24,59,82,18,39,95,116,78,106,30,35,23,36,61,43,27,36,39,28,79,46,41,32,79,86,47,56,67,31,20,16,32,31,18,19,43,11,8,36,19,28,82,67,61,54,59,78,35,46,77,79,52,85,70,58,37,23,81,33,87,33,77,27,61,69,30,71,61,36,64,58,63,47,84,33,30,24,46,37,30,38,51,58,36,57,42,55,49,57,58,66,52,51,67,42,74,65,37,40,75,99,52,41,61,61,84,62,71,72,92,62,35,53,75,94,81,53,99,81,40,28,33,50,59,37,45,94,35,54,58,70,59,68,71,55,19,60,65,97,82,69,53,72,26,67,67,78,56,99,19,79,49,55,60,55,35,40,37,47,48,38,25,17,54,70,43,60,32,54,51,59,35,42,60,53,68,58,67,54,41,29,38,54,43,68,42,84,35,92,65,81,88,38,49,35,50,26,66,53,64,48,47,71,62,46,71,,62,101,76,97,99,15,118,6,53,55,39,31,38,19,46,50,49,40,124,88,22,32,71,63,,29,87,124,18,32,25
20150109,22,CO,2.808,2.256,3.362,1.518,1.947,5.249,4.495,1.49,1.367,2.049,4.634,2.23,6.357,2.662,3.913,3.028,0.687,2.374,1.266,2.5,2.024,2.669,2.147,3.588,2.603,2.327,2.345,2.128,1.83,1.867,1.994,1.746,2.6,2.39,2.16,1.732,1.409,2.133,2.351,1.473,1.594,1.796,1.46,1.064,2.289,0.554,0.801,1.564,3.144,3.418,3.901,2.226,1.573,1.621,1.368,1.5,1.603,1.707,1.49,1.251,1.716,1.22,0.969,0.755,1.495,1.239,0.917,1.75,0.862,2.634,3.43,1.737,1.878,3.632,1.626,1.649,3.828,0.678,1.71,1.773,0.687,4.844,2.414,2.343,4.086,2.898,4.714,2.021,1.855,4.041,3.328,4.061,2.221,1.018,2.363,1.359,0.876,1.877,1.194,1.357,1.388,1.123,1.787,1.357,1.515,1.44,4.614,2.45,6.782,6.533,1.877,0.681,2.319,4.93,3.863,3.153,1.62,2.476,2.304,0.948,1.908,2.085,1.659,4.124,5.311,3.586,3.908,2.263,2.351,2.398,2.691,2.182,2.618,3.77,0.958,1.662,1.229,0.75,0.948,1.337,1.669,0.592,2.124,0.868,1.003,1.178,1.744,1.487,2.254,5.864,2.098,1.602,1.628,0.426,1.973,1.851,2.368,2.309,2.672,4.809,3.408,3.492,3.036,2.496,2.942,3.641,3.534,1.359,1.753,3.599,1.342,3.774,2.324,2.988,,1.591,2.132,2.212,1.741,1.088,2.181,1.775,2,1.949,,0.515,1.562,3.509,0.834,2.791,1.556,3.294,4.937,3.011,3.277,3.376,1.329,0.96,1.759,0.989,1.838,0.307,1.146,2.833,2.689,2.696,2.138,0.948,3.332,2.55,0.789,0.629,1.089,2.001,1.262,0.644,0.846,0.688,0.445,1.264,0.596,1.95,1.726,1.746,2.311,3.455,0.521,2.126,3.62,2.831,1.655,2.488,1.148,2.362,0.78,1.065,1.507,1.471,0.925,1.244,2.179,1.166,1.33,1.471,1.473,1.311,1.183,1.158,3.206,3.958,2.812,2.632,2.063,4.744,2.064,2.867,3.243,0.596,3.104,1.923,2.937,2.73,2.28,4.129,0.861,1.465,1.271,2.244,2.453,1.554,0.688,2.117,0.788,1.854,1.387,1.09,1.455,1.25,1.097,1.201,0.891,0.879,0.788,0.467,0.805,0.954,1.599,0.621,1.236,3.017,1.463,1.495,1.05,0.531,0.95,0.68,0.777,1.213,1.811,1.443,1.208,0.792,0.699,0.856,1.33,1.074,1.649,1.201,0.851,0.997,0.871,0.701,0.616,1.614,1.443,0.26,0.772,2.236,3.934,0.929,0.359,3.39,6.063,2.297,1.308,2.366,1.668,1.721,0.491,12.205,1.079,3.741,2.899,3.056,1.859,,0.692,1.354,0.764,0.093,0.523,1.288,0.725,1.795,0.949,1.903,5.129,1.583,3.766,0.654,2.065,5.564,1.975,6.737,3.401,1.973,4.118,3.981,3.096,0.708,,2.033,1.289,1.202,3.673,1.795,3.995
20150109,22,CO_24h,1.645,3.409,4.661,2.968,2.497,4.228,7.517,1.32,1.081,1.82,3.869,3.434,6.725,3.07,2.419,3.111,1.379,1.509,1.549,1.901,2.015,2.025,2.048,2.432,2.733,1.9,2.352,2.511,1.781,1.616,1.735,1.759,1.865,1.654,1.535,1.465,1.273,1.626,1.706,1.17,1.524,1.464,1.484,1.008,1.301,0.723,0.712,1.137,2.979,2.563,1.813,2.103,1.376,1.266,1.327,1.444,1.272,1.559,1.485,1.122,1.221,1.201,1.083,1.23,1.262,1.233,0.962,1.215,0.788,2.656,3.386,1.842,1.434,3.289,1.547,1.516,1.917,0.67,2.852,2.712,0.746,3.191,4.008,3.094,3.283,3.208,3.477,2.112,2.369,3.225,2.738,3.444,2.869,1.447,2.931,1.165,0.773,1.771,1.164,1.154,1.234,1.271,1.412,1.388,1.482,1.628,2.799,2.572,4.899,4.629,1.373,1.056,2.821,3.049,3.976,2.062,1.308,1.239,1.251,1.043,1.766,2.327,1.439,2.665,4.838,1.935,2.206,1.314,2.129,1.808,2.176,2.254,1.638,3.155,1.001,1.712,1.207,0.806,0.983,0.924,1.561,0.532,1.254,0.919,1.026,0.803,1.939,1.472,1.911,4.914,1.859,1.477,1.104,0.614,1.312,1.948,1.146,3.171,3.36,3.637,2.693,2.837,3.268,2.008,3.714,3.212,3.509,1.492,2.805,2.591,1.32,2.612,1.768,2.175,2.091,1.507,1.853,2.016,1.849,0.806,1.865,1.305,1.574,1.705,2.202,0.855,1.293,2.787,0.775,2.83,1.239,3.044,4.568,2.278,3.873,1.642,1.057,1.325,1.729,1.123,0.977,0.306,1.622,2.317,1.829,1.585,1.596,2.246,2.593,1.079,0.647,0.656,1.048,1.943,0.763,0.458,0.895,0.668,0.526,1.845,0.474,1.521,1.038,1.883,2.204,3.235,0.529,1.543,1.282,1.75,0.911,1.729,0.927,2.272,0.717,1.029,1.456,1.378,0.873,1.046,1.694,1.519,1.08,1.611,1.17,1.162,1.209,1.045,2.691,3.636,3.289,1.416,1.629,2.814,1.758,1.079,3.421,0.434,3.265,1.944,2.847,2.783,2.182,3.552,0.876,1.515,1.595,2.091,3.896,1.449,0.9,1.777,0.583,1.54,1.514,1.411,1.538,1.247,1.089,1.199,0.966,0.913,0.958,0.741,0.823,0.732,1.109,0.676,1.017,1.808,0.995,1.255,0.921,0.488,0.385,0.579,1.016,1.254,1.838,1.307,1.118,0.833,0.719,0.849,0.795,1.266,1.581,0.602,1.003,1.079,0.758,0.821,0.714,2.13,1.215,0.208,0.758,1.503,1.971,0.804,0.343,2.556,2.969,2.039,2.686,2.182,1.185,1.624,0.977,7.348,1.134,3.299,2.067,1.442,2.314,,1.743,1.39,0.403,0.228,0.462,1.232,0.624,1.599,0.718,1.341,3.908,2.273,3.185,0.797,1.982,3.823,1.543,4.928,2.152,2.06,4.185,4.136,2.378,0.534,,2.428,1,1.047,3.805,2.367,2.418
20150109,23,AQI,269,110,240,90,100,365,312,64,74,203,204,164,374,96,112,208,52,253,205,249,168,244,254,376,300,181,207,235,168,243,260,312,198,192,261,153,202,177,191,161,139,172,72,99,193,77,65,119,199,264,282,253,204,98,109,121,94,117,111,91,99,65,76,63,141,126,82,19,44,125,111,56,104,181,191,232,139,35,56,72,63,388,332,149,290,128,323,388,74,245,385,321,247,60,131,78,87,97,126,87,77,92,74,120,68,15,399,64,171,220,75,52,96,257,163,164,168,122,147,70,127,167,122,165,426,255,148,164,125,368,326,130,122,167,126,122,65,49,71,125,59,98,156,82,114,85,46,106,111,112,108,114,87,57,167,88,132,128,130,308,300,171,156,120,30,147,130,110,66,274,167,208,213,296,271,189,235,133,135,156,265,219,141,157,147,86,154,167,82,115,105,127,228,117,161,207,105,74,66,69,117,34,44,119,184,212,172,55,146,128,87,61,32,69,108,68,66,72,38,168,45,124,122,233,182,109,78,115,144,156,119,157,88,121,62,77,76,81,65,128,226,122,120,72,99,93,97,80,249,262,256,170,125,229,228,182,238,81,233,247,275,223,185,208,170,150,116,108,171,157,97,136,92,120,88,77,104,138,33,122,69,89,32,61,114,142,88,120,117,225,100,121,83,30,35,46,63,45,41,42,49,65,26,33,91,26,49,71,74,43,33,55,34,34,53,40,47,143,205,67,42,262,112,127,62,179,171,165,95,122,87,89,160,154,240,,59,54,70,74,60,63,61,208,179,117,340,124,253,127,125,500,176,113,99,36,167,178,116,25,,93,76,116,130,94,127
20150109,23,PM2.5,218,77,189,63,67,278,261,45,53,152,153,124,323,71,70,157,32,202,154,198,127,193,203,325,250,136,156,184,127,192,209,261,148,144,210,116,151,133,143,122,106,130,51,74,145,48,46,89,149,213,231,202,153,73,81,91,70,88,83,67,72,37,55,44,107,95,60,13,20,94,83,34,77,136,143,181,106,14,39,52,42,337,281,114,239,97,245,323,53,194,306,270,196,33,99,57,64,72,95,64,56,68,53,90,40,6,348,36,129,169,48,26,71,206,123,124,127,92,112,50,96,126,92,125,387,204,113,124,94,317,275,98,92,126,95,92,46,28,51,94,39,73,118,60,85,62,32,79,83,78,80,85,52,13,126,65,100,97,98,257,250,129,118,90,21,112,98,82,47,223,126,157,162,245,220,142,184,101,102,118,214,168,99,119,112,63,117,126,60,86,78,96,177,88,122,156,78,52,44,41,88,17,25,73,138,161,130,38,111,97,64,43,6,49,80,42,47,52,26,127,21,93,92,182,137,81,57,86,110,118,89,119,65,91,43,56,53,43,46,97,175,92,90,52,74,69,72,58,198,211,205,128,94,178,177,137,187,59,182,196,224,172,139,157,128,115,87,68,129,119,72,103,68,90,65,56,77,105,23,92,25,66,22,30,85,108,65,90,88,174,75,91,61,21,23,32,44,25,26,29,34,46,14,23,67,11,34,51,53,30,21,38,13,16,22,13,18,109,154,48,18,211,73,96,42,98,129,125,44,92,64,66,121,117,189,,41,25,50,53,42,44,32,157,135,88,289,69,202,96,86,323,110,84,57,11,126,45,67,17,,57,55,87,98,70,96
20150109,23,PM2.5_24h,74,135,204,130,101,233,417,28,33,100,140,215,259,68,41,203,79,125,174,145,123,150,181,270,171,116,154,165,119,158,145,170,136,116,146,98,129,128,147,100,88,96,63,78,101,54,43,68,203,188,98,190,150,57,64,76,55,75,73,64,48,41,65,48,92,89,48,10,15,74,87,42,60,139,140,161,49,18,72,104,45,275,296,196,262,136,226,266,118,200,227,260,215,100,169,49,49,67,77,56,58,64,47,71,33,8,233,38,87,118,36,36,107,138,118,70,79,45,61,73,89,122,79,78,264,105,55,97,70,229,221,97,92,96,103,74,71,24,50,63,26,71,86,70,89,52,24,79,69,53,40,72,32,21,75,53,89,195,123,187,213,154,212,161,106,145,171,112,122,150,119,130,141,197,164,122,171,100,109,105,179,117,89,114,105,66,95,115,56,98,53,77,148,58,104,69,59,63,68,30,47,10,28,68,125,91,107,94,94,60,58,34,12,69,73,29,43,90,28,169,16,90,70,159,123,78,56,102,71,98,62,93,59,78,52,48,58,40,45,71,128,73,78,51,64,56,51,56,98,148,281,100,84,129,128,94,172,40,164,187,221,144,113,141,111,137,122,106,96,110,90,108,63,72,67,77,75,75,39,87,35,70,54,30,70,97,53,78,73,118,44,71,59,21,11,20,44,22,30,19,22,36,15,45,39,16,39,15,39,29,24,31,45,7,17,15,25,29,71,25,15,138,56,85,38,87,89,58,44,76,56,57,64,61,201,,35,21,38,27,42,51,31,83,64,54,188,74,154,88,50,177,82,59,36,14,87,106,56,13,,72,58,66,118,102,78
20150109,23,PM10,273,167,266,127,148,471,387,68,96,194,256,230,467,130,172,221,52,261,177,261,217,270,289,388,347,293,230,257,194,287,314,254,268,250,306,176,224,175,214,191,163,200,92,112,212,102,72,182,259,320,348,299,173,101,130,128,118,129,127,96,146,77,77,70,158,149,71,18,33,193,136,60,155,243,202,228,195,34,53,64,73,376,363,178,330,128,437,489,63,297,487,421,274,68,150,79,97,112,126,91,94,107,83,133,83,11,482,76,164,253,98,51,105,316,196,166,170,123,158,60,129,191,158,261,502,248,190,208,178,406,421,187,135,187,103,123,44,37,78,132,66,103,191,82,110,93,32,143,169,171,119,150,108,62,217,111,136,138,203,356,346,156,148,123,27,166,139,120,69,291,188,240,226,392,299,152,277,131,137,192,309,218,230,188,205,70,178,278,81,153,94,163,287,132,140,326,129,95,79,85,120,33,43,185,206,223,126,58,136,156,80,53,31,68,97,83,61,62,37,152,44,164,174,200,174,128,66,176,161,177,175,147,117,151,71,91,99,109,59,156,234,163,112,65,119,104,101,102,201,303,212,182,140,339,246,288,273,85,258,264,311,235,219,257,178,152,99,164,209,142,82,127,123,120,92,87,91,130,31,124,86,70,28,69,165,141,90,112,160,219,120,154,108,28,34,44,50,44,40,41,,52,20,,104,21,,55,61,10,32,,33,23,53,24,46,,179,64,26,176,171,138,72,305,191,201,138,152,74,101,204,174,270,,60,55,78,63,67,64,60,164,102,134,383,195,175,120,198,756,300,142,145,3,197,304,179,,,133,85,111,145,103,133
20150109,23,PM10_24h,100,207,307,201,191,386,589,59,66,153,229,361,385,127,103,281,115,159,221,203,212,207,255,315,287,266,232,241,201,241,233,224,242,171,208,147,195,155,206,151,143,150,112,113,139,84,64,108,349,290,211,224,159,76,101,106,82,103,99,84,89,77,96,73,131,135,55,18,26,172,138,70,121,189,205,225,110,50,93,134,69,337,445,274,334,183,365,418,164,335,380,434,316,153,234,73,81,92,107,82,89,98,71,102,58,11,342,87,123,167,77,68,155,207,175,106,107,68,93,90,131,168,139,181,384,188,103,162,158,307,316,182,118,134,118,102,88,37,77,79,48,105,126,106,118,73,28,252,134,127,75,133,71,73,169,104,133,278,271,289,299,205,270,206,114,224,216,166,180,206,174,182,195,308,209,142,260,141,153,187,249,156,195,179,150,83,137,180,78,158,113,138,247,98,113,136,96,100,130,54,64,35,50,149,178,131,134,165,126,100,89,41,36,90,102,69,58,120,43,203,33,138,115,177,164,117,77,180,93,146,118,124,97,115,77,66,71,73,70,117,185,134,108,67,102,82,77,86,164,241,269,155,128,215,194,154,264,63,248,292,326,217,172,212,140,185,158,184,167,139,131,153,96,103,94,112,94,90,55,118,59,76,67,67,111,117,69,106,122,148,73,122,95,27,19,32,53,36,49,23,22,45,25,54,58,31,38,15,52,28,39,46,90,22,36,33,53,57,64,34,24,160,117,104,90,224,140,120,79,128,92,110,118,102,274,,101,43,68,36,66,58,48,135,96,95,267,229,239,109,133,325,256,116,137,21,131,236,144,13,,183,85,88,153,165,113
20150109,23,SO2,93,92,152,47,99,125,221,72,53,60,145,82,318,141,101,263,72,144,106,52,33,48,82,96,128,58,57,59,42,61,34,75,106,32,50,29,58,19,60,21,26,53,30,18,25,12,15,31,134,81,104,39,46,38,12,23,29,22,44,34,13,14,16,7,16,7,43,9,8,49,50,27,139,62,40,86,73,10,80,32,18,213,136,53,100,74,316,193,39,191,194,132,128,15,102,36,18,22,23,13,13,19,28,19,32,2,213,83,227,315,113,116,88,111,155,179,72,60,46,24,15,24,48,159,208,110,113,63,80,34,78,18,43,14,8,24,26,2,20,24,27,33,35,4,15,32,18,25,46,98,19,42,401,12,176,4,5,154,86,126,125,170,57,59,13,39,74,17,29,69,41,48,9,124,57,39,71,31,27,23,77,21,22,44,32,135,20,51,32,162,221,182,119,83,113,287,47,24,25,77,29,25,18,201,164,272,63,121,27,39,25,42,26,13,25,10,11,20,33,34,37,39,32,29,27,16,5,11,51,91,16,60,13,26,12,32,24,36,12,20,42,47,30,65,125,65,25,116,107,149,87,62,36,40,131,42,48,28,45,41,42,31,17,19,11,50,40,59,50,56,38,40,122,28,16,24,17,23,7,31,5,2,4,21,10,14,18,5,5,13,11,7,52,2,12,6,27,103,5,24,9,28,27,10,123,8,9,74,10,23,11,13,15,7,7,4,4,21,62,43,6,14,53,48,18,212,58,107,155,45,16,63,107,102,154,,13,22,29,3,40,2,24,35,34,32,184,2,34,26,23,97,80,49,14,19,18,21,46,3,,74,23,24,98,35,71
20150109,23,SO2_24h,32,84,178,80,88,131,241,61,27,38,129,124,234,201,67,311,85,119,179,56,51,53,112,88,78,57,72,62,52,61,43,63,57,32,56,36,71,42,82,31,32,44,30,25,26,11,13,38,132,130,117,43,42,22,14,18,22,26,36,32,18,25,22,11,21,13,31,8,6,52,49,37,137,79,42,48,63,28,122,71,13,205,125,92,116,165,245,132,79,204,161,132,111,74,173,32,16,21,28,14,17,22,34,16,32,5,127,65,139,203,107,113,142,131,174,162,58,54,44,32,27,55,54,118,176,91,116,93,95,41,87,30,44,23,35,22,36,2,20,22,42,41,20,10,21,20,14,38,43,81,24,47,192,23,172,8,17,153,153,192,139,158,111,115,84,84,123,53,50,91,40,64,11,96,70,41,82,41,39,42,73,30,25,39,33,143,20,57,34,121,149,174,106,54,132,85,37,29,69,39,23,25,14,122,149,146,96,166,49,31,40,51,25,9,30,10,15,29,47,52,30,39,32,36,58,24,6,12,45,69,16,40,17,36,13,29,27,33,12,20,47,61,57,64,78,63,48,95,134,142,107,78,35,29,92,47,76,26,58,61,42,36,21,23,22,53,72,78,48,64,46,44,122,36,17,40,18,24,9,26,9,15,7,27,25,18,17,16,12,16,11,8,58,2,11,25,28,84,8,15,9,20,20,12,91,9,9,23,13,19,14,32,20,8,5,6,4,10,41,27,6,25,30,47,28,67,56,86,118,47,23,82,95,43,167,,35,23,49,5,30,3,30,37,73,30,105,8,27,26,39,63,48,44,15,30,22,57,41,3,,120,22,29,128,53,138
20150109,23,NO2,114,89,117,68,65,162,99,32,58,76,103,89,155,42,74,93,46,94,85,160,119,159,123,98,94,89,83,95,117,94,60,64,87,113,143,106,111,123,152,75,69,112,69,72,67,57,54,76,98,104,128,118,90,88,99,96,77,70,76,78,82,54,37,9,42,58,36,35,20,60,72,43,86,116,61,73,72,35,70,31,45,122,123,77,119,79,114,127,54,107,120,104,90,22,88,52,34,23,27,57,42,38,59,40,63,14,145,41,93,53,61,29,61,92,102,71,69,51,43,34,48,79,69,101,135,106,81,78,79,60,97,55,73,38,27,26,27,12,38,47,30,38,48,51,29,37,31,59,64,70,47,61,32,39,77,40,82,78,56,69,112,97,57,34,32,74,66,33,28,54,78,145,114,129,117,56,132,107,70,75,151,78,70,79,74,38,62,75,45,41,64,43,45,57,34,92,46,47,35,50,37,5,11,56,86,107,58,57,66,65,21,23,8,16,29,29,28,22,20,55,31,86,42,82,81,92,29,32,70,100,73,43,54,52,39,46,13,49,4,56,46,55,39,24,59,53,37,61,128,134,114,102,89,61,110,70,84,67,89,50,71,77,44,63,47,33,23,52,31,35,21,47,33,33,16,19,22,36,18,19,19,23,10,34,41,41,43,38,31,36,26,40,30,8,24,20,25,13,28,42,31,39,17,6,31,8,15,54,13,18,14,36,20,7,1,6,4,50,64,39,13,47,89,33,47,41,64,55,29,74,34,29,45,67,119,,18,9,24,9,22,6,4,36,46,66,98,39,97,28,116,84,40,44,66,17,88,78,40,5,,59,40,37,65,31,45
20150109,23,NO2_24h,63,87,120,91,74,133,124,25,35,49,82,97,134,40,45,90,60,67,92,124,98,109,100,76,74,74,72,75,99,70,47,54,61,78,101,79,88,93,112,51,61,71,48,53,46,41,23,51,106,108,80,105,67,52,49,63,52,45,71,48,35,39,33,10,42,52,32,27,13,57,72,37,51,93,62,75,48,31,65,53,32,107,123,85,103,78,103,99,70,95,97,108,99,61,102,40,28,24,26,41,31,38,43,32,43,18,98,29,68,42,49,33,71,71,98,60,47,36,39,32,43,66,56,71,111,69,53,65,68,49,81,43,41,34,31,23,26,12,35,38,33,37,33,50,30,36,26,51,56,58,33,50,21,56,42,41,45,73,67,65,96,102,72,43,66,80,89,52,55,38,72,97,90,115,91,47,117,82,71,70,95,60,50,65,54,35,46,52,42,32,39,41,38,46,35,50,36,36,39,39,27,5,15,43,68,78,55,62,59,46,24,22,10,20,25,27,25,33,23,122,25,68,28,71,64,71,26,26,40,70,44,53,39,32,26,33,11,36,8,38,42,46,39,32,48,45,38,39,116,90,117,77,55,44,76,41,88,31,86,62,52,75,48,50,37,45,33,36,34,45,31,51,35,26,16,23,21,24,21,20,17,26,20,36,32,32,31,28,24,32,19,29,26,10,11,20,26,17,28,29,19,27,14,18,21,14,17,26,13,14,15,19,24,21,22,8,6,16,36,15,9,42,66,26,39,34,57,43,33,66,46,30,34,47,124,,39,10,21,12,15,6,8,25,30,46,67,24,79,22,66,56,22,60,35,21,78,85,23,7,,52,41,37,60,30,47
20150109,23,O3,9,3,15,12,5,5,12,23,7,8,4,9,6,9,6,8,21,12,9,8,20,6,9,11,9,15,20,10,18,13,27,49,6,29,12,8,7,3,3,5,35,6,10,14,15,59,29,11,9,14,22,14,21,13,25,40,8,6,33,28,9,33,24,86,3,12,15,8,77,9,14,17,9,3,13,5,8,38,18,20,57,2,5,9,4,18,6,13,12,14,8,4,14,52,5,47,97,78,84,12,63,62,50,104,7,23,5,22,15,27,21,23,16,3,4,9,18,9,28,25,45,10,34,13,3,2,14,22,4,10,14,17,8,28,69,64,52,91,18,6,6,7,53,22,18,5,33,6,24,12,9,6,49,44,8,45,17,5,12,3,8,10,8,16,38,,2,29,29,5,42,4,22,9,7,8,13,1,47,43,2,108,76,4,12,9,27,11,46,12,18,5,39,27,20,9,18,10,39,35,20,51,79,9,21,6,28,28,13,5,33,53,33,53,29,42,43,48,54,63,25,46,29,12,35,40,24,50,40,63,30,14,28,40,59,8,33,10,61,10,4,12,54,89,46,17,70,13,40,3,3,5,10,12,5,35,13,32,22,31,16,32,37,9,3,32,27,27,61,30,30,39,6,74,35,42,30,51,8,59,27,35,49,30,17,8,14,18,35,14,18,3,29,47,21,33,26,46,20,21,12,15,39,49,45,50,60,1,27,20,25,5,22,66,39,86,33,44,21,37,70,16,7,12,15,2,39,13,46,10,28,61,14,5,44,,38,72,49,59,65,8,117,4,20,9,8,11,22,19,13,20,22,17,79,78,10,5,37,47,,7,63,86,3,15,8
20150109,23,O3_24h,65,58,51,66,40,33,50,63,71,39,55,58,31,32,51,22,47,52,43,75,83,75,97,96,84,101,73,105,76,74,93,141,69,90,90,104,77,113,96,99,94,121,109,117,69,115,85,63,26,39,70,93,70,94,136,118,82,97,125,128,120,100,62,102,14,44,56,54,98,32,56,71,47,40,56,38,54,74,65,39,107,24,66,85,34,57,30,82,25,46,44,14,40,54,45,111,128,132,153,85,126,128,99,184,92,42,71,63,92,42,59,38,38,25,30,48,65,57,57,59,54,63,69,36,33,60,68,96,35,30,75,98,23,49,101,140,86,111,45,51,23,57,70,71,44,34,43,72,95,74,53,50,86,101,66,64,79,48,29,28,45,51,32,37,52,11,16,41,32,48,110,107,96,90,86,119,56,83,101,108,76,106,89,98,55,29,103,40,110,47,93,39,76,86,45,88,71,46,82,81,72,51,89,44,37,35,57,47,43,51,63,65,38,60,49,64,61,70,69,72,56,64,83,59,99,83,46,62,91,126,63,59,91,78,94,78,93,81,111,83,32,68,93,99,88,60,108,103,102,44,49,69,75,60,72,111,43,87,85,78,66,124,85,75,16,99,62,121,101,83,74,68,47,88,75,86,67,107,22,90,57,58,60,55,46,60,58,61,54,44,33,30,71,79,50,61,35,59,64,72,43,55,67,55,76,67,76,60,42,35,44,50,58,69,44,89,35,96,72,81,95,55,68,55,69,36,93,66,88,64,55,82,83,67,95,,84,104,89,103,103,18,130,8,62,68,55,42,45,20,68,71,64,60,135,93,33,52,93,69,,39,112,149,32,42,35
20150109,23,O3_8h,24,15,20,21,10,9,15,20,26,14,15,19,11,17,20,9,25,19,17,18,28,25,30,34,29,40,30,33,28,27,38,65,27,39,37,43,21,35,32,44,50,41,46,45,29,83,55,27,12,17,30,27,39,43,75,72,42,43,62,65,66,68,34,92,5,20,15,7,87,13,25,38,25,14,25,9,20,44,28,21,75,5,13,24,6,27,10,35,11,20,15,5,14,41,10,51,109,103,124,47,95,97,66,137,44,29,25,39,37,29,31,25,12,6,9,12,29,18,25,27,40,25,40,17,13,19,23,49,15,17,33,51,11,28,77,94,61,96,29,24,10,16,56,38,21,6,33,11,54,29,28,24,70,58,30,49,49,20,14,7,16,15,7,13,45,2,5,19,16,12,71,27,37,22,27,40,21,19,54,61,15,66,50,22,23,12,50,19,70,20,58,16,51,44,25,36,26,19,47,43,33,47,71,19,17,9,38,31,20,13,38,49,29,51,35,50,45,49,42,65,31,41,47,17,57,48,26,35,56,70,38,25,40,50,67,34,51,33,73,36,14,37,67,93,68,30,90,47,32,11,14,30,35,25,23,41,17,38,37,32,21,46,45,31,14,46,40,72,65,40,37,50,19,60,48,58,41,84,11,69,30,43,47,37,28,31,33,40,42,19,21,13,44,54,38,43,26,48,35,47,13,27,51,45,59,51,66,8,25,25,26,27,42,67,39,78,34,76,49,68,82,30,29,29,34,12,48,29,55,27,33,63,47,27,58,,47,87,61,72,86,11,111,5,35,32,28,25,33,18,38,47,39,30,105,70,17,23,62,42,,16,64,103,7,21,9
20150109,23,O3_8h_24h,55,43,31,46,22,20,32,52,61,32,39,39,18,24,42,18,37,43,27,48,53,50,55,65,54,73,51,69,55,52,65,107,50,62,64,81,51,66,61,82,77,88,78,86,50,101,74,52,17,29,46,46,61,77,112,97,69,73,86,106,105,91,53,93,10,28,50,47,94,19,37,49,43,23,44,42,42,62,47,30,92,14,33,45,20,43,17,56,14,28,28,9,22,42,26,95,116,120,136,70,116,115,83,159,77,33,50,51,66,33,54,31,25,19,15,32,52,46,48,47,46,43,54,33,21,44,56,71,25,22,55,72,17,38,95,116,74,106,35,33,17,34,61,43,26,30,36,23,79,46,41,32,79,86,47,56,67,31,20,16,32,31,16,19,45,7,8,33,17,28,82,67,61,54,59,78,35,46,77,79,47,85,70,58,37,23,81,33,87,32,77,27,61,69,30,71,61,36,64,58,63,47,84,32,29,24,46,37,30,38,51,58,36,57,42,55,49,57,58,66,52,51,67,37,74,64,37,40,74,99,52,40,61,61,84,62,71,71,92,62,31,53,75,94,80,46,99,81,41,28,33,50,59,36,45,94,32,54,58,67,53,68,71,48,19,59,57,94,82,69,52,69,24,68,64,75,55,98,18,79,46,51,59,49,35,40,37,47,48,37,25,17,54,70,43,57,32,54,51,59,35,42,58,52,68,55,66,54,41,29,34,46,43,68,42,84,35,92,65,79,87,38,49,35,50,26,66,53,64,48,47,71,62,46,71,,62,100,76,97,96,14,118,6,53,55,39,31,38,19,46,50,49,40,124,88,22,32,70,60,,29,87,124,18,31,25
20150109,23,CO,3.075,2.175,3.398,1.394,1.599,4.569,4.82,1.457,1.417,2.003,4.513,2.235,7.303,2.808,4.533,2.923,0.709,2.475,1.387,2.629,1.942,2.971,2.27,3.085,2.753,2.079,2.151,2.191,1.794,1.782,2.097,1.792,2.622,2.41,2.099,1.835,1.379,1.795,2.366,1.388,1.603,1.683,1.522,0.967,2.539,0.585,0.782,1.501,2.986,3.025,4.208,2.166,1.538,1.581,1.427,1.576,1.629,1.807,1.572,1.251,1.714,1.158,0.959,0.798,1.536,1.254,0.903,1.577,0.859,2.7,4.081,2.089,2.087,3.469,1.737,1.626,3.938,0.592,1.292,1.687,0.677,4.144,2.53,2.339,4.453,2.868,4.575,2.258,1.612,3.497,3.555,3.218,2.462,0.732,2.218,1.359,0.919,1.832,1.161,1.317,1.361,1.106,1.658,1.41,1.737,1.438,4.348,2.614,5.922,6.091,1.753,1.023,2.161,4.6,3.755,3.185,1.862,2.523,1.758,1.159,2.03,2.341,1.518,4.265,5.661,3.907,4.273,1.513,2.496,2.347,2.923,2.033,2.355,3.883,0.902,1.695,1.176,0.738,0.795,1.393,1.957,0.574,2.152,0.863,0.978,1.513,1.572,1.475,2.148,5.96,2.095,1.652,1.255,0.417,1.851,1.858,2.701,2.721,2.587,4.931,3.119,3.288,2.901,2.368,2.857,3.779,3.957,1.194,1.696,3.62,1.427,3.474,2.289,3.524,,1.811,2.16,2.306,1.848,1.014,2.176,1.651,2.079,1.911,,0.573,1.894,3.811,0.873,2.789,1.993,2.729,4.697,3.353,3.165,4.047,1.079,0.983,1.591,1.112,1.223,0.296,1.22,2.872,2.329,2.663,2.028,1.186,3.184,2.568,0.705,0.753,1.072,1.949,1.282,0.506,0.763,0.914,0.468,1.187,0.518,2.095,1.65,1.708,2.334,3.577,0.459,2.273,4.095,1.959,1.729,1.797,1.149,2.486,0.69,1.048,1.43,1.261,0.893,1.323,2.135,1.334,1.45,1.577,1.657,1.214,1.199,1.204,2.982,4.405,2.784,2.529,2.227,4.864,2.367,1.626,3.046,0.504,2.768,1.907,2.758,2.181,1.857,4.231,0.962,1.326,1.306,2.485,2.887,1.301,0.516,2.05,0.637,1.642,1.355,1.093,1.432,1.255,1.051,1.164,0.897,0.921,0.727,0.467,0.792,1.061,1.236,0.75,1.216,2.606,1.576,1.402,0.894,0.489,1.176,0.67,0.706,1.225,1.718,1.447,1.293,0.889,0.712,0.855,1.305,1.034,1.664,1.496,0.788,1.032,0.869,0.639,0.708,1.471,1.278,0.07,0.784,2.204,3.809,1.337,0.392,3.133,3.897,2.162,1.209,2.243,2.024,1.958,0.639,12.32,0.766,3.149,2.343,2.903,1.848,,0.703,1.344,0.96,,0.513,1.101,0.483,2.077,1.106,1.878,5.961,2.906,3.761,0.647,2.285,6.889,2.112,3.672,3.82,2.072,4.05,3.223,2.685,0.679,,2.173,1.002,1.194,3.594,1.513,3.084
20150109,23,CO_24h,1.57,3.249,4.571,2.867,2.464,4.209,7.368,1.342,1.04,1.733,3.857,3.301,6.605,3.054,2.558,3.107,1.353,1.543,1.494,1.95,2.009,2.061,2.073,2.483,2.723,1.899,2.355,2.5,1.773,1.617,1.763,1.768,1.901,1.679,1.561,1.47,1.267,1.629,1.736,1.172,1.535,1.475,1.486,1.012,1.361,0.72,0.715,1.149,2.986,2.605,1.919,2.099,1.388,1.271,1.336,1.448,1.279,1.563,1.478,1.123,1.236,1.196,1.072,1.217,1.271,1.234,0.97,1.223,0.795,2.66,3.472,1.842,1.435,3.301,1.561,1.523,2.034,0.747,2.755,2.643,0.744,3.232,3.971,3.049,3.359,3.182,3.473,2.067,2.34,3.178,2.771,3.441,2.819,1.427,2.871,1.167,0.781,1.776,1.164,1.155,1.234,1.26,1.425,1.38,1.482,1.634,2.885,2.573,4.973,4.688,1.396,1.071,2.843,3.138,3.998,2.068,1.322,1.279,1.275,1.036,1.92,2.321,1.449,2.769,4.845,2.012,2.314,1.305,2.133,1.81,2.228,2.137,1.662,3.172,0.998,1.712,1.209,0.796,0.925,0.961,1.639,0.532,1.298,0.92,1.029,0.836,1.926,1.466,1.914,4.933,1.865,1.503,1.094,0.607,1.351,1.923,1.246,3.111,3.324,3.699,2.696,2.89,3.274,2.022,3.68,3.255,3.536,1.494,2.762,2.597,1.321,2.642,1.81,2.213,2.1,1.508,1.866,2.025,1.849,0.827,1.9,1.316,1.592,1.709,2.193,0.783,1.332,2.836,0.786,2.892,1.259,3.056,4.562,2.321,3.863,1.772,1.039,1.265,1.723,1.127,0.954,0.305,1.611,2.412,1.872,1.623,1.594,2.153,2.609,1.152,0.642,0.667,1.056,1.968,0.768,0.462,0.89,0.689,0.523,1.851,0.444,1.545,1.066,1.88,2.217,3.259,0.523,1.565,1.406,1.788,0.946,1.75,0.929,2.278,0.719,1.028,1.459,1.266,0.876,1.049,1.721,1.496,1.094,1.604,1.2,1.173,1.22,1.054,2.699,3.616,3.298,1.452,1.649,2.915,1.758,1.112,3.432,0.435,3.241,1.958,2.861,2.737,2.176,3.578,0.863,1.498,1.584,2.106,3.785,1.452,0.88,1.795,0.591,1.545,1.507,1.397,1.537,1.245,1.083,1.204,0.953,0.919,0.934,0.73,0.827,0.752,1.118,0.68,1.026,1.847,1.028,1.252,0.925,0.492,0.418,0.578,1.006,1.252,1.822,1.32,1.129,0.835,0.718,0.849,0.81,1.249,1.589,0.638,1.008,1.078,0.756,0.804,0.716,2.121,1.198,0.206,0.761,1.537,2.043,0.824,0.346,2.576,2.929,2.048,2.614,2.183,1.208,1.608,0.95,7.513,1.107,3.286,2.057,1.503,2.309,,1.697,1.388,0.437,0.228,0.463,1.212,0.601,1.615,0.738,1.345,3.903,2.218,3.212,0.744,2.002,3.922,1.565,4.79,2.15,2.064,4.108,4.141,2.399,0.547,,2.386,1.002,1.054,3.788,2.086,2.445
